# bin_4_3
5.836864716519344154e-06
5.402197948127416090e-06
4.923349652493347622e-06
4.415611250398938608e-06
3.893031178736845030e-06
3.370511215441143954e-06
2.863169513734872036e-06
2.384590310260577199e-06
1.945975488374883339e-06
1.555475917326837154e-06
1.217788654754874428e-06
9.340779395794157449e-07
7.023973857620343358e-07
5.183127787526439954e-07
3.758167531058925256e-07
2.681047732542228321e-07
1.884582709436050852e-07
1.305290883213163554e-07
8.909986809388601337e-08
6.022099561944840485e-08
