# bin_3_2
1.867064225691218078e-06
1.745472552022431780e-06
1.608091014488701715e-06
1.459209289307841277e-06
1.302851869502438398e-06
1.143438723381800207e-06
9.856088937532610039e-07
8.337255931314823203e-07
6.916124855027145291e-07
5.623171940047174517e-07
4.479628381380315036e-07
3.496394488494658464e-07
2.674324491973681492e-07
2.005814751413221703e-07
1.476528667576409768e-07
1.067337865666107648e-07
7.595924770535502168e-08
5.325760232243139464e-08
3.676878090449611163e-08
2.504245456526279783e-08
