# bin_3_1
5.101476223303884321e-07
4.726897724811728413e-07
4.319061864782132981e-07
3.890555000601389680e-07
3.452179111097162929e-07
3.015212989412187886e-07
2.590795374864272277e-07
2.188783822310818300e-07
1.817223354878513674e-07
1.481938358552676630e-07
1.186723866822934195e-07
9.330054119883960669e-08
7.200215016985313461e-08
5.456385122053181756e-08
4.062032002722963288e-08
2.961671716310659883e-08
2.132969449570507310e-08
1.514960814867279532e-08
1.056392817608400300e-08
7.242848735473161285e-09
