# bin_4_4
1.365620687620411775e-05
1.253063871825185592e-05
1.131680643806320525e-05
1.005366177658713976e-05
8.775963840496584536e-06
7.519448136537932491e-06
6.319145610776547364e-06
5.205082879975380231e-06
4.200474831444718264e-06
3.320479245882071106e-06
2.571617146813564788e-06
1.952293922623245261e-06
1.454127794423543794e-06
1.063850657054552880e-06
7.655686618478690273e-07
5.426041556598819035e-07
3.791877398770681532e-07
2.608444458480118816e-07
1.772275311622163086e-07
1.196891967766672769e-07
