# bin_4_1
3.639452428824148620e-07
3.349808527615874593e-07
3.039119027472905201e-07
2.717003484705986109e-07
2.391723064893263717e-07
2.071636348740508735e-07
1.764826995639607826e-07
1.478119029124487084e-07
1.216770985133051653e-07
9.842598362299966969e-08
7.823351564573846433e-08
6.110363013803175812e-08
4.689998488449860876e-08
3.538782094613431431e-08
2.626312821843582048e-08
1.913056142395352284e-08
1.373648277622455256e-08
9.740119861098754619e-09
6.801600787899430015e-09
4.672102037604673559e-09
