# bin_2_2
3.265997477647217242e-06
2.994225460598270899e-06
2.706513602229057029e-06
2.411789817680837615e-06
2.117276364315132953e-06
1.830138535394393980e-06
1.557033795108985998e-06
1.303392453783417733e-06
1.073219733189112449e-06
8.688699815784579718e-07
6.915406132497313697e-07
5.409823851068385289e-07
4.157687153851441017e-07
3.140415789510430131e-07
2.331565694429872460e-07
1.690891694189599034e-07
1.215574829030084141e-07
8.624316318378744444e-08
5.989134509987962131e-08
4.081172750354573212e-08
