# bin_3_3
7.168231444971503131e-06
6.671163549435210173e-06
6.115227866326961905e-06
5.518067589477335049e-06
4.896178929836350941e-06
4.267432801842267414e-06
3.650344184992721124e-06
3.062014151775110378e-06
2.517059793728016511e-06
2.026697899879496026e-06
1.598144006841957065e-06
1.234325711939073422e-06
9.342147593165066230e-07
6.934866631230697742e-07
5.054924999932420253e-07
3.622723344258234972e-07
2.556748608812986194e-07
1.778392679817445883e-07
1.218508205242927008e-07
8.250796462480407476e-08
