# bin_4_2
1.681559925796652615e-06
1.553577981714787494e-06
1.413683338357327654e-06
1.266306553152310928e-06
1.115454002141796873e-06
9.653258561921118153e-07
8.201305264884938282e-07
6.835895557187216659e-07
5.587185973335305081e-07
4.476627786543301908e-07
3.516035177489757525e-07
2.707752194399499332e-07
2.045714791258817780e-07
1.517454016201821834e-07
1.106293635059839694e-07
7.933203201669620610e-08
5.603751749332748337e-08
3.898528423180679784e-08
2.676658495961205042e-08
1.818681942447416469e-08
