# bin_1_1
9.621404292107996926e-07
9.121955112809889369e-07
8.548066164914631497e-07
7.915303312298734963e-07
7.237607983369566415e-07
6.530924806289027761e-07
5.812646315192041665e-07
5.099650177479372223e-07
4.407601252677543815e-07
3.750252103747833650e-07
3.139312326969044852e-07
2.583620250495232427e-07
2.089131752728712526e-07
1.659074834479295610e-07
1.293697408990993838e-07
9.889425452780574451e-08
7.433524185877254363e-08
5.495716163407999900e-08
3.988884091701256206e-08
2.845561370024356609e-08
