# bin_2_1
8.310268545794170901e-07
7.961823926936946468e-07
7.528567878074026822e-07
7.022211482292825869e-07
6.455124555398673276e-07
5.842684617263103234e-07
5.202893593594334149e-07
4.554504750018645788e-07
3.916039040513748376e-07
3.304770415434714185e-07
2.735509035659814905e-07
2.219815574943190476e-07
1.765480351315569437e-07
1.376077667892083326e-07
1.051441493644346844e-07
7.880142247743552141e-08
5.795048416153561672e-08
4.189531278185448241e-08
2.980037284078127993e-08
2.086788655639877612e-08
