# k_h
1.047257501340936869e-05
1.156860798801062629e-05
1.277934916288359091e-05
1.411680295859696344e-05
1.559423253638669848e-05
1.722628439893014729e-05
1.902914300444535911e-05
2.102068356180097908e-05
2.322065483895130455e-05
2.565087015682365745e-05
2.833542384905740619e-05
3.130093682557344437e-05
3.457681305008009076e-05
3.819553603534586728e-05
4.219297989038750529e-05
4.660879130824469030e-05
5.148674972588196397e-05
5.687521843356080353e-05
6.282763206399977207e-05
6.940301682334393263e-05
7.666655437787994742e-05
8.469028398394584656e-05
9.355375368613749743e-05
1.033448497764766216e-04
1.141606553574092686e-04
1.261084107682108879e-04
1.393066049786284566e-04
1.538860669825226068e-04
1.699913991615176201e-04
1.877822651294991374e-04
2.074350777547806501e-04
2.291447017341852188e-04
2.531264035496860743e-04
2.796179614961147308e-04
3.088820667471736670e-04
3.412088553886860609e-04
3.769189061131328344e-04
4.163662961218506098e-04
4.599421226885169744e-04
5.080784903839230537e-04
5.612527020275592804e-04
6.199919735081493855e-04
6.848787306807935238e-04
7.565564010292291641e-04
8.357356418855488300e-04
9.232015581801533699e-04
1.019821502268314362e-03
1.126553397625684738e-03
1.244455575942993164e-03
1.374697196297347546e-03
1.518569421023130417e-03
1.677499036304652691e-03
1.853061839938163757e-03
2.046998590230941772e-03
2.261232119053602219e-03
2.497887006029486656e-03
2.759309485554695129e-03
3.048091661185026169e-03
3.367097117006778717e-03
3.719488857313990593e-03
4.108760971575975418e-03
4.538773559033870697e-03
5.013789981603622437e-03
5.538520403206348419e-03
6.118167657405138016e-03
6.758479867130517960e-03
7.465804927051067352e-03
8.247156627476215363e-03
9.110283106565475464e-03
1.006374228745698929e-02
1.111698802560567856e-02
1.228046324104070663e-02
1.356570515781641006e-02
1.498545706272125244e-02
1.655379682779312134e-02
1.828627474606037140e-02
2.020006999373435974e-02
2.231415733695030212e-02
2.464950084686279297e-02
2.722925320267677307e-02
3.007899783551692963e-02
3.322698920965194702e-02
3.670443966984748840e-02
4.054583236575126648e-02
4.478925839066505432e-02
4.926818236708641052e-02
5.374711006879806519e-02
5.822603404521942139e-02
6.270495802164077759e-02
6.718388944864273071e-02
7.166281342506408691e-02
7.614173740148544312e-02
8.062066137790679932e-02
8.509959280490875244e-02
8.957851678133010864e-02
9.405744075775146484e-02
1.007694900035858154e-01
1.074815467000007629e-01
1.141935959458351135e-01
1.209056526422500610e-01
1.276177018880844116e-01
1.343297511339187622e-01
1.410418003797531128e-01
1.477538496255874634e-01
1.544659137725830078e-01
1.611779630184173584e-01
1.678900122642517090e-01
1.746020615100860596e-01
1.813141107559204102e-01
1.880261749029159546e-01
1.947382241487503052e-01
2.014502733945846558e-01
2.081623226404190063e-01
2.148743718862533569e-01
2.215864211320877075e-01
2.282984852790832520e-01
2.350105345249176025e-01
2.417225837707519531e-01
2.484346330165863037e-01
2.551466822624206543e-01
2.618587315082550049e-01
2.685707807540893555e-01
2.752828299999237061e-01
2.819948792457580566e-01
2.887069582939147949e-01
2.954190075397491455e-01
3.021310567855834961e-01
3.088431060314178467e-01
3.155551552772521973e-01
3.222672045230865479e-01
3.289792537689208984e-01
3.356913030147552490e-01
3.424033522605895996e-01
3.491154015064239502e-01
3.558274507522583008e-01
3.625395298004150391e-01
3.692515790462493896e-01
3.759636282920837402e-01
3.826756775379180908e-01
3.893877267837524414e-01
3.960997760295867920e-01
4.028118252754211426e-01
4.095238745212554932e-01
4.162359237670898438e-01
4.229479730129241943e-01
4.296600222587585449e-01
4.363720715045928955e-01
4.430841505527496338e-01
4.497961997985839844e-01
4.565082490444183350e-01
4.632202982902526855e-01
4.699323475360870361e-01
4.766443967819213867e-01
4.833564460277557373e-01
4.900684952735900879e-01
4.967805445194244385e-01
5.034925937652587891e-01
5.102046728134155273e-01
5.169166922569274902e-01
5.236287713050842285e-01
6.543401479721069336e-01
9.132052659988403320e-01
1.274480581283569336e+00
1.778680920600891113e+00
2.482349157333374023e+00
3.464397430419921875e+00
4.834956169128417969e+00
6.747724533081054688e+00
9.417208671569824219e+00
1.314277362823486328e+01
1.834221839904785156e+01
2.559862709045410156e+01
3.572576141357421875e+01
4.985931777954101562e+01
6.958428192138671875e+01
9.711268615722656250e+01
1.355316772460937500e+02
1.891496887207031250e+02
