# bin_2_1
4.151908880677060890e-07
3.898294646593615798e-07
3.601584463653624651e-07
3.271060807825509660e-07
2.916350166040026335e-07
2.548483241108896268e-07
2.179412986014617126e-07
1.820785460362913579e-07
1.483247968367887199e-07
1.175798828624367378e-07
9.050906506978084156e-08
6.750758094157513501e-08
4.869856704422356615e-08
3.391730059962559665e-08
2.279353085802142417e-08
1.479125417725322289e-08
9.269973595079317087e-09
5.679044044363446460e-09
3.437365105949167938e-09
2.079367189219599470e-09
