# bin_3_3
3.435146163269186862e-06
3.107564059797270895e-06
2.757194871602564597e-06
2.396393940329459479e-06
2.036286250489960048e-06
1.688022989019135150e-06
1.362213152691709040e-06
1.067689022351127079e-06
8.108827287612393773e-07
5.954207462928841146e-07
4.219886248079258268e-07
2.883889483916837569e-07
1.901756236721356560e-07
1.214786148011425036e-07
7.580896839821216220e-08
4.689462240484894213e-08
2.941610926665638617e-08
1.910051919433534048e-08
1.261928813685633208e-08
8.691169217436900350e-09
