# bin_3_1
2.418044944004484887e-07
2.182680985843432191e-07
1.936429927893599096e-07
1.687487279940571280e-07
1.442619722281417096e-07
1.208344396211310994e-07
9.905244423533276689e-08
7.937497699961770061e-08
6.210525786154283848e-08
4.738480324674258734e-08
3.522675961165411243e-08
2.550662658615695191e-08
1.797358737649048823e-08
1.235124481164318536e-08
8.301419280576150486e-09
5.361654760688924090e-09
3.503803834204057512e-09
2.309430649137595304e-09
1.494246979229085323e-09
9.495554421937856902e-10
