# bin_3_2
9.005277116502921142e-07
8.198929119180586615e-07
7.327628202657416754e-07
6.421728044743262673e-07
5.508786672907800601e-07
4.616832577040737951e-07
3.772973135510575770e-07
3.000419187686173911e-07
2.316899363717497224e-07
1.733542851611382839e-07
1.254532597184802044e-07
8.770190970980379038e-08
5.920209339848428383e-08
3.866214177535441958e-08
2.454969070454678068e-08
1.523357007613230849e-08
9.469341084290632314e-09
5.996052449688854094e-09
3.864477304172195452e-09
2.550107015339082877e-09
