# bin_2_2
1.519334870879229593e-06
1.354745784704422017e-06
1.187192308782752556e-06
1.022147808074182848e-06
8.637957543015386955e-07
7.159085883937737814e-07
5.815828659396306558e-07
4.628833774325758029e-07
3.607712164666301704e-07
2.751481910061937973e-07
2.053352709520886226e-07
1.499554536131548923e-07
1.070283191591774785e-07
7.485509585688279374e-08
5.140765795993813051e-08
3.353042738965478666e-08
2.250640451788238230e-08
1.524088792903267262e-08
9.939294721980931973e-09
6.298221943694420381e-09
