# bin_4_3
2.771384741437536428e-06
2.489382478907430642e-06
2.192059138552686403e-06
1.889852483982102309e-06
1.591965439769310110e-06
1.307414167637553024e-06
1.044552339170691255e-06
8.100397165877136466e-07
6.083818207967235147e-07
4.416828960117402920e-07
3.095903110491086125e-07
2.094835315366902573e-07
1.371410619639073010e-07
8.738064662485672769e-08
5.481400212344646029e-08
3.444509089737984842e-08
2.217054728924608303e-08
1.474539835690687650e-08
9.896402677976808261e-09
7.091817957135268845e-09
