# bin_4_2
1.226517276638043087e-05
1.160156785293517845e-05
1.075667986984569675e-05
9.769992769538373271e-06
8.690096250915987970e-06
7.572721101202310994e-06
6.473893265262703452e-06
5.441940045547842105e-06
4.512853026930493737e-06
3.708246160664770591e-06
3.035615534913744435e-06
2.490453426954175366e-06
2.059359221236883264e-06
1.723599164642527046e-06
1.462456540742410697e-06
1.255969093913477529e-06
1.087042389666349235e-06
9.423448364361849889e-07
8.127677288098773260e-07
6.930237831880194562e-07
