# bin_2_1
3.853841596249062379e-06
3.754627430292248171e-06
3.596913254417515918e-06
3.383333429763296858e-06
3.120236318581886254e-06
2.818641330373396475e-06
2.493263450139838464e-06
2.160370439853969001e-06
1.835691191226629569e-06
1.532620542224378951e-06
1.260940030941463797e-06
1.026352590201612900e-06
8.306409942753346086e-07
6.722716803802419608e-07
5.473143740930814895e-07
4.503952455213865442e-07
3.755800248773610809e-07
3.172580812095725713e-07
2.705051870082645693e-07
2.314847394264366635e-07
