# bin_4_1
5.636021492488357214e-06
5.392571694716290729e-06
5.064532979134124969e-06
4.663683195642816743e-06
4.206740908217878526e-06
3.715621516107049045e-06
3.215020595115620831e-06
2.728792899322302601e-06
2.277159570090963364e-06
1.874813120585394190e-06
1.530063722835314755e-06
1.245088488770310088e-06
1.016908892101950390e-06
8.388343872388064671e-07
7.020424153704864183e-07
5.969903190488061376e-07
5.148196980072316661e-07
4.478439556321575420e-07
3.902206484981072845e-07
3.382945913649224118e-07
