# bin_4_4
3.789620338776893854e-05
3.503498699989545268e-05
3.177107011063583458e-05
2.826750138949899965e-05
2.468502906243491473e-05
2.117866280071669483e-05
1.788340255319278724e-05
1.489907738921697875e-05
1.228642243020041229e-05
1.006851334200036988e-05
8.235786294646373841e-06
6.754065859906741340e-06
5.573572178140465133e-06
4.637560812620050151e-06
3.890133261071053026e-06
3.281634123637927894e-06
2.772383396786339051e-06
2.333040357694098300e-06
1.944176490029742300e-06
1.594669512843414953e-06
