# bin_3_3
2.187309923525173198e-05
2.060418046397648328e-05
1.903310985630479052e-05
1.723547406364341980e-05
1.529848622446958336e-05
1.331735151557274775e-05
1.138408173981087980e-05
9.575290611040181940e-06
7.946314483651005560e-06
6.529361252127352415e-06
5.334805788979852343e-06
4.354664594278070852e-06
3.567612092918341872e-06
2.944306199372734368e-06
2.452311555467899620e-06
2.060279589877728959e-06
1.741009672819652897e-06
1.472985288509977696e-06
1.240931024179385846e-06
1.034515574508394218e-06
