# bin_2_2
8.780682287058391347e-06
8.339732841148280717e-06
7.787441958300745108e-06
7.141272177020250762e-06
6.424181999279054868e-06
5.666256100818056650e-06
4.901271606806774004e-06
4.161642990666703426e-06
3.474689382557558778e-06
2.860014168487512649e-06
2.328944100795111672e-06
1.884503373441200801e-06
1.522808558692196144e-06
1.235435606567198301e-06
1.010813357526478395e-06
8.352361539592644170e-07
6.992557529442904599e-07
5.908176177765159495e-07
5.008223077901767720e-07
4.237119760969686973e-07
