# bin_4_3
2.441594709615258456e-05
2.282686765855448569e-05
2.091452007695625596e-05
1.877927447933197105e-05
1.652977446791569209e-05
1.427741830580944215e-05
1.212386491713309151e-05
1.014843687071853405e-05
8.403292213583444866e-06
6.913190505546061718e-06
5.678483101433220436e-06
4.680322869834152702e-06
3.887214510268235998e-06
3.261291849329173507e-06
2.763978540524807005e-06
2.360275220857409506e-06
2.021648448137702817e-06
1.727195850566622202e-06
1.463172055362834592e-06
1.220732447563157355e-06
