# bin_1_1
2.735143979103775354e-06
2.664180668141523124e-06
2.558099172869393854e-06
2.417729807788930695e-06
2.245572235118794589e-06
2.046933727524885452e-06
1.829701091898651843e-06
1.603333616156573126e-06
1.377716079304908087e-06
1.161998471313986129e-06
9.636297554799634027e-07
7.877452421283472977e-07
6.370180162518896243e-07
5.118675803497687558e-07
4.108522511669919790e-07
3.310505419198157820e-07
2.692672183302343184e-07
2.216815485134005007e-07
1.846200943782917087e-07
1.551416120738085411e-07
