# bin_3_2
1.062596800330342718e-05
1.013327511510911952e-05
9.475499205956842015e-06
8.680890104204874261e-06
7.787427798604592224e-06
6.841620362519681631e-06
5.892598088097042841e-06
4.984823895428765615e-06
4.153390056817891038e-06
3.421510598550721224e-06
2.800140433079436988e-06
2.289284245431589719e-06
1.880403138394460680e-06
1.559352393218271122e-06
1.309243839011364210e-06
1.112903243368376936e-06
9.550726969636336243e-07
8.231915904542312634e-07
7.080948911200183652e-07
6.039262251564626553e-07
