# bin_3_1
5.011168199315512921e-06
4.825412960212936459e-06
4.561727817909229188e-06
4.228364449557369846e-06
3.838497153559677777e-06
3.410772190971569387e-06
2.967191255941010282e-06
2.529813771467723534e-06
2.118062050887260951e-06
1.746742279748117596e-06
1.425035878425278551e-06
1.156462158733860465e-06
9.396201696964850931e-07
7.694385981038272171e-07
6.385185462599635660e-07
5.383869522777216688e-07
4.611153694492747177e-07
3.994145114910866276e-07
3.475143310277384303e-07
3.014969932797084284e-07
