# theta
# unit = radians
8.229387690873494164e-04
1.036064005890620626e-03
1.304352096216184701e-03
1.642127882053423310e-03
2.067361448446826747e-03
2.602802414643366497e-03
3.276565214141882992e-03
4.124979260334946281e-03
5.193234685324933653e-03
6.537672584372390336e-03
8.230726304870724860e-03
1.036155036403195624e-02
1.304433902723648765e-02
1.642187056261512276e-02
2.067347733315703234e-02
2.602584821301817675e-02
3.276410623739660355e-02
4.124591051912492728e-02
5.192413877239702297e-02
6.536837367894852979e-02
