# theta_edges
# unit = radians
7.272205216643039781e-04
9.155163947014029711e-04
1.152566854203775039e-03
1.450995701548795465e-03
1.826695361083884288e-03
2.299673209675023346e-03
2.895117042482143674e-03
3.644736414899143670e-03
4.588451292008100327e-03
5.776517932288779272e-03
7.272205216643041516e-03
9.155163947014032313e-03
1.152566854203775429e-02
1.450995701548796202e-02
1.826695361083884375e-02
2.299673209675023866e-02
2.895117042482144021e-02
3.644736414899144017e-02
4.588451292008105531e-02
5.776517932288777885e-02
7.272205216643039261e-02
