# ee
3.839281573891639709e-02
6.158244982361793518e-02
6.775613874197006226e-02
5.853132903575897217e-02
4.193761944770812988e-02
2.594100870192050934e-02
1.489451527595520020e-02
9.256627410650253296e-03
7.226628251373767853e-03
6.649378687143325806e-03
6.132391281425952911e-03
5.491909570991992950e-03
4.848721437156200409e-03
4.462388809770345688e-03
4.537651315331459045e-03
4.921201150864362717e-03
5.406836979091167450e-03
5.934835411608219147e-03
6.507884711027145386e-03
7.231854368001222610e-03
8.213859051465988159e-03
9.462836198508739471e-03
1.096077263355255127e-02
1.268003787845373154e-02
1.459678262472152710e-02
1.671191118657588959e-02
1.903172582387924194e-02
2.155931666493415833e-02
2.429661341011524200e-02
2.724405564367771149e-02
3.040087223052978516e-02
3.376295045018196106e-02
3.733630105853080750e-02
4.117082431912422180e-02
4.531316086649894714e-02
4.975307360291481018e-02
5.447150021791458130e-02
5.947099253535270691e-02
6.475951522588729858e-02
7.034407556056976318e-02
7.622795552015304565e-02
8.241347968578338623e-02
8.890295773744583130e-02
9.569873660802841187e-02
1.028036177158355713e-01
1.102223843336105347e-01
1.179602891206741333e-01
1.260225772857666016e-01
1.344145387411117554e-01
1.431405246257781982e-01
1.522013396024703979e-01
1.615969240665435791e-01
1.713272035121917725e-01
1.813920885324478149e-01
1.917905956506729126e-01
2.025180906057357788e-01
2.135690301656723022e-01
2.249378710985183716e-01
2.366190999746322632e-01
2.486076653003692627e-01
2.609006166458129883e-01
2.734954655170440674e-01
2.863898575305938721e-01
2.995813190937042236e-01
3.130660653114318848e-01
3.268350660800933838e-01
3.408778905868530273e-01
3.551841974258422852e-01
3.697435259819030762e-01
3.845456838607788086e-01
3.995808362960815430e-01
4.148392975330352783e-01
4.303113520145416260e-01
4.459873437881469727e-01
4.618568420410156250e-01
4.779067337512969971e-01
4.941231310367584229e-01
5.104922652244567871e-01
5.270001888275146484e-01
5.436331629753112793e-01
5.603779554367065430e-01
5.772213339805603027e-01
5.941501855850219727e-01
6.111512780189514160e-01
6.282110214233398438e-01
6.453144550323486328e-01
6.624460220336914062e-01
6.795902252197265625e-01
6.967317461967468262e-01
7.138549089431762695e-01
7.309433817863464355e-01
7.479805946350097656e-01
7.649501562118530273e-01
7.818354964256286621e-01
7.986201643943786621e-01
8.152875900268554688e-01
8.318213820457458496e-01
8.482049107551574707e-01
8.644217848777770996e-01
8.804554343223571777e-01
8.962894082069396973e-01
9.119072556495666504e-01
9.272923469543457031e-01
9.424281716346740723e-01
9.572983980178833008e-01
9.718863964080810547e-01
9.861757755279541016e-01
1.000149846076965332e+00
1.013792157173156738e+00
1.027087450027465820e+00
1.040023803710937500e+00
1.052590608596801758e+00
1.064777135848999023e+00
1.076572775840759277e+00
1.087966799736022949e+00
1.098948717117309570e+00
1.109507560729980469e+00
1.119632840156555176e+00
1.129313826560974121e+00
1.138539791107177734e+00
1.147300124168395996e+00
1.155584216117858887e+00
1.163381218910217285e+00
1.170680522918701172e+00
1.177471518516540527e+00
1.183743596076965332e+00
1.189485788345336914e+00
1.194687604904174805e+00
1.199338316917419434e+00
1.203429818153381348e+00
1.206963181495666504e+00
1.209942102432250977e+00
1.212370395660400391e+00
1.214251637458801270e+00
1.215589761734008789e+00
1.216387987136840820e+00
1.216650366783142090e+00
1.216380476951599121e+00
1.215582013130187988e+00
1.214258670806884766e+00
1.212414026260375977e+00
1.210052013397216797e+00
1.207175970077514648e+00
1.203789830207824707e+00
1.199897289276123047e+00
1.195501804351806641e+00
1.190607428550720215e+00
1.185217499732971191e+00
1.179335832595825195e+00
1.172969579696655273e+00
1.166139125823974609e+00
1.158868193626403809e+00
1.151180863380432129e+00
1.143101096153259277e+00
1.134652376174926758e+00
1.125858902931213379e+00
1.116744399070739746e+00
1.107332587242126465e+00
1.097647666931152344e+00
1.087713241577148438e+00
1.077553272247314453e+00
1.067191600799560547e+00
1.056652069091796875e+00
1.045958399772644043e+00
1.035134792327880859e+00
1.024204850196838379e+00
1.013192415237426758e+00
1.002121567726135254e+00
9.910159707069396973e-01
9.798995852470397949e-01
9.687961935997009277e-01
9.577297568321228027e-01
9.467240571975708008e-01
9.358030557632446289e-01
9.249941110610961914e-01
9.143396615982055664e-01
9.038858413696289062e-01
8.936784863471984863e-01
8.837637901306152344e-01
8.741875290870666504e-01
8.649958372116088867e-01
8.562348484992980957e-01
8.479503989219665527e-01
8.401885628700256348e-01
8.329954147338867188e-01
8.264169096946716309e-01
8.204991221427917480e-01
8.152880072593688965e-01
8.108295798301696777e-01
8.071699738502502441e-01
8.043550252914428711e-01
8.024308085441589355e-01
8.014434576034545898e-01
8.014388680458068848e-01
8.024630546569824219e-01
8.045620918273925781e-01
8.077819943428039551e-01
8.121687769889831543e-01
8.177683353424072266e-01
8.246259093284606934e-01
8.327826857566833496e-01
8.422789573669433594e-01
8.531551361083984375e-01
8.654514551162719727e-01
8.792083263397216797e-01
8.944660425186157227e-01
9.112647771835327148e-01
9.296451210975646973e-01
9.496471881866455078e-01
9.713113307952880859e-01
9.946780204772949219e-01
1.019787311553955078e+00
1.046679854393005371e+00
1.075395703315734863e+00
1.105975389480590820e+00
1.138458967208862305e+00
1.172886967658996582e+00
1.209299683570861816e+00
1.247737407684326172e+00
1.288240432739257812e+00
1.330849170684814453e+00
1.375603914260864258e+00
1.422544956207275391e+00
1.471712470054626465e+00
1.523147106170654297e+00
1.576889038085937500e+00
1.632978439331054688e+00
1.691455841064453125e+00
1.752361416816711426e+00
1.815735697746276855e+00
1.881618618965148926e+00
1.950051069259643555e+00
2.021072626113891602e+00
2.094724416732788086e+00
2.171046257019042969e+00
2.250078439712524414e+00
2.331861734390258789e+00
2.416435956954956055e+00
2.503841638565063477e+00
2.594119310379028320e+00
2.687308788299560547e+00
2.783450841903686523e+00
2.882585763931274414e+00
2.984753608703613281e+00
3.089994907379150391e+00
3.198349952697753906e+00
3.309859037399291992e+00
3.424562215805053711e+00
3.542500257492065430e+00
3.663701772689819336e+00
3.788146495819091797e+00
3.915803909301757812e+00
4.046642780303955078e+00
4.180631160736083984e+00
4.317738056182861328e+00
4.457932472229003906e+00
4.601182937622070312e+00
4.747458457946777344e+00
4.896727085113525391e+00
5.048958778381347656e+00
5.204121112823486328e+00
5.362182617187500000e+00
5.523112773895263672e+00
5.686880588531494141e+00
5.853453636169433594e+00
6.022801399230957031e+00
6.194892883300781250e+00
6.369696140289306641e+00
6.547180175781250000e+00
6.727313995361328125e+00
6.910065650939941406e+00
7.095404624938964844e+00
7.283298969268798828e+00
7.473717689514160156e+00
7.666630268096923828e+00
7.862003803253173828e+00
8.059808731079101562e+00
8.260012626647949219e+00
8.462584495544433594e+00
8.667492866516113281e+00
8.874707221984863281e+00
9.084195137023925781e+00
9.295927047729492188e+00
9.509869575500488281e+00
9.725993156433105469e+00
9.944266319274902344e+00
1.016465568542480469e+01
1.038713264465332031e+01
1.061166477203369141e+01
1.083822059631347656e+01
1.106677055358886719e+01
1.129728031158447266e+01
1.152972126007080078e+01
1.176406002044677734e+01
1.200026798248291016e+01
1.223831081390380859e+01
1.247815990447998047e+01
1.271978187561035156e+01
1.296314716339111328e+01
1.320821189880371094e+01
1.345488929748535156e+01
1.370307826995849609e+01
1.395268154144287109e+01
1.420359802246093750e+01
1.445573139190673828e+01
1.470897960662841797e+01
1.496324348449707031e+01
1.521842479705810547e+01
1.547442436218261719e+01
1.573114299774169922e+01
1.598847961425781250e+01
1.624633789062500000e+01
1.650461578369140625e+01
1.676321601867675781e+01
1.702203750610351562e+01
1.728098487854003906e+01
1.753995323181152344e+01
1.779884719848632812e+01
1.805756568908691406e+01
1.831601142883300781e+01
1.857408332824707031e+01
1.883168220520019531e+01
1.908870887756347656e+01
1.934506607055664062e+01
1.960065269470214844e+01
1.985536766052246094e+01
2.010911560058593750e+01
2.036179733276367188e+01
2.061330795288085938e+01
2.086355400085449219e+01
2.111243438720703125e+01
2.135984992980957031e+01
2.160569953918457031e+01
2.184988594055175781e+01
2.209230995178222656e+01
2.233287239074707031e+01
2.257147216796875000e+01
2.280801200866699219e+01
2.304239082336425781e+01
2.327451133728027344e+01
2.350427436828613281e+01
2.373157691955566406e+01
2.395632362365722656e+01
2.417841529846191406e+01
2.439775085449218750e+01
2.461423110961914062e+01
2.482775688171386719e+01
2.503823089599609375e+01
2.524555015563964844e+01
2.544962501525878906e+01
2.565039443969726562e+01
2.584780120849609375e+01
2.604179191589355469e+01
2.623231124877929688e+01
2.641930198669433594e+01
2.660271263122558594e+01
2.678248596191406250e+01
2.695856475830078125e+01
2.713090133666992188e+01
2.729943275451660156e+01
2.746410751342773438e+01
2.762487030029296875e+01
2.778166961669921875e+01
2.793444252014160156e+01
2.808313941955566406e+01
2.822770690917968750e+01
2.836808586120605469e+01
2.850422286987304688e+01
2.863606452941894531e+01
2.876355361938476562e+01
2.888663482666015625e+01
2.900525474548339844e+01
2.911935806274414062e+01
2.922888946533203125e+01
2.933379173278808594e+01
2.943401527404785156e+01
2.952950096130371094e+01
2.962019538879394531e+01
2.970604324340820312e+01
2.978698730468750000e+01
2.986297607421875000e+01
2.993395042419433594e+01
2.999986076354980469e+01
3.006064796447753906e+01
3.011626052856445312e+01
3.016663742065429688e+01
3.021172904968261719e+01
3.025148200988769531e+01
3.028583335876464844e+01
3.031473541259765625e+01
3.033813095092773438e+01
3.035596275329589844e+01
3.036818122863769531e+01
3.037472343444824219e+01
3.037554168701171875e+01
3.037057495117187500e+01
3.035977554321289062e+01
3.034308242797851562e+01
3.032044219970703125e+01
3.029182052612304688e+01
3.025727272033691406e+01
3.021686935424804688e+01
3.017068481445312500e+01
3.011879539489746094e+01
3.006127357482910156e+01
2.999819183349609375e+01
2.992962265014648438e+01
2.985564422607421875e+01
2.977632713317871094e+01
2.969174575805664062e+01
2.960197639465332031e+01
2.950709152221679688e+01
2.940715980529785156e+01
2.930226135253906250e+01
2.919246864318847656e+01
2.907785606384277344e+01
2.895849227905273438e+01
2.883445549011230469e+01
2.870582199096679688e+01
2.857266044616699219e+01
2.843504714965820312e+01
2.829305458068847656e+01
2.814675903320312500e+01
2.799623107910156250e+01
2.784154701232910156e+01
2.768277931213378906e+01
2.752000236511230469e+01
2.735329055786132812e+01
2.718271636962890625e+01
2.700835418701171875e+01
2.683027839660644531e+01
2.664855957031250000e+01
2.646327590942382812e+01
2.627449989318847656e+01
2.608230400085449219e+01
2.588676261901855469e+01
2.568795013427734375e+01
2.548593902587890625e+01
2.528080558776855469e+01
2.507262039184570312e+01
2.486145973205566406e+01
2.464739608764648438e+01
2.443050384521484375e+01
2.421085739135742188e+01
2.398852920532226562e+01
2.376359367370605469e+01
2.353612327575683594e+01
2.330619621276855469e+01
2.307388114929199219e+01
2.283926391601562500e+01
2.260247993469238281e+01
2.236366653442382812e+01
2.212297248840332031e+01
2.188053512573242188e+01
2.163650131225585938e+01
2.139101219177246094e+01
2.114420890808105469e+01
2.089623832702636719e+01
2.064723968505859375e+01
2.039735603332519531e+01
2.014673233032226562e+01
1.989550971984863281e+01
1.964383125305175781e+01
1.939183998107910156e+01
1.913968086242675781e+01
1.888749313354492188e+01
1.863542175292968750e+01
1.838360786437988281e+01
1.813219642639160156e+01
1.788132858276367188e+01
1.763114738464355469e+01
1.738179588317871094e+01
1.713341903686523438e+01
1.688615417480468750e+01
1.664015007019042969e+01
1.639554595947265625e+01
1.615248680114746094e+01
1.591111469268798828e+01
1.567157077789306641e+01
1.543400096893310547e+01
1.519854450225830078e+01
1.496534729003906250e+01
1.473455047607421875e+01
1.450629806518554688e+01
1.428072929382324219e+01
1.405799198150634766e+01
1.383822631835937500e+01
1.362157726287841797e+01
1.340818500518798828e+01
1.319819164276123047e+01
1.299174308776855469e+01
1.278898048400878906e+01
1.259004688262939453e+01
1.239508533477783203e+01
1.220423889160156250e+01
1.201764965057373047e+01
1.183545970916748047e+01
1.165781307220458984e+01
1.148485279083251953e+01
1.131670761108398438e+01
1.115344810485839844e+01
1.099513244628906250e+01
1.084181785583496094e+01
1.069356155395507812e+01
1.055042171478271484e+01
1.041245651245117188e+01
1.027972126007080078e+01
1.015227413177490234e+01
1.003017425537109375e+01
9.913476943969726562e+00
9.802241325378417969e+00
9.696523666381835938e+00
9.596381187438964844e+00
9.501873970031738281e+00
9.413056373596191406e+00
9.329986572265625000e+00
9.252723693847656250e+00
9.181324005126953125e+00
9.115844726562500000e+00
9.056344985961914062e+00
9.002879142761230469e+00
8.955507278442382812e+00
8.914285659790039062e+00
8.879272460937500000e+00
8.850524902343750000e+00
8.828101158142089844e+00
8.812057495117187500e+00
8.802452087402343750e+00
8.799342155456542969e+00
8.802784919738769531e+00
8.812837600708007812e+00
8.829559326171875000e+00
8.853005409240722656e+00
8.883234977722167969e+00
8.920305252075195312e+00
8.964272499084472656e+00
9.015195846557617188e+00
9.073131561279296875e+00
9.138137817382812500e+00
9.210271835327148438e+00
9.289590835571289062e+00
9.376152992248535156e+00
9.470014572143554688e+00
9.571234703063964844e+00
9.679869651794433594e+00
9.795976638793945312e+00
9.919613838195800781e+00
1.005083942413330078e+01
1.018970870971679688e+01
1.033625411987304688e+01
1.049039840698242188e+01
1.065203571319580078e+01
1.082106399536132812e+01
1.099737739562988281e+01
1.118087196350097656e+01
1.137144279479980469e+01
1.156898689270019531e+01
1.177340030670166016e+01
1.198457813262939453e+01
1.220241451263427734e+01
1.242680835723876953e+01
1.265765285491943359e+01
1.289484500885009766e+01
1.313828086853027344e+01
1.338785457611083984e+01
1.364346408843994141e+01
1.390500354766845703e+01
1.417236900329589844e+01
1.444545555114746094e+01
1.472416210174560547e+01
1.500838088989257812e+01
1.529800891876220703e+01
1.559294128417968750e+01
1.589307498931884766e+01
1.619830703735351562e+01
1.650852966308593750e+01
1.682363891601562500e+01
1.714353370666503906e+01
1.746810722351074219e+01
1.779725646972656250e+01
1.813087654113769531e+01
1.846886444091796875e+01
1.881111526489257812e+01
1.915752220153808594e+01
1.950798416137695312e+01
1.986239624023437500e+01
2.022065544128417969e+01
2.058265304565429688e+01
2.094829177856445312e+01
2.131746101379394531e+01
2.169005775451660156e+01
2.206598091125488281e+01
2.244512557983398438e+01
2.282738304138183594e+01
2.321265411376953125e+01
2.360083198547363281e+01
2.399181365966796875e+01
2.438549423217773438e+01
2.478176879882812500e+01
2.518052291870117188e+01
2.558160018920898438e+01
2.598482894897460938e+01
2.639003753662109375e+01
2.679706192016601562e+01
2.720572853088378906e+01
2.761587333679199219e+01
2.802731895446777344e+01
2.843990135192871094e+01
2.885345077514648438e+01
2.926779747009277344e+01
2.968277168273925781e+01
3.009820365905761719e+01
3.051392555236816406e+01
3.092976570129394531e+01
3.134555816650390625e+01
3.176113319396972656e+01
3.217631530761718750e+01
3.259094238281250000e+01
3.300484466552734375e+01
3.341785049438476562e+01
3.382978439331054688e+01
3.424048995971679688e+01
3.464978790283203125e+01
3.505751037597656250e+01
3.546349334716796875e+01
3.586756134033203125e+01
3.626955032348632812e+01
3.666928482055664062e+01
3.706660461425781250e+01
3.746133041381835938e+01
3.785329437255859375e+01
3.824233245849609375e+01
3.862827682495117188e+01
3.901095199584960938e+01
3.939019012451171875e+01
3.976581954956054688e+01
4.013767242431640625e+01
4.050558853149414062e+01
4.086938476562500000e+01
4.122889709472656250e+01
4.158396148681640625e+01
4.193440246582031250e+01
4.228005218505859375e+01
4.262073898315429688e+01
4.295629501342773438e+01
4.328655624389648438e+01
4.361134719848632812e+01
4.393050003051757812e+01
4.424384689331054688e+01
4.455123138427734375e+01
4.485258483886718750e+01
4.514784240722656250e+01
4.543695449829101562e+01
4.571985244750976562e+01
4.599649047851562500e+01
4.626679992675781250e+01
4.653072738647460938e+01
4.678821182250976562e+01
4.703920364379882812e+01
4.728363800048828125e+01
4.752145767211914062e+01
4.775260543823242188e+01
4.797702026367187500e+01
4.819465255737304688e+01
4.840543365478515625e+01
4.860931396484375000e+01
4.880623245239257812e+01
4.899613189697265625e+01
4.917895507812500000e+01
4.935464096069335938e+01
4.952313232421875000e+01
4.968437194824218750e+01
4.983830261230468750e+01
4.998486709594726562e+01
5.012400817871093750e+01
5.025566482543945312e+01
5.037977600097656250e+01
5.049629592895507812e+01
5.060515213012695312e+01
5.070629501342773438e+01
5.079966735839843750e+01
5.088520812988281250e+01
5.096285629272460938e+01
5.103255844116210938e+01
5.109426116943359375e+01
5.114789581298828125e+01
5.119341659545898438e+01
5.123075103759765625e+01
5.125985336303710938e+01
5.128066253662109375e+01
5.129311752319335938e+01
5.129715728759765625e+01
5.129273605346679688e+01
5.127978897094726562e+01
5.125825500488281250e+01
5.122807693481445312e+01
5.118920135498046875e+01
5.114156341552734375e+01
5.108511734008789062e+01
5.101982498168945312e+01
5.094576644897460938e+01
5.086307144165039062e+01
5.077185058593750000e+01
5.067221832275390625e+01
5.056428909301757812e+01
5.044818496704101562e+01
5.032401275634765625e+01
5.019189834594726562e+01
5.005194854736328125e+01
4.990428161621093750e+01
4.974901580810546875e+01
4.958626174926757812e+01
4.941614151000976562e+01
4.923876571655273438e+01
4.905425643920898438e+01
4.886272430419921875e+01
4.866428375244140625e+01
4.845905303955078125e+01
4.824715423583984375e+01
4.802869033813476562e+01
4.780378341674804688e+01
4.757255554199218750e+01
4.733510971069335938e+01
4.709157180786132812e+01
4.684205245971679688e+01
4.658666610717773438e+01
4.632553482055664062e+01
4.605877304077148438e+01
4.578649139404296875e+01
4.550880813598632812e+01
4.522583770751953125e+01
4.493770217895507812e+01
4.464451217651367188e+01
4.434637832641601562e+01
4.404343032836914062e+01
4.373577117919921875e+01
4.342352294921875000e+01
4.310679626464843750e+01
4.278571319580078125e+01
4.246038436889648438e+01
4.213093185424804688e+01
4.179746627807617188e+01
4.146010208129882812e+01
4.111895751953125000e+01
4.077415084838867188e+01
4.042579269409179688e+01
4.007400131225585938e+01
3.971889495849609375e+01
3.936058425903320312e+01
3.899919891357421875e+01
3.863489913940429688e+01
3.826787185668945312e+01
3.789828491210937500e+01
3.752631378173828125e+01
3.715214157104492188e+01
3.677593612670898438e+01
3.639787292480468750e+01
3.601813888549804688e+01
3.563690185546875000e+01
3.525433731079101562e+01
3.487062454223632812e+01
3.448593902587890625e+01
3.410045623779296875e+01
3.371434783935546875e+01
3.332780075073242188e+01
3.294097900390625000e+01
3.255406951904296875e+01
3.216723632812500000e+01
3.178066635131835938e+01
3.139453125000000000e+01
3.100900650024414062e+01
3.062426757812500000e+01
3.024049186706542969e+01
2.985785484313964844e+01
2.947653579711914062e+01
2.909670639038085938e+01
2.871854400634765625e+01
2.834222412109375000e+01
2.796792411804199219e+01
2.759582138061523438e+01
2.722608757019042969e+01
2.685890197753906250e+01
2.649444007873535156e+01
2.613287734985351562e+01
2.577439117431640625e+01
2.541915702819824219e+01
2.506734848022460938e+01
2.471914482116699219e+01
2.437472152709960938e+01
2.403425407409667969e+01
2.369791793823242188e+01
2.336589050292968750e+01
2.303834533691406250e+01
2.271546173095703125e+01
2.239741516113281250e+01
2.208437728881835938e+01
2.177653121948242188e+01
2.147404670715332031e+01
2.117710304260253906e+01
2.088585662841796875e+01
2.060039329528808594e+01
2.032077407836914062e+01
2.004706382751464844e+01
1.977932739257812500e+01
1.951763153076171875e+01
1.926203727722167969e+01
1.901260948181152344e+01
1.876941490173339844e+01
1.853251647949218750e+01
1.830197906494140625e+01
1.807786560058593750e+01
1.786024284362792969e+01
1.764917564392089844e+01
1.744472503662109375e+01
1.724695777893066406e+01
1.705593872070312500e+01
1.687173080444335938e+01
1.669439888000488281e+01
1.652400779724121094e+01
1.636062240600585938e+01
1.620430755615234375e+01
1.605512619018554688e+01
1.591314315795898438e+01
1.577842235565185547e+01
1.565103054046630859e+01
1.553102970123291016e+01
1.541848564147949219e+01
1.531346321105957031e+01
1.521602439880371094e+01
1.512623596191406250e+01
1.504416275024414062e+01
1.496986579895019531e+01
1.490341472625732422e+01
1.484486961364746094e+01
1.479429626464843750e+01
1.475175952911376953e+01
1.471732330322265625e+01
1.469105339050292969e+01
1.467301273345947266e+01
1.466326713562011719e+01
1.466187763214111328e+01
1.466891288757324219e+01
1.468443679809570312e+01
1.470851135253906250e+01
1.474120235443115234e+01
1.478257560729980469e+01
1.483269214630126953e+01
1.489161968231201172e+01
1.495942115783691406e+01
1.503613185882568359e+01
1.512166786193847656e+01
1.521591663360595703e+01
1.531876659393310547e+01
1.543010330200195312e+01
1.554981327056884766e+01
1.567778587341308594e+01
1.581390762329101562e+01
1.595806503295898438e+01
1.611014556884765625e+01
1.627003669738769531e+01
1.643762397766113281e+01
1.661279678344726562e+01
1.679544067382812500e+01
1.698544311523437500e+01
1.718269348144531250e+01
1.738707542419433594e+01
1.759847831726074219e+01
1.781678581237792969e+01
1.804189109802246094e+01
1.827367782592773438e+01
1.851203155517578125e+01
1.875684356689453125e+01
1.900799560546875000e+01
1.926538085937500000e+01
1.952888298034667969e+01
1.979839134216308594e+01
2.007378768920898438e+01
2.035496711730957031e+01
2.064180946350097656e+01
2.093420600891113281e+01
2.123204421997070312e+01
2.153520965576171875e+01
2.184358787536621094e+01
2.215707015991210938e+01
2.247554206848144531e+01
2.279888916015625000e+01
2.312699890136718750e+01
2.345975875854492188e+01
2.379705619812011719e+01
2.413878059387207031e+01
2.448481559753417969e+01
2.483505058288574219e+01
2.518937110900878906e+01
2.554766464233398438e+01
2.590981864929199219e+01
2.627572059631347656e+01
2.664525794982910156e+01
2.701831817626953125e+01
2.739478683471679688e+01
2.777453994750976562e+01
2.815741920471191406e+01
2.854324722290039062e+01
2.893185424804687500e+01
2.932306098937988281e+01
2.971669960021972656e+01
3.011259269714355469e+01
3.051057243347167969e+01
3.091046142578125000e+01
3.131208801269531250e+01
3.171528053283691406e+01
3.211986160278320312e+01
3.252566146850585938e+01
3.293250656127929688e+01
3.334022140502929688e+01
3.374863433837890625e+01
3.415756988525390625e+01
3.456686019897460938e+01
3.497632598876953125e+01
3.538579940795898438e+01
3.579510116577148438e+01
3.620406723022460938e+01
3.661251449584960938e+01
3.702027130126953125e+01
3.742717361450195312e+01
3.783303833007812500e+01
3.823769760131835938e+01
3.864097213745117188e+01
3.904269409179687500e+01
3.944268798828125000e+01
3.984078216552734375e+01
4.023680496215820312e+01
4.063058090209960938e+01
4.102193069458007812e+01
4.141069412231445312e+01
4.179668807983398438e+01
4.217974090576171875e+01
4.255968093872070312e+01
4.293633651733398438e+01
4.330953216552734375e+01
4.367909622192382812e+01
4.404485321044921875e+01
4.440662765502929688e+01
4.476425170898437500e+01
4.511755371093750000e+01
4.546635055541992188e+01
4.581048202514648438e+01
4.614976119995117188e+01
4.648402786254882812e+01
4.681309890747070312e+01
4.713682556152343750e+01
4.745512008666992188e+01
4.776792907714843750e+01
4.807518386840820312e+01
4.837682342529296875e+01
4.867278671264648438e+01
4.896300506591796875e+01
4.924742126464843750e+01
4.952597427368164062e+01
4.979859542846679688e+01
5.006522750854492188e+01
5.032580184936523438e+01
5.058026123046875000e+01
5.082854080200195312e+01
5.107057952880859375e+01
5.130631637573242188e+01
5.153568267822265625e+01
5.175862121582031250e+01
5.197506332397460938e+01
5.218495559692382812e+01
5.238822937011718750e+01
5.258481979370117188e+01
5.277466964721679688e+01
5.295771408081054688e+01
5.313388824462890625e+01
5.330313491821289062e+01
5.346538543701171875e+01
5.362058258056640625e+01
5.376865768432617188e+01
5.390955352783203125e+01
5.404320526123046875e+01
5.416954803466796875e+01
5.428852462768554688e+01
5.440007019042968750e+01
5.450411987304687500e+01
5.460061264038085938e+01
5.468948364257812500e+01
5.477066802978515625e+01
5.484411621093750000e+01
5.490975570678710938e+01
5.496752166748046875e+01
5.501735687255859375e+01
5.505919265747070312e+01
5.509297561645507812e+01
5.511864089965820312e+01
5.513611221313476562e+01
5.514534378051757812e+01
5.514626693725585938e+01
5.513881301879882812e+01
5.512293243408203125e+01
5.509858322143554688e+01
5.506581497192382812e+01
5.502472305297851562e+01
5.497539520263671875e+01
5.491791152954101562e+01
5.485236740112304688e+01
5.477883529663085938e+01
5.469741058349609375e+01
5.460818099975585938e+01
5.451122283935546875e+01
5.440663146972656250e+01
5.429448699951171875e+01
5.417487716674804688e+01
5.404789352416992188e+01
5.391361236572265625e+01
5.377212524414062500e+01
5.362351989746093750e+01
5.346787261962890625e+01
5.330527877807617188e+01
5.313582611083984375e+01
5.295959091186523438e+01
5.277666473388671875e+01
5.258713912963867188e+01
5.239109039306640625e+01
5.218860626220703125e+01
5.197977828979492188e+01
5.176468658447265625e+01
5.154341888427734375e+01
5.131606292724609375e+01
5.108270263671875000e+01
5.084342575073242188e+01
5.059831619262695312e+01
5.034746170043945312e+01
5.009094619750976562e+01
4.982886123657226562e+01
4.956128692626953125e+01
4.928830718994140625e+01
4.901001358032226562e+01
4.872649002075195312e+01
4.843782424926757812e+01
4.814409637451171875e+01
4.784540176391601562e+01
4.754182052612304688e+01
4.723343658447265625e+01
4.692033767700195312e+01
4.660261154174804688e+01
4.628034591674804688e+01
4.595362472534179688e+01
4.562253189086914062e+01
4.528715515136718750e+01
4.494758987426757812e+01
4.460398101806640625e+01
4.425649261474609375e+01
4.390527343750000000e+01
4.355047988891601562e+01
4.319226837158203125e+01
4.283080291748046875e+01
4.246623229980468750e+01
4.209871292114257812e+01
4.172840118408203125e+01
4.135546112060546875e+01
4.098003768920898438e+01
4.060230255126953125e+01
4.022239303588867188e+01
3.984048080444335938e+01
3.945671463012695312e+01
3.907125473022460938e+01
3.868425750732421875e+01
3.829587173461914062e+01
3.790626907348632812e+01
3.751559066772460938e+01
3.712400054931640625e+01
3.673165130615234375e+01
3.633870697021484375e+01
3.594531631469726562e+01
3.555163955688476562e+01
3.515782928466796875e+01
3.476404571533203125e+01
3.437044525146484375e+01
3.397718048095703125e+01
3.358441543579101562e+01
3.319229888916015625e+01
3.280099105834960938e+01
3.241064834594726562e+01
3.202142715454101562e+01
3.163347816467285156e+01
3.124696540832519531e+01
3.086204338073730469e+01
3.047886466979980469e+01
3.009759330749511719e+01
2.971837806701660156e+01
2.934138107299804688e+01
2.896675491333007812e+01
2.859465599060058594e+01
2.822524452209472656e+01
2.785867309570312500e+01
2.749510002136230469e+01
2.713468170166015625e+01
2.677757453918457031e+01
2.642393493652343750e+01
2.607390213012695312e+01
2.572756767272949219e+01
2.538499832153320312e+01
2.504626846313476562e+01
2.471144485473632812e+01
2.438060379028320312e+01
2.405381584167480469e+01
2.373114967346191406e+01
2.341268157958984375e+01
2.309847831726074219e+01
2.278861236572265625e+01
2.248315620422363281e+01
2.218218040466308594e+01
2.188575744628906250e+01
2.159395790100097656e+01
2.130685424804687500e+01
2.102451705932617188e+01
2.074701690673828125e+01
2.047442626953125000e+01
2.020681571960449219e+01
1.994425964355468750e+01
1.968682479858398438e+01
1.943458557128906250e+01
1.918761253356933594e+01
1.894598007202148438e+01
1.870975303649902344e+01
1.847900962829589844e+01
1.825381660461425781e+01
1.803424835205078125e+01
1.782037544250488281e+01
1.761226654052734375e+01
1.740999794006347656e+01
1.721363639831542969e+01
1.702325820922851562e+01
1.683893013000488281e+01
1.666072654724121094e+01
1.648871803283691406e+01
1.632297515869140625e+01
1.616357231140136719e+01
1.601057624816894531e+01
1.586406135559082031e+01
1.572409820556640625e+01
1.559075927734375000e+01
1.546411418914794922e+01
1.534423732757568359e+01
1.523119640350341797e+01
1.512506771087646484e+01
1.502591705322265625e+01
1.493381786346435547e+01
1.484884452819824219e+01
1.477104187011718750e+01
1.470037174224853516e+01
1.463677024841308594e+01
1.458017253875732422e+01
1.453051853179931641e+01
1.448774147033691406e+01
1.445178031921386719e+01
1.442257118225097656e+01
1.440005302429199219e+01
1.438415813446044922e+01
1.437482643127441406e+01
1.437199401855468750e+01
1.437559700012207031e+01
1.438557243347167969e+01
1.440185737609863281e+01
1.442438888549804688e+01
1.445310306549072266e+01
1.448793601989746094e+01
1.452882766723632812e+01
1.457571029663085938e+01
1.462852287292480469e+01
1.468720340728759766e+01
1.475168609619140625e+01
1.482190895080566406e+01
1.489781093597412109e+01
1.497932338714599609e+01
1.506638813018798828e+01
1.515893840789794922e+01
1.525691413879394531e+01
1.536024951934814453e+01
1.546888256072998047e+01
1.558274936676025391e+01
1.570178699493408203e+01
1.582593154907226562e+01
1.595512294769287109e+01
1.608929252624511719e+01
1.622838020324707031e+01
1.637232398986816406e+01
1.652105903625488281e+01
1.667452239990234375e+01
1.683264732360839844e+01
1.699537849426269531e+01
1.716264533996582031e+01
1.733438873291015625e+01
1.751054191589355469e+01
1.769104385375976562e+01
1.787583160400390625e+01
1.806484222412109375e+01
1.825800895690917969e+01
1.845527458190917969e+01
1.865656089782714844e+01
1.886175346374511719e+01
1.907072448730468750e+01
1.928334999084472656e+01
1.949950599670410156e+01
1.971906089782714844e+01
1.994188880920410156e+01
2.016786766052246094e+01
2.039686965942382812e+01
2.062876892089843750e+01
2.086343955993652344e+01
2.110075187683105469e+01
2.134058380126953125e+01
2.158280754089355469e+01
2.182729721069335938e+01
2.207392692565917969e+01
2.232256889343261719e+01
2.257309913635253906e+01
2.282538986206054688e+01
2.307931709289550781e+01
2.333475303649902344e+01
2.359156990051269531e+01
2.384964370727539062e+01
2.410884666442871094e+01
2.436905670166015625e+01
2.463014221191406250e+01
2.489197921752929688e+01
2.515444374084472656e+01
2.541740608215332031e+01
2.568074417114257812e+01
2.594432449340820312e+01
2.620802879333496094e+01
2.647172737121582031e+01
2.673529434204101562e+01
2.699860382080078125e+01
2.726152992248535156e+01
2.752394485473632812e+01
2.778572654724121094e+01
2.804674148559570312e+01
2.830686950683593750e+01
2.856598281860351562e+01
2.882395744323730469e+01
2.908066368103027344e+01
2.933597373962402344e+01
2.958976554870605469e+01
2.984191513061523438e+01
3.009228897094726562e+01
3.034076690673828125e+01
3.058722305297851562e+01
3.083152389526367188e+01
3.107356071472167969e+01
3.131325149536132812e+01
3.155053138732910156e+01
3.178532600402832031e+01
3.201756668090820312e+01
3.224719238281250000e+01
3.247413253784179688e+01
3.269831085205078125e+01
3.291966629028320312e+01
3.313813018798828125e+01
3.335362625122070312e+01
3.356609344482421875e+01
3.377546691894531250e+01
3.398166656494140625e+01
3.418462753295898438e+01
3.438428497314453125e+01
3.458057022094726562e+01
3.477341461181640625e+01
3.496274185180664062e+01
3.514849472045898438e+01
3.533059692382812500e+01
3.550898742675781250e+01
3.568358612060546875e+01
3.585433197021484375e+01
3.602115631103515625e+01
3.618399047851562500e+01
3.634276199340820312e+01
3.649740982055664062e+01
3.664785766601562500e+01
3.679403686523437500e+01
3.693589019775390625e+01
3.707333374023437500e+01
3.720630645751953125e+01
3.733474349975585938e+01
3.745856857299804688e+01
3.757771682739257812e+01
3.769211959838867188e+01
3.780170822143554688e+01
3.790641784667968750e+01
3.800617218017578125e+01
3.810090637207031250e+01
3.819055557250976562e+01
3.827503967285156250e+01
3.835430526733398438e+01
3.842827606201171875e+01
3.849687957763671875e+01
3.856005477905273438e+01
3.861772918701171875e+01
3.866983413696289062e+01
3.871630859375000000e+01
3.875708770751953125e+01
3.879220199584960938e+01
3.882169342041015625e+01
3.884560394287109375e+01
3.886396789550781250e+01
3.887683105468750000e+01
3.888423156738281250e+01
3.888621520996093750e+01
3.888282012939453125e+01
3.887408065795898438e+01
3.886004638671875000e+01
3.884075546264648438e+01
3.881624984741210938e+01
3.878656387329101562e+01
3.875174713134765625e+01
3.871183395385742188e+01
3.866687011718750000e+01
3.861689376831054688e+01
3.856194305419921875e+01
3.850205993652343750e+01
3.843729019165039062e+01
3.836767196655273438e+01
3.829324340820312500e+01
3.821404647827148438e+01
3.813012695312500000e+01
3.804151153564453125e+01
3.794826126098632812e+01
3.785040283203125000e+01
3.774797821044921875e+01
3.764103317260742188e+01
3.752960586547851562e+01
3.741373443603515625e+01
3.729346847534179688e+01
3.716883468627929688e+01
3.703988647460937500e+01
3.690665817260742188e+01
3.676919555664062500e+01
3.662753677368164062e+01
3.648171615600585938e+01
3.633178710937500000e+01
3.617778015136718750e+01
3.601974105834960938e+01
3.585770797729492188e+01
3.569171905517578125e+01
3.552182388305664062e+01
3.534806060791015625e+01
3.517046356201171875e+01
3.498907852172851562e+01
3.480394744873046875e+01
3.461510848999023438e+01
3.442261123657226562e+01
3.422654724121093750e+01
3.402701187133789062e+01
3.382410430908203125e+01
3.361792373657226562e+01
3.340856552124023438e+01
3.319612884521484375e+01
3.298071289062500000e+01
3.276241302490234375e+01
3.254133224487304688e+01
3.231756210327148438e+01
3.209120559692382812e+01
3.186236190795898438e+01
3.163112449645996094e+01
3.139759254455566406e+01
3.116186714172363281e+01
3.092404174804687500e+01
3.068421745300292969e+01
3.044248962402343750e+01
3.019896125793457031e+01
2.995372772216796875e+01
2.970688629150390625e+01
2.945853424072265625e+01
2.920877265930175781e+01
2.895769691467285156e+01
2.870540618896484375e+01
2.845199584960937500e+01
2.819756889343261719e+01
2.794221878051757812e+01
2.768604660034179688e+01
2.742915153503417969e+01
2.717162704467773438e+01
2.691357421875000000e+01
2.665509033203125000e+01
2.639627647399902344e+01
2.613722419738769531e+01
2.587803649902343750e+01
2.561881065368652344e+01
2.535964393615722656e+01
2.510063552856445312e+01
2.484188079833984375e+01
2.458348083496093750e+01
2.432553291320800781e+01
2.406813240051269531e+01
2.381138229370117188e+01
2.355537605285644531e+01
2.330021476745605469e+01
2.304599380493164062e+01
2.279281616210937500e+01
2.254077148437500000e+01
2.228996086120605469e+01
2.204044532775878906e+01
2.179229354858398438e+01
2.154556083679199219e+01
2.130031394958496094e+01
2.105661392211914062e+01
2.081452178955078125e+01
2.057410240173339844e+01
2.033541488647460938e+01
2.009852218627929688e+01
1.986348724365234375e+01
1.963037109375000000e+01
1.939923667907714844e+01
1.917014694213867188e+01
1.894316101074218750e+01
1.871834564208984375e+01
1.849575805664062500e+01
1.827546501159667969e+01
1.805752372741699219e+01
1.784200096130371094e+01
1.762895584106445312e+01
1.741845321655273438e+01
1.721055221557617188e+01
1.700531578063964844e+01
1.680280494689941406e+01
1.660308456420898438e+01
1.640621757507324219e+01
1.621226310729980469e+01
1.602128410339355469e+01
1.583334255218505859e+01
1.564850139617919922e+01
1.546682167053222656e+01
1.528836631774902344e+01
1.511319828033447266e+01
1.494137859344482422e+01
1.477296829223632812e+01
1.460803127288818359e+01
1.444662857055664062e+01
1.428882503509521484e+01
1.413467884063720703e+01
1.398425483703613281e+01
1.383761310577392578e+01
1.369481658935546875e+01
1.355593013763427734e+01
1.342101192474365234e+01
1.329012584686279297e+01
1.316333293914794922e+01
1.304069709777832031e+01
1.292227935791015625e+01
1.280814266204833984e+01
1.269833374023437500e+01
1.259284591674804688e+01
1.249165725708007812e+01
1.239474582672119141e+01
1.230209064483642578e+01
1.221366786956787109e+01
1.212945652008056641e+01
1.204943656921386719e+01
1.197358417510986328e+01
1.190187835693359375e+01
1.183429718017578125e+01
1.177081871032714844e+01
1.171142196655273438e+01
1.165608406066894531e+01
1.160478305816650391e+01
1.155749893188476562e+01
1.151420783996582031e+01
1.147488975524902344e+01
1.143952083587646484e+01
1.140808200836181641e+01
1.138054847717285156e+01
1.135690116882324219e+01
1.133711624145507812e+01
1.132117271423339844e+01
1.130904960632324219e+01
1.130072212219238281e+01
1.129617309570312500e+01
1.129537677764892578e+01
1.129831314086914062e+01
1.130496120452880859e+01
1.131529712677001953e+01
1.132929992675781250e+01
1.134694862365722656e+01
1.136822032928466797e+01
1.139309406280517578e+01
1.142154693603515625e+01
1.145355892181396484e+01
1.148910617828369141e+01
1.152816867828369141e+01
1.157072353363037109e+01
1.161674976348876953e+01
1.166622447967529297e+01
1.171912670135498047e+01
1.177543449401855469e+01
1.183512592315673828e+01
1.189818000793457031e+01
1.196457386016845703e+01
1.203428554534912109e+01
1.210729408264160156e+01
1.218357753753662109e+01
1.226310539245605469e+01
1.234581279754638672e+01
1.243162727355957031e+01
1.252047443389892578e+01
1.261228084564208984e+01
1.270697402954101562e+01
1.280448055267333984e+01
1.290472507476806641e+01
1.300763797760009766e+01
1.311314296722412109e+01
1.322116851806640625e+01
1.333164024353027344e+01
1.344448471069335938e+01
1.355963039398193359e+01
1.367700004577636719e+01
1.379652500152587891e+01
1.391812801361083984e+01
1.404173851013183594e+01
1.416728305816650391e+01
1.429468727111816406e+01
1.442387676239013672e+01
1.455478000640869141e+01
1.468732357025146484e+01
1.482143402099609375e+01
1.495703601837158203e+01
1.509405803680419922e+01
1.523242950439453125e+01
1.537207221984863281e+01
1.551291465759277344e+01
1.565488529205322266e+01
1.579790687561035156e+01
1.594191074371337891e+01
1.608682060241699219e+01
1.623256301879882812e+01
1.637906646728515625e+01
1.652625465393066406e+01
1.667405891418457031e+01
1.682240104675292969e+01
1.697121238708496094e+01
1.712041473388671875e+01
1.726993942260742188e+01
1.741971015930175781e+01
1.756965255737304688e+01
1.771969795227050781e+01
1.786976814270019531e+01
1.801979255676269531e+01
1.816969680786132812e+01
1.831940841674804688e+01
1.846885108947753906e+01
1.861795806884765625e+01
1.876665306091308594e+01
1.891488075256347656e+01
1.906258964538574219e+01
1.920972251892089844e+01
1.935622787475585938e+01
1.950205230712890625e+01
1.964714241027832031e+01
1.979144287109375000e+01
1.993490028381347656e+01
2.007746124267578125e+01
2.021907234191894531e+01
2.035968017578125000e+01
2.049922943115234375e+01
2.063767051696777344e+01
2.077494621276855469e+01
2.091100311279296875e+01
2.104578781127929688e+01
2.117924499511718750e+01
2.131132507324218750e+01
2.144197082519531250e+01
2.157113075256347656e+01
2.169874954223632812e+01
2.182477378845214844e+01
2.194915199279785156e+01
2.207182884216308594e+01
2.219274902343750000e+01
2.231186103820800781e+01
2.242910957336425781e+01
2.254444313049316406e+01
2.265780639648437500e+01
2.276914596557617188e+01
2.287840843200683594e+01
2.298553848266601562e+01
2.309048652648925781e+01
2.319319343566894531e+01
2.329361152648925781e+01
2.339168167114257812e+01
2.348735237121582031e+01
2.358057212829589844e+01
2.367128372192382812e+01
2.375943565368652344e+01
2.384497261047363281e+01
2.392784118652343750e+01
2.400798988342285156e+01
2.408536148071289062e+01
2.415990638732910156e+01
2.423156738281250000e+01
2.430029296875000000e+01
2.436602973937988281e+01
2.442872047424316406e+01
2.448832511901855469e+01
2.454483985900878906e+01
2.459827423095703125e+01
2.464863014221191406e+01
2.469591903686523438e+01
2.474014663696289062e+01
2.478132057189941406e+01
2.481944847106933594e+01
2.485453796386718750e+01
2.488659667968750000e+01
2.491562843322753906e+01
2.494164276123046875e+01
2.496464920043945312e+01
2.498465156555175781e+01
2.500165939331054688e+01
2.501567840576171875e+01
2.502671623229980469e+01
2.503478240966796875e+01
2.503988075256347656e+01
2.504202079772949219e+01
2.504120635986328125e+01
2.503745079040527344e+01
2.503075599670410156e+01
2.502113151550292969e+01
2.500858497619628906e+01
2.499312210083007812e+01
2.497475051879882812e+01
2.495347976684570312e+01
2.492931556701660156e+01
2.490226364135742188e+01
2.487233161926269531e+01
2.483952903747558594e+01
2.480386161804199219e+01
2.476533699035644531e+01
2.472396469116210938e+01
2.467974662780761719e+01
2.463269424438476562e+01
2.458281326293945312e+01
2.453011131286621094e+01
2.447459602355957031e+01
2.441627502441406250e+01
2.435515213012695312e+01
2.429124069213867188e+01
2.422454261779785156e+01
2.415506744384765625e+01
2.408282470703125000e+01
2.400781440734863281e+01
2.393005180358886719e+01
2.384954261779785156e+01
2.376628875732421875e+01
2.368031120300292969e+01
2.359165000915527344e+01
2.350035667419433594e+01
2.340648460388183594e+01
2.331008338928222656e+01
2.321120452880859375e+01
2.310989952087402344e+01
2.300621795654296875e+01
2.290021324157714844e+01
2.279193496704101562e+01
2.268143463134765625e+01
2.256876564025878906e+01
2.245397567749023438e+01
2.233711814880371094e+01
2.221824264526367188e+01
2.209740257263183594e+01
2.197464752197265625e+01
2.185002899169921875e+01
2.172360038757324219e+01
2.159540748596191406e+01
2.146550750732421875e+01
2.133394622802734375e+01
2.120078086853027344e+01
2.106605720520019531e+01
2.092983055114746094e+01
2.079214668273925781e+01
2.065306282043457031e+01
2.051262664794921875e+01
2.037089157104492188e+01
2.022790527343750000e+01
2.008372306823730469e+01
1.993839454650878906e+01
1.979196929931640625e+01
1.964450073242187500e+01
1.949603843688964844e+01
1.934663391113281250e+01
1.919634056091308594e+01
1.904520606994628906e+01
1.889328575134277344e+01
1.874062347412109375e+01
1.858728027343750000e+01
1.843330001831054688e+01
1.827873802185058594e+01
1.812364387512207031e+01
1.796806526184082031e+01
1.781205940246582031e+01
1.765567588806152344e+01
1.749896430969238281e+01
1.734197616577148438e+01
1.718476104736328125e+01
1.702737426757812500e+01
1.686985588073730469e+01
1.671225357055664062e+01
1.655461120605468750e+01
1.639697265625000000e+01
1.623938369750976562e+01
1.608188819885253906e+01
1.592453098297119141e+01
1.576735496520996094e+01
1.561040878295898438e+01
1.545373249053955078e+01
1.529737186431884766e+01
1.514137268066406250e+01
1.498577976226806641e+01
1.483063793182373047e+01
1.467598915100097656e+01
1.452187824249267578e+01
1.436835193634033203e+01
1.421545505523681641e+01
1.406322956085205078e+01
1.391172218322753906e+01
1.376097679138183594e+01
1.361103725433349609e+01
1.346194839477539062e+01
1.331375598907470703e+01
1.316650390625000000e+01
1.302023601531982422e+01
1.287499713897705078e+01
1.273083305358886719e+01
1.258778667449951172e+01
1.244590282440185547e+01
1.230522727966308594e+01
1.216580390930175781e+01
1.202767658233642578e+01
1.189089107513427734e+01
1.175549030303955078e+01
1.162152099609375000e+01
1.148902511596679688e+01
1.135805034637451172e+01
1.122863864898681641e+01
1.110083580017089844e+01
1.097468662261962891e+01
1.085023498535156250e+01
1.072752475738525391e+01
1.060660171508789062e+01
1.048750972747802734e+01
1.037029457092285156e+01
1.025499916076660156e+01
1.014166831970214844e+01
1.003034782409667969e+01
9.921073913574218750e+00
9.813857078552246094e+00
9.708700180053710938e+00
9.605603218078613281e+00
9.504570960998535156e+00
9.405604362487792969e+00
9.308706283569335938e+00
9.213880538940429688e+00
9.121128082275390625e+00
9.030450820922851562e+00
8.941851615905761719e+00
8.855334281921386719e+00
8.770899772644042969e+00
8.688550949096679688e+00
8.608289718627929688e+00
8.530119895935058594e+00
8.454042434692382812e+00
8.380060195922851562e+00
8.308176994323730469e+00
8.238392829895019531e+00
8.170711517333984375e+00
8.105134010314941406e+00
8.041666030883789062e+00
7.980307102203369141e+00
7.921060562133789062e+00
7.863927841186523438e+00
7.808913707733154297e+00
7.756018161773681641e+00
7.705245018005371094e+00
7.656596183776855469e+00
7.610074520111083984e+00
7.565681457519531250e+00
7.523421287536621094e+00
7.483294010162353516e+00
7.445303916931152344e+00
7.409452915191650391e+00
7.375742912292480469e+00
7.344176292419433594e+00
7.314756870269775391e+00
7.287485599517822266e+00
7.262365818023681641e+00
7.239398956298828125e+00
7.218588352203369141e+00
7.199935913085937500e+00
7.183444499969482422e+00
7.169115543365478516e+00
7.156952857971191406e+00
7.146958351135253906e+00
7.139133453369140625e+00
7.133482456207275391e+00
7.130000591278076172e+00
7.128661632537841797e+00
7.129430770874023438e+00
7.132277965545654297e+00
7.137168407440185547e+00
7.144070148468017578e+00
7.152950286865234375e+00
7.163775444030761719e+00
7.176513195037841797e+00
7.191130638122558594e+00
7.207594871520996094e+00
7.225872516632080078e+00
7.245931625366210938e+00
7.267738342285156250e+00
7.291260719299316406e+00
7.316465854644775391e+00
7.343320846557617188e+00
7.371791839599609375e+00
7.401846885681152344e+00
7.433453083038330078e+00
7.466577053070068359e+00
7.501187801361083984e+00
7.537249088287353516e+00
7.574730873107910156e+00
7.613600254058837891e+00
7.653822422027587891e+00
7.695365905761718750e+00
7.738198280334472656e+00
7.782285213470458984e+00
7.827594757080078125e+00
7.874094009399414062e+00
7.921750068664550781e+00
7.970530033111572266e+00
8.020401000976562500e+00
8.071330070495605469e+00
8.123284339904785156e+00
8.176231384277343750e+00
8.230138778686523438e+00
8.284971237182617188e+00
8.340699195861816406e+00
8.397287368774414062e+00
8.454704284667968750e+00
8.512916564941406250e+00
8.571890830993652344e+00
8.631594657897949219e+00
8.691995620727539062e+00
8.753061294555664062e+00
8.814757347106933594e+00
8.877050399780273438e+00
8.939910888671875000e+00
9.003302574157714844e+00
9.067193031311035156e+00
9.131548881530761719e+00
9.196334838867187500e+00
9.261518478393554688e+00
9.327064514160156250e+00
9.392941474914550781e+00
9.459113121032714844e+00
9.525546073913574219e+00
9.592207908630371094e+00
9.659063339233398438e+00
9.726078987121582031e+00
9.793220520019531250e+00
9.860454559326171875e+00
9.927747726440429688e+00
9.995065689086914062e+00
1.006237506866455078e+01
1.012964057922363281e+01
1.019682979583740234e+01
1.026390838623046875e+01
1.033084201812744141e+01
1.039759826660156250e+01
1.046414184570312500e+01
1.053043937683105469e+01
1.059645748138427734e+01
1.066216087341308594e+01
1.072751712799072266e+01
1.079249286651611328e+01
1.085705184936523438e+01
1.092116355895996094e+01
1.098479175567626953e+01
1.104790306091308594e+01
1.111046314239501953e+01
1.117243862152099609e+01
1.123379707336425781e+01
1.129450225830078125e+01
1.135452175140380859e+01
1.141382122039794922e+01
1.147236728668212891e+01
1.153012561798095703e+01
1.158706283569335938e+01
1.164314460754394531e+01
1.169833660125732422e+01
1.175260639190673828e+01
1.180591964721679688e+01
1.185824203491210938e+01
1.190953922271728516e+01
1.195977878570556641e+01
1.200892543792724609e+01
1.205694675445556641e+01
1.210381221771240234e+01
1.214951133728027344e+01
1.219403553009033203e+01
1.223737907409667969e+01
1.227953243255615234e+01
1.232049179077148438e+01
1.236024856567382812e+01
1.239879417419433594e+01
1.243612384796142578e+01
1.247222900390625000e+01
1.250710201263427734e+01
1.254073810577392578e+01
1.257312679290771484e+01
1.260426425933837891e+01
1.263414096832275391e+01
1.266275024414062500e+01
1.269008541107177734e+01
1.271613979339599609e+01
1.274090576171875000e+01
1.276437473297119141e+01
1.278654289245605469e+01
1.280739879608154297e+01
1.282693958282470703e+01
1.284515476226806641e+01
1.286203956604003906e+01
1.287758541107177734e+01
1.289178466796875000e+01
1.290463161468505859e+01
1.291611957550048828e+01
1.292623996734619141e+01
1.293498516082763672e+01
1.294234943389892578e+01
1.294832515716552734e+01
1.295290565490722656e+01
1.295608234405517578e+01
1.295784950256347656e+01
1.295819950103759766e+01
1.295712566375732422e+01
1.295461940765380859e+01
1.295067501068115234e+01
1.294528388977050781e+01
1.293844127655029297e+01
1.293013858795166016e+01
1.292036819458007812e+01
1.290912342071533203e+01
1.289639759063720703e+01
1.288218212127685547e+01
1.286647129058837891e+01
1.284925842285156250e+01
1.283053493499755859e+01
1.281029891967773438e+01
1.278856468200683594e+01
1.276535320281982422e+01
1.274068355560302734e+01
1.271457576751708984e+01
1.268704891204833984e+01
1.265812301635742188e+01
1.262781810760498047e+01
1.259615421295166016e+01
1.256315040588378906e+01
1.252882575988769531e+01
1.249320220947265625e+01
1.245629692077636719e+01
1.241813087463378906e+01
1.237872314453125000e+01
1.233809471130371094e+01
1.229626464843750000e+01
1.225325202941894531e+01
1.220907783508300781e+01
1.216375923156738281e+01
1.211731910705566406e+01
1.206977653503417969e+01
1.202114963531494141e+01
1.197145748138427734e+01
1.192072296142578125e+01
1.186896514892578125e+01
1.181620025634765625e+01
1.176245212554931641e+01
1.170773792266845703e+01
1.165207958221435547e+01
1.159549427032470703e+01
1.153800296783447266e+01
1.147962570190429688e+01
1.142038249969482422e+01
1.136029148101806641e+01
1.129937267303466797e+01
1.123764801025390625e+01
1.117513465881347656e+01
1.111185359954833984e+01
1.104782390594482422e+01
1.098306560516357422e+01
1.091759967803955078e+01
1.085144329071044922e+01
1.078461742401123047e+01
1.071714210510253906e+01
1.064903736114501953e+01
1.058032131195068359e+01
1.051101493835449219e+01
1.044113826751708984e+01
1.037071037292480469e+01
1.029975223541259766e+01
1.022828578948974609e+01
1.015633773803710938e+01
1.008393192291259766e+01
1.001109218597412109e+01
9.937844276428222656e+00
9.864212036132812500e+00
9.790219306945800781e+00
9.715890884399414062e+00
9.641252517700195312e+00
9.566326141357421875e+00
9.491139411926269531e+00
9.415714263916015625e+00
9.340077400207519531e+00
9.264252662658691406e+00
9.188262939453125000e+00
9.112133026123046875e+00
9.035889625549316406e+00
8.959555625915527344e+00
8.883155822753906250e+00
8.806715011596679688e+00
8.730256080627441406e+00
8.653805732727050781e+00
8.577387809753417969e+00
8.501026153564453125e+00
8.424745559692382812e+00
8.348570823669433594e+00
8.272526741027832031e+00
8.196636199951171875e+00
8.120926856994628906e+00
8.045419692993164062e+00
7.970140933990478516e+00
7.895114898681640625e+00
7.820366382598876953e+00
7.745919704437255859e+00
7.671798706054687500e+00
7.598028659820556641e+00
7.524634361267089844e+00
7.451639652252197266e+00
7.379068851470947266e+00
7.306946754455566406e+00
7.235298156738281250e+00
7.164147853851318359e+00
7.093519210815429688e+00
7.023437023162841797e+00
6.953927040100097656e+00
6.885012149810791016e+00
6.816717624664306641e+00
6.749068260192871094e+00
6.682087898254394531e+00
6.615798950195312500e+00
6.550211429595947266e+00
6.485334873199462891e+00
6.421176910400390625e+00
6.357745170593261719e+00
6.295049190521240234e+00
6.233095645904541016e+00
6.171894073486328125e+00
6.111452579498291016e+00
6.051778793334960938e+00
5.992881298065185547e+00
5.934768199920654297e+00
5.877448081970214844e+00
5.820929050445556641e+00
5.765219211578369141e+00
5.710327148437500000e+00
5.656260490417480469e+00
5.603027820587158203e+00
5.550637245178222656e+00
5.499097347259521484e+00
5.448416233062744141e+00
5.398602485656738281e+00
5.349663257598876953e+00
5.301608085632324219e+00
5.254444122314453125e+00
5.208180904388427734e+00
5.162825107574462891e+00
5.118385791778564453e+00
5.074872016906738281e+00
5.032290458679199219e+00
4.990650177001953125e+00
4.949959278106689453e+00
4.910226345062255859e+00
4.871459484100341797e+00
4.833666324615478516e+00
4.796855926513671875e+00
4.761036396026611328e+00
4.726215839385986328e+00
4.692401409149169922e+00
4.659603595733642578e+00
4.627829074859619141e+00
4.597086429595947266e+00
4.567383766174316406e+00
4.538729667663574219e+00
4.511132240295410156e+00
4.484599590301513672e+00
4.459140300750732422e+00
4.434762477874755859e+00
4.411473751068115234e+00
4.389283180236816406e+00
4.368195533752441406e+00
4.348203182220458984e+00
4.329295158386230469e+00
4.311460018157958984e+00
4.294686794281005859e+00
4.278965473175048828e+00
4.264284133911132812e+00
4.250631809234619141e+00
4.237998008728027344e+00
4.226371765136718750e+00
4.215741157531738281e+00
4.206096172332763672e+00
4.197425842285156250e+00
4.189718246459960938e+00
4.182963848114013672e+00
4.177150726318359375e+00
4.172267436981201172e+00
4.168303966522216797e+00
4.165248394012451172e+00
4.163091182708740234e+00
4.161819934844970703e+00
4.161424636840820312e+00
4.161893844604492188e+00
4.163216114044189453e+00
4.165380954742431641e+00
4.168377876281738281e+00
4.172195434570312500e+00
4.176822185516357422e+00
4.182248115539550781e+00
4.188461303710937500e+00
4.195451259613037109e+00
4.203207015991210938e+00
4.211717605590820312e+00
4.220971584320068359e+00
4.230958461761474609e+00
4.241667270660400391e+00
4.253087043762207031e+00
4.265205860137939453e+00
4.278014183044433594e+00
4.291500091552734375e+00
4.305653095245361328e+00
4.320461750030517578e+00
4.335915565490722656e+00
4.352003097534179688e+00
4.368713855743408203e+00
4.386036396026611328e+00
4.403959751129150391e+00
4.422473907470703125e+00
4.441566467285156250e+00
4.461226940155029297e+00
4.481443405151367188e+00
4.502200126647949219e+00
4.523479461669921875e+00
4.545264244079589844e+00
4.567537784576416016e+00
4.590282440185546875e+00
4.613481521606445312e+00
4.637117385864257812e+00
4.661172866821289062e+00
4.685631275177001953e+00
4.710475444793701172e+00
4.735687732696533203e+00
4.761250972747802734e+00
4.787148952484130859e+00
4.813363552093505859e+00
4.839877605438232422e+00
4.866674423217773438e+00
4.893736839294433594e+00
4.921048164367675781e+00
4.948589801788330078e+00
4.976345539093017578e+00
5.004298210144042969e+00
5.032431125640869141e+00
5.060726165771484375e+00
5.089166164398193359e+00
5.117735385894775391e+00
5.146414756774902344e+00
5.175189018249511719e+00
5.204039096832275391e+00
5.232949256896972656e+00
5.261902332305908203e+00
5.290880203247070312e+00
5.319866180419921875e+00
5.348844051361083984e+00
5.377794742584228516e+00
5.406702518463134766e+00
5.435550212860107422e+00
5.464320182800292969e+00
5.492995262145996094e+00
5.521558761596679688e+00
5.549992561340332031e+00
5.578280448913574219e+00
5.606405258178710938e+00
5.634349346160888672e+00
5.662096023559570312e+00
5.689627647399902344e+00
5.716928005218505859e+00
5.743978500366210938e+00
5.770762920379638672e+00
5.797264099121093750e+00
5.823465824127197266e+00
5.849359512329101562e+00
5.874935626983642578e+00
5.900187492370605469e+00
5.925105571746826172e+00
5.949682235717773438e+00
5.973909854888916016e+00
5.997779846191406250e+00
6.021284103393554688e+00
6.044414043426513672e+00
6.067162513732910156e+00
6.089519977569580078e+00
6.111479759216308594e+00
6.133032798767089844e+00
6.154170989990234375e+00
6.174886703491210938e+00
6.195171356201171875e+00
6.215016841888427734e+00
6.234415054321289062e+00
6.253357887268066406e+00
6.271836757659912109e+00
6.289844512939453125e+00
6.307372093200683594e+00
6.324411869049072266e+00
6.340955257415771484e+00
6.356994152069091797e+00
6.372520923614501953e+00
6.387526512145996094e+00
6.402004241943359375e+00
6.415944576263427734e+00
6.429339408874511719e+00
6.442181587219238281e+00
6.454462051391601562e+00
6.466173171997070312e+00
6.477306365966796875e+00
6.487854003906250000e+00
6.497807502746582031e+00
6.507158756256103516e+00
6.515900135040283203e+00
6.524023056030273438e+00
6.531518936157226562e+00
6.538380146026611328e+00
6.544598579406738281e+00
6.550166130065917969e+00
6.555074214935302734e+00
6.559315204620361328e+00
6.562880992889404297e+00
6.565762519836425781e+00
6.567952632904052734e+00
6.569442272186279297e+00
6.570226669311523438e+00
6.570308208465576172e+00
6.569691658020019531e+00
6.568383216857910156e+00
6.566388130187988281e+00
6.563710689544677734e+00
6.560357093811035156e+00
6.556332111358642578e+00
6.551641464233398438e+00
6.546290397644042969e+00
6.540283679962158203e+00
6.533626556396484375e+00
6.526325225830078125e+00
6.518383979797363281e+00
6.509808063507080078e+00
6.500603675842285156e+00
6.490775585174560547e+00
6.480329036712646484e+00
6.469269275665283203e+00
6.457601547241210938e+00
6.445331096649169922e+00
6.432463645935058594e+00
6.419003486633300781e+00
6.404956817626953125e+00
6.390328884124755859e+00
6.375124454498291016e+00
6.359348773956298828e+00
6.343008041381835938e+00
6.326106548309326172e+00
6.308649539947509766e+00
6.290642738342285156e+00
6.272091388702392578e+00
6.253000736236572266e+00
6.233376026153564453e+00
6.213222503662109375e+00
6.192545413970947266e+00
6.171350002288818359e+00
6.149641513824462891e+00
6.127425193786621094e+00
6.104707241058349609e+00
6.081491470336914062e+00
6.057784080505371094e+00
6.033589363098144531e+00
6.008913516998291016e+00
5.983762264251708984e+00
5.958139419555664062e+00
5.932051658630371094e+00
5.905503273010253906e+00
5.878499984741210938e+00
5.851047039031982422e+00
5.823151111602783203e+00
5.794821262359619141e+00
5.766069412231445312e+00
5.736907482147216797e+00
5.707346439361572266e+00
5.677396774291992188e+00
5.647070407867431641e+00
5.616378307342529297e+00
5.585332870483398438e+00
5.553943634033203125e+00
5.522222995758056641e+00
5.490181922912597656e+00
5.457831382751464844e+00
5.425183773040771484e+00
5.392249107360839844e+00
5.359039306640625000e+00
5.325565338134765625e+00
5.291838645935058594e+00
5.257870674133300781e+00
5.223672389984130859e+00
5.189255237579345703e+00
5.154630661010742188e+00
5.119809627532958984e+00
5.084803104400634766e+00
5.049623012542724609e+00
5.014280796051025391e+00
4.978786468505859375e+00
4.943152904510498047e+00
4.907390594482421875e+00
4.871510505676269531e+00
4.835524559020996094e+00
4.799443721771240234e+00
4.763279438018798828e+00
4.727042198181152344e+00
4.690744876861572266e+00
4.654397010803222656e+00
4.618010997772216797e+00
4.581597805023193359e+00
4.545168399810791016e+00
4.508734703063964844e+00
4.472307682037353516e+00
4.435898303985595703e+00
4.399518013000488281e+00
4.363178253173828125e+00
4.326890468597412109e+00
4.290665626525878906e+00
4.254514694213867188e+00
4.218450069427490234e+00
4.182481765747070312e+00
4.146621704101562500e+00
4.110880374908447266e+00
4.075265407562255859e+00
4.039783000946044922e+00
4.004441261291503906e+00
3.969246387481689453e+00
3.934205055236816406e+00
3.899324655532836914e+00
3.864611864089965820e+00
3.830073356628417969e+00
3.795716285705566406e+00
3.761547327041625977e+00
3.727573394775390625e+00
3.693801641464233398e+00
3.660238981246948242e+00
3.626891851425170898e+00
3.593767404556274414e+00
3.560872793197631836e+00
3.528213977813720703e+00
3.495799064636230469e+00
3.463633775711059570e+00
3.431725978851318359e+00
3.400082111358642578e+00
3.368708848953247070e+00
3.337613344192504883e+00
3.306802749633789062e+00
3.276283264160156250e+00
3.246062278747558594e+00
3.216146707534790039e+00
3.186542987823486328e+00
3.157258510589599609e+00
3.128299951553344727e+00
3.099673986434936523e+00
3.071387767791748047e+00
3.043448209762573242e+00
3.015861988067626953e+00
2.988636255264282227e+00
2.961777448654174805e+00
2.935292959213256836e+00
2.909189462661743164e+00
2.883473634719848633e+00
2.858152627944946289e+00
2.833233118057250977e+00
2.808722257614135742e+00
2.784626960754394531e+00
2.760953903198242188e+00
2.737709760665893555e+00
2.714901685714721680e+00
2.692536830902099609e+00
2.670621633529663086e+00
2.649163007736206055e+00
2.628166437149047852e+00
2.607632160186767578e+00
2.587558031082153320e+00
2.567942619323730469e+00
2.548784255981445312e+00
2.530081510543823242e+00
2.511832475662231445e+00
2.494035482406616211e+00
2.476689100265502930e+00
2.459791898727416992e+00
2.443341732025146484e+00
2.427337646484375000e+00
2.411777257919311523e+00
2.396659374237060547e+00
2.381982564926147461e+00
2.367744684219360352e+00
2.353944301605224609e+00
2.340580224990844727e+00
2.327650070190429688e+00
2.315152883529663086e+00
2.303086519241333008e+00
2.291449785232543945e+00
2.280240535736083984e+00
2.269457817077636719e+00
2.259099483489990234e+00
2.249164342880249023e+00
2.239650249481201172e+00
2.230555772781372070e+00
2.221879482269287109e+00
2.213619709014892578e+00
2.205774784088134766e+00
2.198342800140380859e+00
2.191322326660156250e+00
2.184711933135986328e+00
2.178509950637817383e+00
2.172714471817016602e+00
2.167324066162109375e+00
2.162337064743041992e+00
2.157751798629760742e+00
2.153567075729370117e+00
2.149780511856079102e+00
2.146390914916992188e+00
2.143396615982055664e+00
2.140796184539794922e+00
2.138587474822998047e+00
2.136769294738769531e+00
2.135339975357055664e+00
2.134297847747802734e+00
2.133641242980957031e+00
2.133368492126464844e+00
2.133477210998535156e+00
2.133960247039794922e+00
2.134810447692871094e+00
2.136019945144653320e+00
2.137581348419189453e+00
2.139486551284790039e+00
2.141728401184082031e+00
2.144298553466796875e+00
2.147190332412719727e+00
2.150395393371582031e+00
2.153906106948852539e+00
2.157715320587158203e+00
2.161814928054809570e+00
2.166197538375854492e+00
2.170855045318603516e+00
2.175780534744262695e+00
2.180965900421142578e+00
2.186403274536132812e+00
2.192085504531860352e+00
2.198004961013793945e+00
2.204153776168823242e+00
2.210524082183837891e+00
2.217108488082885742e+00
2.223899364471435547e+00
2.230889081954956055e+00
2.238069772720336914e+00
2.245434284210205078e+00
2.252974271774291992e+00
2.260682821273803711e+00
2.268551588058471680e+00
2.276573657989501953e+00
2.284740686416625977e+00
2.293045282363891602e+00
2.301480293273925781e+00
2.310037136077880859e+00
2.318708896636962891e+00
2.327487945556640625e+00
2.336365938186645508e+00
2.345335960388183594e+00
2.354389905929565430e+00
2.363520383834838867e+00
2.372719526290893555e+00
2.381980180740356445e+00
2.391294240951538086e+00
2.400654077529907227e+00
2.410052061080932617e+00
2.419480800628662109e+00
2.428932428359985352e+00
2.438399076461791992e+00
2.447873830795288086e+00
