# te
3.098794460296630859e+00
3.818486452102661133e+00
3.888420104980468750e+00
3.581156969070434570e+00
3.105458974838256836e+00
2.591636896133422852e+00
2.120793342590332031e+00
1.730968356132507324e+00
1.436503648757934570e+00
1.241320729255676270e+00
1.142006516456604004e+00
1.117487072944641113e+00
1.143654465675354004e+00
1.201568722724914551e+00
1.275177717208862305e+00
1.354813098907470703e+00
1.433237314224243164e+00
1.506550431251525879e+00
1.572440385818481445e+00
1.631610631942749023e+00
1.686179280281066895e+00
1.740910649299621582e+00
1.799870967864990234e+00
1.861688971519470215e+00
1.924029588699340820e+00
1.986136674880981445e+00
2.046746969223022461e+00
2.100989103317260742e+00
2.144358158111572266e+00
2.177423715591430664e+00
2.201156377792358398e+00
2.213057756423950195e+00
2.210581064224243164e+00
2.194458484649658203e+00
2.166521310806274414e+00
2.129714965820312500e+00
2.086272954940795898e+00
2.034460544586181641e+00
1.971552252769470215e+00
1.895307183265686035e+00
1.805424332618713379e+00
1.702087283134460449e+00
1.585480213165283203e+00
1.455786705017089844e+00
1.313017725944519043e+00
1.156491637229919434e+00
9.853535294532775879e-01
7.987484931945800781e-01
5.958218574523925781e-01
3.760187923908233643e-01
1.399853825569152832e-01
-1.113322079181671143e-01
-3.769878745079040527e-01
-6.560354232788085938e-01
-9.478242993354797363e-01
-1.252885699272155762e+00
-1.572046637535095215e+00
-1.906133770942687988e+00
-2.255974054336547852e+00
-2.622205734252929688e+00
-3.004712104797363281e+00
-3.403187990188598633e+00
-3.817327976226806641e+00
-4.246827602386474609e+00
-4.691351890563964844e+00
-5.150449752807617188e+00
-5.623641014099121094e+00
-6.110445022583007812e+00
-6.610382080078125000e+00
-7.123070716857910156e+00
-7.648525714874267578e+00
-8.186860084533691406e+00
-8.738189697265625000e+00
-9.302626609802246094e+00
-9.880175590515136719e+00
-1.047039699554443359e+01
-1.107274246215820312e+01
-1.168666362762451172e+01
-1.231161117553710938e+01
-1.294704532623291016e+01
-1.359247303009033203e+01
-1.424740791320800781e+01
-1.491136550903320312e+01
-1.558386135101318359e+01
-1.626441955566406250e+01
-1.695258903503417969e+01
-1.764793586730957031e+01
-1.835001945495605469e+01
-1.905840301513671875e+01
-1.977261734008789062e+01
-2.049208641052246094e+01
-2.121620941162109375e+01
-2.194437980651855469e+01
-2.267599678039550781e+01
-2.341045379638671875e+01
-2.414715003967285156e+01
-2.488548088073730469e+01
-2.562484169006347656e+01
-2.636463165283203125e+01
-2.710424232482910156e+01
-2.784307861328125000e+01
-2.858052444458007812e+01
-2.931598854064941406e+01
-3.004886054992675781e+01
-3.077853965759277344e+01
-3.150441932678222656e+01
-3.222589874267578125e+01
-3.294237136840820312e+01
-3.365323638916015625e+01
-3.435788726806640625e+01
-3.505568313598632812e+01
-3.574599075317382812e+01
-3.642817306518554688e+01
-3.710158157348632812e+01
-3.776559066772460938e+01
-3.841954803466796875e+01
-3.906282806396484375e+01
-3.969478225708007812e+01
-4.031477355957031250e+01
-4.092216110229492188e+01
-4.151631546020507812e+01
-4.209658813476562500e+01
-4.266234588623046875e+01
-4.321294784545898438e+01
-4.374775314331054688e+01
-4.426612472534179688e+01
-4.476742553710937500e+01
-4.525101470947265625e+01
-4.571625137329101562e+01
-4.616252136230468750e+01
-4.658928680419921875e+01
-4.699603271484375000e+01
-4.738225173950195312e+01
-4.774741744995117188e+01
-4.809102630615234375e+01
-4.841255569458007812e+01
-4.871149826049804688e+01
-4.898733520507812500e+01
-4.923955154418945312e+01
-4.946763610839843750e+01
-4.967107009887695312e+01
-4.984934616088867188e+01
-5.000194168090820312e+01
-5.012834548950195312e+01
-5.022804260253906250e+01
-5.030052185058593750e+01
-5.034526443481445312e+01
-5.036176300048828125e+01
-5.034949111938476562e+01
-5.030800628662109375e+01
-5.023709869384765625e+01
-5.013661956787109375e+01
-5.000642395019531250e+01
-4.984637069702148438e+01
-4.965631103515625000e+01
-4.943610000610351562e+01
-4.918558883666992188e+01
-4.890463638305664062e+01
-4.859309387207031250e+01
-4.825082015991210938e+01
-4.787766647338867188e+01
-4.747348403930664062e+01
-4.703813171386718750e+01
-4.657146072387695312e+01
-4.607332992553710938e+01
-4.554359054565429688e+01
-4.498209762573242188e+01
-4.438870620727539062e+01
-4.376326751708984375e+01
-4.310564041137695312e+01
-4.241567611694335938e+01
-4.169322967529296875e+01
-4.093815612792968750e+01
-4.015031051635742188e+01
-3.932960891723632812e+01
-3.847622680664062500e+01
-3.759040069580078125e+01
-3.667236709594726562e+01
-3.572236633300781250e+01
-3.474063110351562500e+01
-3.372740173339843750e+01
-3.268291473388671875e+01
-3.160741233825683594e+01
-3.050112152099609375e+01
-2.936428833007812500e+01
-2.819714546203613281e+01
-2.699993515014648438e+01
-2.577289009094238281e+01
-2.451625061035156250e+01
-2.323025131225585938e+01
-2.191513061523437500e+01
-2.057112693786621094e+01
-1.919847488403320312e+01
-1.779741668701171875e+01
-1.636818504333496094e+01
-1.491101932525634766e+01
-1.342615699768066406e+01
-1.191383457183837891e+01
-1.037429046630859375e+01
-8.807859420776367188e+00
-7.215272903442382812e+00
-5.597359657287597656e+00
-3.954948902130126953e+00
-2.288869619369506836e+00
-5.999510884284973145e-01
1.110977530479431152e+00
2.843087196350097656e+00
4.595548152923583984e+00
6.367532730102539062e+00
8.158210754394531250e+00
9.966752052307128906e+00
1.179232883453369141e+01
1.363411235809326172e+01
1.549127197265625000e+01
1.736298179626464844e+01
1.924840736389160156e+01
2.114672470092773438e+01
2.305710220336914062e+01
2.497871017456054688e+01
2.691071891784667969e+01
2.885230445861816406e+01
3.080262947082519531e+01
3.276087570190429688e+01
3.472620010375976562e+01
3.669778442382812500e+01
3.867479324340820312e+01
4.065640258789062500e+01
4.264178466796875000e+01
4.463010025024414062e+01
4.662052917480468750e+01
4.861223983764648438e+01
5.060440444946289062e+01
5.259619140625000000e+01
5.458676910400390625e+01
5.657531356811523438e+01
5.856099319458007812e+01
6.054298400878906250e+01
6.252045059204101562e+01
6.449256134033203125e+01
6.645849609375000000e+01
6.841742706298828125e+01
7.036850738525390625e+01
7.231092071533203125e+01
7.424384307861328125e+01
7.616643524169921875e+01
7.807787322998046875e+01
7.997733306884765625e+01
8.186396789550781250e+01
8.373696136474609375e+01
8.559550476074218750e+01
8.743885803222656250e+01
8.926631164550781250e+01
9.107714843750000000e+01
9.287064361572265625e+01
9.464608764648437500e+01
9.640277099609375000e+01
9.813996887207031250e+01
9.985697174072265625e+01
1.015530624389648438e+02
1.032275238037109375e+02
1.048796310424804688e+02
1.065086898803710938e+02
1.081139678955078125e+02
1.096947555541992188e+02
1.112503356933593750e+02
1.127799987792968750e+02
1.142830123901367188e+02
1.157586746215820312e+02
1.172062683105468750e+02
1.186250839233398438e+02
1.200143890380859375e+02
1.213734741210937500e+02
1.227016372680664062e+02
1.239981384277343750e+02
1.252622833251953125e+02
1.264933547973632812e+02
1.276906204223632812e+02
1.288533782958984375e+02
1.299809112548828125e+02
1.310724945068359375e+02
1.321274414062500000e+02
1.331449890136718750e+02
1.341244659423828125e+02
1.350651245117187500e+02
1.359662628173828125e+02
1.368271636962890625e+02
1.376471252441406250e+02
1.384253997802734375e+02
1.391613159179687500e+02
1.398541107177734375e+02
1.405030975341796875e+02
1.411075592041015625e+02
1.416667633056640625e+02
1.421800079345703125e+02
1.426465911865234375e+02
1.430657653808593750e+02
1.434368286132812500e+02
1.437590637207031250e+02
1.440317687988281250e+02
1.442543945312500000e+02
1.444270172119140625e+02
1.445499877929687500e+02
1.446235504150390625e+02
1.446479949951171875e+02
1.446236267089843750e+02
1.445507049560546875e+02
1.444295196533203125e+02
1.442603912353515625e+02
1.440435791015625000e+02
1.437793426513671875e+02
1.434680175781250000e+02
1.431098632812500000e+02
1.427051544189453125e+02
1.422542114257812500e+02
1.417573089599609375e+02
1.412147064208984375e+02
1.406267089843750000e+02
1.399936065673828125e+02
1.393156890869140625e+02
1.385932312011718750e+02
1.378265228271484375e+02
1.370158386230468750e+02
1.361614837646484375e+02
1.352637329101562500e+02
1.343228759765625000e+02
1.333392028808593750e+02
1.323129730224609375e+02
1.312445220947265625e+02
1.301340942382812500e+02
1.289819793701171875e+02
1.277884750366210938e+02
1.265538787841796875e+02
1.252784500122070312e+02
1.239624938964843750e+02
1.226062850952148438e+02
1.212101211547851562e+02
1.197742691040039062e+02
1.182990341186523438e+02
1.167846984863281250e+02
1.152315368652343750e+02
1.136398468017578125e+02
1.120099105834960938e+02
1.103420028686523438e+02
1.086364364624023438e+02
1.068934707641601562e+02
1.051134033203125000e+02
1.032965240478515625e+02
1.014431152343750000e+02
9.955345153808593750e+01
9.762796020507812500e+01
9.566753387451171875e+01
9.367321777343750000e+01
9.164602661132812500e+01
8.958699798583984375e+01
8.749716186523437500e+01
8.537754821777343750e+01
8.322917938232421875e+01
8.105310058593750000e+01
7.885032653808593750e+01
7.662190246582031250e+01
7.436884307861328125e+01
7.209218597412109375e+01
6.979296875000000000e+01
6.747220611572265625e+01
6.513094329833984375e+01
6.277019882202148438e+01
6.039099884033203125e+01
5.799439620971679688e+01
5.558139801025390625e+01
5.315304183959960938e+01
5.071036148071289062e+01
4.825437927246093750e+01
4.578613662719726562e+01
4.330665588378906250e+01
4.081696701049804688e+01
3.831809997558593750e+01
3.581108856201171875e+01
3.329696273803710938e+01
3.077674484252929688e+01
2.825147438049316406e+01
2.572217750549316406e+01
2.318988609313964844e+01
2.065562820434570312e+01
1.812043380737304688e+01
1.558533382415771484e+01
1.305135822296142578e+01
1.051953697204589844e+01
7.990900993347167969e+00
5.466478824615478516e+00
2.947302103042602539e+00
4.344003200531005859e-01
-2.071196556091308594e+00
-4.568458557128906250e+00
-7.056355476379394531e+00
-9.533856391906738281e+00
-1.199993228912353516e+01
-1.445355319976806641e+01
-1.689368820190429688e+01
-1.931930732727050781e+01
-2.172943496704101562e+01
-2.412331581115722656e+01
-2.650024795532226562e+01
-2.885952568054199219e+01
-3.120045280456542969e+01
-3.352232360839843750e+01
-3.582444000244140625e+01
-3.810609436035156250e+01
-4.036658859252929688e+01
-4.260522079467773438e+01
-4.482128524780273438e+01
-4.701408767700195312e+01
-4.918292236328125000e+01
-5.132708358764648438e+01
-5.344587326049804688e+01
-5.553859329223632812e+01
-5.760453414916992188e+01
-5.964299774169921875e+01
-6.165328598022460938e+01
-6.363468551635742188e+01
-6.558650207519531250e+01
-6.750803375244140625e+01
-6.939858245849609375e+01
-7.125744628906250000e+01
-7.308391571044921875e+01
-7.487728881835937500e+01
-7.663687133789062500e+01
-7.836195373535156250e+01
-8.005184173583984375e+01
-8.170582580566406250e+01
-8.332321166992187500e+01
-8.490328979492187500e+01
-8.644536590576171875e+01
-8.794873809814453125e+01
-8.941268920898437500e+01
-9.083653259277343750e+01
-9.221956634521484375e+01
-9.356108856201171875e+01
-9.486038970947265625e+01
-9.611677551269531250e+01
-9.732953643798828125e+01
-9.849797058105468750e+01
-9.962139129638671875e+01
-1.006990737915039062e+02
-1.017303390502929688e+02
-1.027144699096679688e+02
-1.036507720947265625e+02
-1.045385360717773438e+02
-1.053770599365234375e+02
-1.061656570434570312e+02
-1.069037857055664062e+02
-1.075916442871093750e+02
-1.082295837402343750e+02
-1.088179931640625000e+02
-1.093572158813476562e+02
-1.098476257324218750e+02
-1.102895812988281250e+02
-1.106834640502929688e+02
-1.110296096801757812e+02
-1.113284149169921875e+02
-1.115802307128906250e+02
-1.117854156494140625e+02
-1.119443435668945312e+02
-1.120573883056640625e+02
-1.121248855590820312e+02
-1.121472244262695312e+02
-1.121247634887695312e+02
-1.120578765869140625e+02
-1.119469223022460938e+02
-1.117922592163085938e+02
-1.115942535400390625e+02
-1.113532867431640625e+02
-1.110696945190429688e+02
-1.107438659667968750e+02
-1.103761520385742188e+02
-1.099669342041015625e+02
-1.095165634155273438e+02
-1.090254058837890625e+02
-1.084938354492187500e+02
-1.079222106933593750e+02
-1.073108901977539062e+02
-1.066602554321289062e+02
-1.059706573486328125e+02
-1.052424621582031250e+02
-1.044760360717773438e+02
-1.036717605590820312e+02
-1.028299713134765625e+02
-1.019510574340820312e+02
-1.010353775024414062e+02
-1.000832901000976562e+02
-9.909516143798828125e+01
-9.807136535644531250e+01
-9.701225280761718750e+01
-9.591819763183593750e+01
-9.478957366943359375e+01
-9.362672424316406250e+01
-9.243003082275390625e+01
-9.119985961914062500e+01
-8.993656158447265625e+01
-8.864051818847656250e+01
-8.731218719482421875e+01
-8.595249176025390625e+01
-8.456243896484375000e+01
-8.314303588867187500e+01
-8.169532012939453125e+01
-8.022029113769531250e+01
-7.871897125244140625e+01
-7.719237518310546875e+01
-7.564151000976562500e+01
-7.406741333007812500e+01
-7.247107696533203125e+01
-7.085353088378906250e+01
-6.921578979492187500e+01
-6.755886840820312500e+01
-6.588377380371093750e+01
-6.419153594970703125e+01
-6.248316955566406250e+01
-6.075967407226562500e+01
-5.902208328247070312e+01
-5.727140808105468750e+01
-5.550866699218750000e+01
-5.373486709594726562e+01
-5.195103073120117188e+01
-5.015816879272460938e+01
-4.835730743408203125e+01
-4.654944992065429688e+01
-4.473562240600585938e+01
-4.291683959960937500e+01
-4.109411239624023438e+01
-3.926845550537109375e+01
-3.744089126586914062e+01
-3.561243057250976562e+01
-3.378409576416015625e+01
-3.195689773559570312e+01
-3.013185119628906250e+01
-2.830997276306152344e+01
-2.649228286743164062e+01
-2.467979621887207031e+01
-2.287352180480957031e+01
-2.107448387145996094e+01
-1.928369331359863281e+01
-1.750216865539550781e+01
-1.573092555999755859e+01
-1.397097873687744141e+01
-1.222334575653076172e+01
-1.048904037475585938e+01
-8.769080162048339844e+00
-7.064480781555175781e+00
-5.376258373260498047e+00
-3.705428600311279297e+00
-2.052937269210815430e+00
-4.194549918174743652e-01
1.194418907165527344e+00
2.788084268569946289e+00
4.360940933227539062e+00
5.912389755249023438e+00
7.441829681396484375e+00
8.948660850524902344e+00
1.043228435516357422e+01
1.189209938049316406e+01
1.332750511169433594e+01
1.473790264129638672e+01
1.612269210815429688e+01
1.748127365112304688e+01
1.881304550170898438e+01
2.011741065979003906e+01
2.139376640319824219e+01
2.264151382446289062e+01
2.386005401611328125e+01
2.504878425598144531e+01
2.620710563659667969e+01
2.733442306518554688e+01
2.843012619018554688e+01
2.949362564086914062e+01
3.052431488037109375e+01
3.152159690856933594e+01
3.248487091064453125e+01
3.341353225708007812e+01
3.430698776245117188e+01
3.516463851928710938e+01
3.598587799072265625e+01
3.677010726928710938e+01
3.751673507690429688e+01
3.822515106201171875e+01
3.889476013183593750e+01
3.952495574951171875e+01
4.011514663696289062e+01
4.066473007202148438e+01
4.117310714721679688e+01
4.163967514038085938e+01
4.206382751464843750e+01
4.244498062133789062e+01
4.278252410888671875e+01
4.307585906982421875e+01
4.332438659667968750e+01
4.352750396728515625e+01
4.368461227416992188e+01
4.379511642456054688e+01
4.385840988159179688e+01
4.387389755249023438e+01
4.384114837646484375e+01
4.376041412353515625e+01
4.363212203979492188e+01
4.345669937133789062e+01
4.323457336425781250e+01
4.296616363525390625e+01
4.265189743041992188e+01
4.229220199584960938e+01
4.188750457763671875e+01
4.143822479248046875e+01
4.094479370117187500e+01
4.040763092041015625e+01
3.982716751098632812e+01
3.920382308959960938e+01
3.853803253173828125e+01
3.783021163940429688e+01
3.708078765869140625e+01
3.629019546508789062e+01
3.545884704589843750e+01
3.458717346191406250e+01
3.367560195922851562e+01
3.272455215454101562e+01
3.173446083068847656e+01
3.070574188232421875e+01
2.963882637023925781e+01
2.853413772583007812e+01
2.739209938049316406e+01
2.621314239501953125e+01
2.499769020080566406e+01
2.374616432189941406e+01
2.245899391174316406e+01
2.113660430908203125e+01
1.977942085266113281e+01
1.838786697387695312e+01
1.696236991882324219e+01
1.550335407257080078e+01
1.401124477386474609e+01
1.248647022247314453e+01
1.092945194244384766e+01
9.340618133544921875e+00
7.720392704010009766e+00
6.069200992584228516e+00
4.387469291687011719e+00
2.675622463226318359e+00
9.340865015983581543e-01
-8.367136120796203613e-01
-2.636352539062500000e+00
-4.464404582977294922e+00
-6.320444583892822266e+00
-8.204046249389648438e+00
-1.011469173431396484e+01
-1.205148410797119141e+01
-1.401343154907226562e+01
-1.599954795837402344e+01
-1.800883865356445312e+01
-2.004031562805175781e+01
-2.209298896789550781e+01
-2.416586875915527344e+01
-2.625796318054199219e+01
-2.836828231811523438e+01
-3.049583816528320312e+01
-3.263963699340820312e+01
-3.479869461059570312e+01
-3.697201156616210938e+01
-3.915860748291015625e+01
-4.135748672485351562e+01
-4.356766128540039062e+01
-4.578813552856445312e+01
-4.801792907714843750e+01
-5.025603866577148438e+01
-5.250148773193359375e+01
-5.475328063964843750e+01
-5.701042556762695312e+01
-5.927192687988281250e+01
-6.153680801391601562e+01
-6.380407333374023438e+01
-6.607273101806640625e+01
-6.834178924560546875e+01
-7.061026000976562500e+01
-7.287715148925781250e+01
-7.514147186279296875e+01
-7.740223693847656250e+01
-7.965844726562500000e+01
-8.190912628173828125e+01
-8.415327453613281250e+01
-8.638990020751953125e+01
-8.861802673339843750e+01
-9.083664703369140625e+01
-9.304477691650390625e+01
-9.524142456054687500e+01
-9.742560577392578125e+01
-9.959632110595703125e+01
-1.017525939941406250e+02
-1.038934249877929688e+02
-1.060178222656250000e+02
-1.081247940063476562e+02
-1.102133712768554688e+02
-1.122825241088867188e+02
-1.143313064575195312e+02
-1.163586959838867188e+02
-1.183637847900390625e+02
-1.203459548950195312e+02
-1.223046112060546875e+02
-1.242392272949218750e+02
-1.261492156982421875e+02
-1.280340423583984375e+02
-1.298931274414062500e+02
-1.317259063720703125e+02
-1.335318450927734375e+02
-1.353103485107421875e+02
-1.370608825683593750e+02
-1.387828521728515625e+02
-1.404757385253906250e+02
-1.421389617919921875e+02
-1.437719726562500000e+02
-1.453741760253906250e+02
-1.469450531005859375e+02
-1.484840087890625000e+02
-1.499905090332031250e+02
-1.514639739990234375e+02
-1.529038696289062500e+02
-1.543095855712890625e+02
-1.556806182861328125e+02
-1.570163574218750000e+02
-1.583162689208984375e+02
-1.595798034667968750e+02
-1.608063659667968750e+02
-1.619954376220703125e+02
-1.631464233398437500e+02
-1.642587585449218750e+02
-1.653319091796875000e+02
-1.663653106689453125e+02
-1.673583679199218750e+02
-1.683105621337890625e+02
-1.692213287353515625e+02
-1.700900726318359375e+02
-1.709162597656250000e+02
-1.716993255615234375e+02
-1.724387054443359375e+02
-1.731338500976562500e+02
-1.737841796875000000e+02
-1.743891601562500000e+02
-1.749481964111328125e+02
-1.754607391357421875e+02
-1.759262542724609375e+02
-1.763441467285156250e+02
-1.767138671875000000e+02
-1.770348663330078125e+02
-1.773065643310546875e+02
-1.775284118652343750e+02
-1.777000122070312500e+02
-1.778215637207031250e+02
-1.778934783935546875e+02
-1.779161529541015625e+02
-1.778899383544921875e+02
-1.778152465820312500e+02
-1.776924438476562500e+02
-1.775219421386718750e+02
-1.773040924072265625e+02
-1.770393218994140625e+02
-1.767279663085937500e+02
-1.763704528808593750e+02
-1.759671478271484375e+02
-1.755184326171875000e+02
-1.750247039794921875e+02
-1.744863433837890625e+02
-1.739037322998046875e+02
-1.732772674560546875e+02
-1.726073150634765625e+02
-1.718942718505859375e+02
-1.711385345458984375e+02
-1.703404693603515625e+02
-1.695004730224609375e+02
-1.686189270019531250e+02
-1.676962280273437500e+02
-1.667327270507812500e+02
-1.657288513183593750e+02
-1.646849822998046875e+02
-1.636014709472656250e+02
-1.624787292480468750e+02
-1.613171234130859375e+02
-1.601170654296875000e+02
-1.588789215087890625e+02
-1.576030883789062500e+02
-1.562899475097656250e+02
-1.549398651123046875e+02
-1.535532531738281250e+02
-1.521304931640625000e+02
-1.506719665527343750e+02
-1.491780548095703125e+02
-1.476491546630859375e+02
-1.460856323242187500e+02
-1.444878997802734375e+02
-1.428563079833984375e+02
-1.411912689208984375e+02
-1.394931488037109375e+02
-1.377623596191406250e+02
-1.359992675781250000e+02
-1.342042541503906250e+02
-1.323777313232421875e+02
-1.305201416015625000e+02
-1.286323547363281250e+02
-1.267153091430664062e+02
-1.247699584960937500e+02
-1.227972259521484375e+02
-1.207980651855468750e+02
-1.187734069824218750e+02
-1.167242126464843750e+02
-1.146514129638671875e+02
-1.125559387207031250e+02
-1.104387512207031250e+02
-1.083007965087890625e+02
-1.061429901123046875e+02
-1.039663009643554688e+02
-1.017716598510742188e+02
-9.956000518798828125e+01
-9.733228302001953125e+01
-9.508943939208984375e+01
-9.283241271972656250e+01
-9.056215667724609375e+01
-8.827958679199218750e+01
-8.598567199707031250e+01
-8.368134307861328125e+01
-8.136754608154296875e+01
-7.904520416259765625e+01
-7.671529388427734375e+01
-7.437873077392578125e+01
-7.203646850585937500e+01
-6.968944549560546875e+01
-6.733860778808593750e+01
-6.498490142822265625e+01
-6.262924957275390625e+01
-6.027261734008789062e+01
-5.791592788696289062e+01
-5.556013488769531250e+01
-5.320618057250976562e+01
-5.085500717163085938e+01
-4.850754928588867188e+01
-4.616475677490234375e+01
-4.382756805419921875e+01
-4.149692916870117188e+01
-3.917377853393554688e+01
-3.685906219482421875e+01
-3.455371856689453125e+01
-3.225868988037109375e+01
-2.997492027282714844e+01
-2.770335388183593750e+01
-2.544493103027343750e+01
-2.320059013366699219e+01
-2.097127914428710938e+01
-1.875787162780761719e+01
-1.656098556518554688e+01
-1.438116550445556641e+01
-1.221896457672119141e+01
-1.007493019104003906e+01
-7.949611186981201172e+00
-5.843557834625244141e+00
-3.757318019866943359e+00
-1.691441774368286133e+00
3.535218536853790283e-01
2.377023696899414062e+00
4.378514289855957031e+00
6.357445240020751953e+00
8.313266754150390625e+00
1.024542999267578125e+01
1.215338611602783203e+01
1.403658390045166016e+01
1.589447689056396484e+01
1.772651481628417969e+01
1.953214645385742188e+01
2.131082725524902344e+01
2.306200408935546875e+01
2.478512763977050781e+01
2.647965431213378906e+01
2.814502716064453125e+01
2.978070259094238281e+01
3.138612747192382812e+01
3.296075820922851562e+01
3.450403594970703125e+01
3.601542282104492188e+01
3.749436187744140625e+01
3.894030761718750000e+01
4.035271072387695312e+01
4.173102188110351562e+01
4.307468795776367188e+01
4.438316345214843750e+01
4.565589904785156250e+01
4.689234542846679688e+01
4.809195327758789062e+01
4.925417709350585938e+01
5.037845993041992188e+01
5.146425628662109375e+01
5.251101684570312500e+01
5.351819229125976562e+01
5.448524093627929688e+01
5.541159820556640625e+01
5.629672622680664062e+01
5.714007568359375000e+01
5.794108963012695312e+01
5.869923019409179688e+01
5.941407012939453125e+01
6.008573150634765625e+01
6.071445846557617188e+01
6.130049896240234375e+01
6.184410858154296875e+01
6.234552001953125000e+01
6.280499649047851562e+01
6.322277069091796875e+01
6.359910202026367188e+01
6.393423843383789062e+01
6.422842407226562500e+01
6.448190307617187500e+01
6.469492340087890625e+01
6.486773681640625000e+01
6.500060272216796875e+01
6.509374237060546875e+01
6.514742279052734375e+01
6.516188812255859375e+01
6.513738250732421875e+01
6.507415771484375000e+01
6.497245788574218750e+01
6.483253479003906250e+01
6.465463256835937500e+01
6.443900299072265625e+01
6.418589782714843750e+01
6.389554595947265625e+01
6.356821441650390625e+01
6.320414352416992188e+01
6.280357742309570312e+01
6.236677169799804688e+01
6.189397048950195312e+01
6.138542556762695312e+01
6.084137725830078125e+01
6.026207733154296875e+01
5.964776992797851562e+01
5.899871063232421875e+01
5.831513977050781250e+01
5.759731674194335938e+01
5.684547424316406250e+01
5.605986404418945312e+01
5.524073791503906250e+01
5.438834381103515625e+01
5.350292587280273438e+01
5.258473587036132812e+01
5.163401794433593750e+01
5.065102386474609375e+01
4.963599777221679688e+01
4.858918762207031250e+01
4.751084518432617188e+01
4.640121078491210938e+01
4.526062393188476562e+01
4.408973693847656250e+01
4.288929748535156250e+01
4.166004562377929688e+01
4.040272521972656250e+01
3.911807250976562500e+01
3.780683898925781250e+01
3.646976852416992188e+01
3.510759353637695312e+01
3.372105789184570312e+01
3.231091308593750000e+01
3.087789344787597656e+01
2.942274475097656250e+01
2.794621086120605469e+01
2.644903373718261719e+01
2.493195152282714844e+01
2.339571189880371094e+01
2.184105491638183594e+01
2.026872253417968750e+01
1.867945861816406250e+01
1.707400703430175781e+01
1.545310592651367188e+01
1.381750106811523438e+01
1.216793632507324219e+01
1.050515079498291016e+01
8.829889297485351562e+00
7.142892837524414062e+00
5.444904804229736328e+00
3.736667156219482422e+00
2.018923282623291016e+00
2.924149930477142334e-01
-1.442115068435668945e+00
-3.183924436569213867e+00
-4.932270050048828125e+00
-6.686410427093505859e+00
-8.445602416992187500e+00
-1.020910263061523438e+01
-1.197617149353027344e+01
-1.374606323242187500e+01
-1.551803588867187500e+01
-1.729134750366210938e+01
-1.906525802612304688e+01
-2.083902168273925781e+01
-2.261189651489257812e+01
-2.438314056396484375e+01
-2.615200996398925781e+01
-2.791776466369628906e+01
-2.967966079711914062e+01
-3.143695640563964844e+01
-3.318890762329101562e+01
-3.493480682373046875e+01
-3.667409896850585938e+01
-3.840625381469726562e+01
-4.013074493408203125e+01
-4.184704589843750000e+01
-4.355463790893554688e+01
-4.525298309326171875e+01
-4.694157028198242188e+01
-4.861986541748046875e+01
-5.028734588623046875e+01
-5.194348526000976562e+01
-5.358775711059570312e+01
-5.521963500976562500e+01
-5.683859634399414062e+01
-5.844411468505859375e+01
-6.003566360473632812e+01
-6.161271667480468750e+01
-6.317475128173828125e+01
-6.472124481201171875e+01
-6.625166320800781250e+01
-6.776548767089843750e+01
-6.926218414306640625e+01
-7.074124145507812500e+01
-7.220212554931640625e+01
-7.364430236816406250e+01
-7.506726074218750000e+01
-7.647046661376953125e+01
-7.785340118408203125e+01
-7.921553802490234375e+01
-8.055634307861328125e+01
-8.187529754638671875e+01
-8.317187500000000000e+01
-8.444554901123046875e+01
-8.569580078125000000e+01
-8.692208862304687500e+01
-8.812390136718750000e+01
-8.930071258544921875e+01
-9.045199584960937500e+01
-9.157722473144531250e+01
-9.267586517333984375e+01
-9.374739837646484375e+01
-9.479129791259765625e+01
-9.580704498291015625e+01
-9.679410552978515625e+01
-9.775196075439453125e+01
-9.868007659912109375e+01
-9.957793426513671875e+01
-1.004450073242187500e+02
-1.012807693481445312e+02
-1.020847015380859375e+02
-1.028563766479492188e+02
-1.035958175659179688e+02
-1.043031692504882812e+02
-1.049785614013671875e+02
-1.056221160888671875e+02
-1.062339935302734375e+02
-1.068142929077148438e+02
-1.073631744384765625e+02
-1.078807678222656250e+02
-1.083671951293945312e+02
-1.088226089477539062e+02
-1.092471160888671875e+02
-1.096408691406250000e+02
-1.100039978027343750e+02
-1.103366317749023438e+02
-1.106389236450195312e+02
-1.109109725952148438e+02
-1.111529464721679688e+02
-1.113649520874023438e+02
-1.115471420288085938e+02
-1.116996383666992188e+02
-1.118225936889648438e+02
-1.119160995483398438e+02
-1.119803390502929688e+02
-1.120154266357421875e+02
-1.120214843750000000e+02
-1.119986572265625000e+02
-1.119470672607421875e+02
-1.118668746948242188e+02
-1.117581787109375000e+02
-1.116211318969726562e+02
-1.114558715820312500e+02
-1.112625350952148438e+02
-1.110412368774414062e+02
-1.107921218872070312e+02
-1.105153274536132812e+02
-1.102109680175781250e+02
-1.098791961669921875e+02
-1.095201492309570312e+02
-1.091339492797851562e+02
-1.087207336425781250e+02
-1.082806320190429688e+02
-1.078137817382812500e+02
-1.073203201293945312e+02
-1.068003768920898438e+02
-1.062540817260742188e+02
-1.056815795898437500e+02
-1.050829849243164062e+02
-1.044584579467773438e+02
-1.038081054687500000e+02
-1.031321487426757812e+02
-1.024310684204101562e+02
-1.017054214477539062e+02
-1.009557800292968750e+02
-1.001826782226562500e+02
-9.938668823242187500e+01
-9.856837463378906250e+01
-9.772827911376953125e+01
-9.686697387695312500e+01
-9.598500061035156250e+01
-9.508293151855468750e+01
-9.416131591796875000e+01
-9.322071838378906250e+01
-9.226169586181640625e+01
-9.128480529785156250e+01
-9.029059600830078125e+01
-8.927964019775390625e+01
-8.825248718261718750e+01
-8.720970153808593750e+01
-8.615182495117187500e+01
-8.507942962646484375e+01
-8.399308013916015625e+01
-8.289332580566406250e+01
-8.178070831298828125e+01
-8.065580749511718750e+01
-7.951918029785156250e+01
-7.837137603759765625e+01
-7.721295166015625000e+01
-7.604447937011718750e+01
-7.486649322509765625e+01
-7.367956542968750000e+01
-7.248426818847656250e+01
-7.128113555908203125e+01
-7.007072448730468750e+01
-6.885361480712890625e+01
-6.763034820556640625e+01
-6.640148162841796875e+01
-6.516757965087890625e+01
-6.392920684814453125e+01
-6.268690872192382812e+01
-6.144124221801757812e+01
-6.019277191162109375e+01
-5.894205474853515625e+01
-5.768964767456054688e+01
-5.643611145019531250e+01
-5.518199920654296875e+01
-5.392786788940429688e+01
-5.267428207397460938e+01
-5.142179870605468750e+01
-5.017096710205078125e+01
-4.892233276367187500e+01
-4.767633056640625000e+01
-4.643338012695312500e+01
-4.519391250610351562e+01
-4.395833587646484375e+01
-4.272707366943359375e+01
-4.150054931640625000e+01
-4.027917480468750000e+01
-3.906337738037109375e+01
-3.785357284545898438e+01
-3.665018081665039062e+01
-3.545362472534179688e+01
-3.426432418823242188e+01
-3.308269500732421875e+01
-3.190915870666503906e+01
-3.074413681030273438e+01
-2.958804512023925781e+01
-2.844130897521972656e+01
-2.730434417724609375e+01
-2.617757415771484375e+01
-2.506141471862792969e+01
-2.395628929138183594e+01
-2.286261367797851562e+01
-2.178080940246582031e+01
-2.071129798889160156e+01
-1.965449905395507812e+01
-1.861083030700683594e+01
-1.758071327209472656e+01
-1.656456756591796875e+01
-1.556281185150146484e+01
-1.457586860656738281e+01
-1.360415363311767578e+01
-1.264809131622314453e+01
-1.170809841156005859e+01
-1.078459548950195312e+01
-9.878003120422363281e+00
-8.988739967346191406e+00
-8.117226600646972656e+00
-7.263883113861083984e+00
-6.429128646850585938e+00
-5.613383293151855469e+00
-4.817067146301269531e+00
-4.040599822998046875e+00
-3.284401178359985352e+00
-2.548891067504882812e+00
-1.834489583969116211e+00
-1.141616106033325195e+00
-4.706907272338867188e-01
1.778667122125625610e-01
8.036363720893859863e-01
1.406278967857360840e+00
1.985777616500854492e+00
2.542195796966552734e+00
3.075597047805786133e+00
3.586045503616333008e+00
4.073603630065917969e+00
4.538335800170898438e+00
4.980305194854736328e+00
5.399576187133789062e+00
5.796211719512939453e+00
6.170275211334228516e+00
6.521830558776855469e+00
6.850941658020019531e+00
7.157670974731445312e+00
7.442083835601806641e+00
7.704241752624511719e+00
7.944210052490234375e+00
8.162051200866699219e+00
8.357829093933105469e+00
8.531608581542968750e+00
8.683449745178222656e+00
8.813421249389648438e+00
8.921582221984863281e+00
9.007998466491699219e+00
9.072732925415039062e+00
9.115848541259765625e+00
9.137411117553710938e+00
9.137482643127441406e+00
9.116126060485839844e+00
9.073405265808105469e+00
9.009385108947753906e+00
8.924128532409667969e+00
8.817698478698730469e+00
8.690159797668457031e+00
8.541574478149414062e+00
8.372006416320800781e+00
8.181521415710449219e+00
7.970179557800292969e+00
7.738046646118164062e+00
7.485186100006103516e+00
7.211661338806152344e+00
6.917534828186035156e+00
6.602871894836425781e+00
6.267735004425048828e+00
5.912188529968261719e+00
5.536295413970947266e+00
5.140119075775146484e+00
4.723723888397216797e+00
4.287172794342041016e+00
3.830529451370239258e+00
3.353915929794311523e+00
2.857686758041381836e+00
2.342254877090454102e+00
1.808032989501953125e+00
1.255434393882751465e+00
6.848719120025634766e-01
9.675838053226470947e-02
-5.084931850433349609e-01
-1.130469918251037598e+00
-1.768758773803710938e+00
-2.422946929931640625e+00
-3.092621564865112305e+00
-3.777369499206542969e+00
-4.476778030395507812e+00
-5.190433979034423828e+00
-5.917924880981445312e+00
-6.658837318420410156e+00
-7.412758350372314453e+00
-8.179275512695312500e+00
-8.957975387573242188e+00
-9.748445510864257812e+00
-1.055027198791503906e+01
-1.136304378509521484e+01
-1.218634605407714844e+01
-1.301976680755615234e+01
-1.386289310455322266e+01
-1.471531105041503906e+01
-1.557661056518554688e+01
-1.644637298583984375e+01
-1.732419204711914062e+01
-1.820965194702148438e+01
-1.910233879089355469e+01
-2.000184059143066406e+01
-2.090774536132812500e+01
-2.181963539123535156e+01
-2.273710632324218750e+01
-2.365973663330078125e+01
-2.458712005615234375e+01
-2.551883888244628906e+01
-2.645448303222656250e+01
-2.739363670349121094e+01
-2.833589172363281250e+01
-2.928083229064941406e+01
-3.022804260253906250e+01
-3.117711639404296875e+01
-3.212763214111328125e+01
-3.307918548583984375e+01
-3.403136062622070312e+01
-3.498374176025390625e+01
-3.593592071533203125e+01
-3.688748931884765625e+01
-3.783810043334960938e+01
-3.878741836547851562e+01
-3.973509597778320312e+01
-4.068079757690429688e+01
-4.162418365478515625e+01
-4.256490707397460938e+01
-4.350263977050781250e+01
-4.443703079223632812e+01
-4.536774826049804688e+01
-4.629444503784179688e+01
-4.721678924560546875e+01
-4.813443756103515625e+01
-4.904705047607421875e+01
-4.995428466796875000e+01
-5.085580444335937500e+01
-5.175127029418945312e+01
-5.264033508300781250e+01
-5.352267074584960938e+01
-5.439792251586914062e+01
-5.526576995849609375e+01
-5.612585830688476562e+01
-5.697785186767578125e+01
-5.782140350341796875e+01
-5.865618896484375000e+01
-5.948185729980468750e+01
-6.029806900024414062e+01
-6.110448455810546875e+01
-6.190077590942382812e+01
-6.268658828735351562e+01
-6.346158218383789062e+01
-6.422542572021484375e+01
-6.497777557373046875e+01
-6.571829223632812500e+01
-6.644664001464843750e+01
-6.716246795654296875e+01
-6.786544036865234375e+01
-6.855522918701171875e+01
-6.923147583007812500e+01
-6.989385986328125000e+01
-7.054202270507812500e+01
-7.117563629150390625e+01
-7.179435729980468750e+01
-7.239784240722656250e+01
-7.298577117919921875e+01
-7.355776977539062500e+01
-7.411352539062500000e+01
-7.465268707275390625e+01
-7.517491149902343750e+01
-7.567987823486328125e+01
-7.616728210449218750e+01
-7.663709259033203125e+01
-7.708932495117187500e+01
-7.752398681640625000e+01
-7.794110107421875000e+01
-7.834068298339843750e+01
-7.872273254394531250e+01
-7.908728790283203125e+01
-7.943434906005859375e+01
-7.976393890380859375e+01
-8.007607269287109375e+01
-8.037075042724609375e+01
-8.064801025390625000e+01
-8.090785217285156250e+01
-8.115029907226562500e+01
-8.137535095214843750e+01
-8.158304595947265625e+01
-8.177338409423828125e+01
-8.194638061523437500e+01
-8.210205841064453125e+01
-8.224043273925781250e+01
-8.236151123046875000e+01
-8.246530914306640625e+01
-8.255184936523437500e+01
-8.262113952636718750e+01
-8.267319488525390625e+01
-8.270803833007812500e+01
-8.272567749023437500e+01
-8.272613525390625000e+01
-8.270941162109375000e+01
-8.267554473876953125e+01
-8.262452697753906250e+01
-8.255639648437500000e+01
-8.247113800048828125e+01
-8.236879730224609375e+01
-8.224936676025390625e+01
-8.211288452148437500e+01
-8.195934295654296875e+01
-8.178877258300781250e+01
-8.160117340087890625e+01
-8.139657592773437500e+01
-8.117499542236328125e+01
-8.093643951416015625e+01
-8.068092346191406250e+01
-8.040846252441406250e+01
-8.011906433105468750e+01
-7.981276702880859375e+01
-7.948956298828125000e+01
-7.914948272705078125e+01
-7.879253387451171875e+01
-7.841877746582031250e+01
-7.802846527099609375e+01
-7.762188720703125000e+01
-7.719935607910156250e+01
-7.676116180419921875e+01
-7.630759429931640625e+01
-7.583895874023437500e+01
-7.535553741455078125e+01
-7.485765075683593750e+01
-7.434558105468750000e+01
-7.381961822509765625e+01
-7.328007507324218750e+01
-7.272723388671875000e+01
-7.216139984130859375e+01
-7.158287048339843750e+01
-7.099194335937500000e+01
-7.038890838623046875e+01
-6.977406311035156250e+01
-6.914771270751953125e+01
-6.851013946533203125e+01
-6.786165618896484375e+01
-6.720256042480468750e+01
-6.653312683105468750e+01
-6.585367584228515625e+01
-6.516448974609375000e+01
-6.446587371826171875e+01
-6.375811767578125000e+01
-6.304151916503906250e+01
-6.231637954711914062e+01
-6.158299636840820312e+01
-6.084165954589843750e+01
-6.009267425537109375e+01
-5.933633041381835938e+01
-5.857293319702148438e+01
-5.780276489257812500e+01
-5.702613449096679688e+01
-5.624333190917968750e+01
-5.545466232299804688e+01
-5.466041564941406250e+01
-5.386088943481445312e+01
-5.305638122558593750e+01
-5.224718475341796875e+01
-5.143360137939453125e+01
-5.061592864990234375e+01
-4.979446029663085938e+01
-4.896949386596679688e+01
-4.814132308959960938e+01
-4.731024932861328125e+01
-4.647656631469726562e+01
-4.564057540893554688e+01
-4.480256271362304688e+01
-4.396281814575195312e+01
-4.312161636352539062e+01
-4.227923583984375000e+01
-4.143596267700195312e+01
-4.059206390380859375e+01
-3.974782562255859375e+01
-3.890353012084960938e+01
-3.805945587158203125e+01
-3.721587371826171875e+01
-3.637306976318359375e+01
-3.553131866455078125e+01
-3.469090652465820312e+01
-3.385210418701171875e+01
-3.301519775390625000e+01
-3.218046188354492188e+01
-3.134817504882812500e+01
-3.051862335205078125e+01
-2.969207763671875000e+01
-2.886882019042968750e+01
-2.804913330078125000e+01
-2.723328590393066406e+01
-2.642156982421875000e+01
-2.561425781250000000e+01
-2.481163024902343750e+01
-2.401396369934082031e+01
-2.322154045104980469e+01
-2.243463897705078125e+01
-2.165353584289550781e+01
-2.087851333618164062e+01
-2.010984802246093750e+01
-1.934782218933105469e+01
-1.859270858764648438e+01
-1.784479522705078125e+01
-1.710435485839843750e+01
-1.637166786193847656e+01
-1.564701557159423828e+01
-1.493067455291748047e+01
-1.422292327880859375e+01
-1.352404308319091797e+01
-1.283431339263916016e+01
-1.215401077270507812e+01
-1.148341655731201172e+01
-1.082280826568603516e+01
-1.017246532440185547e+01
-9.532668113708496094e+00
-8.903694152832031250e+00
-8.285823822021484375e+00
-7.679335117340087891e+00
-7.084507465362548828e+00
-6.501579284667968750e+00
-5.930620193481445312e+00
-5.371660232543945312e+00
-4.824729442596435547e+00
-4.289855957031250000e+00
-3.767070770263671875e+00
-3.256401777267456055e+00
-2.757879734039306641e+00
-2.271533250808715820e+00
-1.797392368316650391e+00
-1.335485935211181641e+00
-8.858437538146972656e-01
-4.484951794147491455e-01
-2.346970140933990479e-02
3.892032504081726074e-01
7.894942164421081543e-01
1.177373886108398438e+00
1.552812576293945312e+00
1.915781021118164062e+00
2.266249656677246094e+00
2.604189157485961914e+00
2.929569721221923828e+00
3.242362499237060547e+00
3.542537927627563477e+00
3.830065727233886719e+00
4.104917526245117188e+00
4.367063999176025391e+00
4.616474151611328125e+00
4.853120326995849609e+00
5.076972007751464844e+00
5.287999629974365234e+00
5.486174583435058594e+00
5.671466827392578125e+00
5.843847274780273438e+00
6.003285884857177734e+00
6.149754047393798828e+00
6.283221721649169922e+00
6.403659820556640625e+00
6.511038303375244141e+00
6.605328083038330078e+00
6.686500072479248047e+00
6.754524707794189453e+00
6.809372425079345703e+00
6.851013183593750000e+00
6.879418373107910156e+00
6.894557952880859375e+00
6.896401882171630859e+00
6.884922504425048828e+00
6.860089778900146484e+00
6.821874141693115234e+00
6.770282268524169922e+00
6.705471992492675781e+00
6.627636909484863281e+00
6.536971092224121094e+00
6.433667182922363281e+00
6.317921161651611328e+00
6.189924716949462891e+00
6.049873352050781250e+00
5.897959709167480469e+00
5.734378337860107422e+00
5.559323310852050781e+00
5.372987747192382812e+00
5.175565719604492188e+00
4.967251300811767578e+00
4.748238086700439453e+00
4.518720626831054688e+00
4.278891563415527344e+00
4.028945922851562500e+00
3.769076824188232422e+00
3.499478101730346680e+00
3.220344305038452148e+00
2.931868791580200195e+00
2.634245157241821289e+00
2.327667713165283203e+00
2.012330293655395508e+00
1.688426375389099121e+00
1.356150150299072266e+00
1.015695333480834961e+00
6.672557592391967773e-01
3.110253810882568359e-01
-5.280198901891708374e-02
-4.240325093269348145e-01
-8.024723529815673828e-01
-1.187927603721618652e+00
-1.580204486846923828e+00
-1.979109168052673340e+00
-2.384447574615478516e+00
-2.796026229858398438e+00
-3.213650941848754883e+00
-3.637128114700317383e+00
-4.066263675689697266e+00
-4.500863552093505859e+00
-4.940734863281250000e+00
-5.385682582855224609e+00
-5.835513591766357422e+00
-6.290033817291259766e+00
-6.749049186706542969e+00
-7.212367057800292969e+00
-7.679790973663330078e+00
-8.151129722595214844e+00
-8.626185417175292969e+00
-9.104750633239746094e+00
-9.586615562438964844e+00
-1.007156944274902344e+01
-1.055940055847167969e+01
-1.104990100860595703e+01
-1.154285812377929688e+01
-1.203806304931640625e+01
-1.253530502319335938e+01
-1.303437328338623047e+01
-1.353505706787109375e+01
-1.403714752197265625e+01
-1.454043292999267578e+01
-1.504470443725585938e+01
-1.554974842071533203e+01
-1.605535888671875000e+01
-1.656132125854492188e+01
-1.706742858886718750e+01
-1.757346916198730469e+01
-1.807923316955566406e+01
-1.858450508117675781e+01
-1.908908271789550781e+01
-1.959275245666503906e+01
-2.009530258178710938e+01
-2.059652328491210938e+01
-2.109620285034179688e+01
-2.159413337707519531e+01
-2.209010505676269531e+01
-2.258390617370605469e+01
-2.307532501220703125e+01
-2.356415176391601562e+01
-2.405017852783203125e+01
-2.453318977355957031e+01
-2.501298141479492188e+01
-2.548933982849121094e+01
-2.596205329895019531e+01
-2.643091392517089844e+01
-2.689571189880371094e+01
-2.735623359680175781e+01
-2.781226921081542969e+01
-2.826361083984375000e+01
-2.871004676818847656e+01
-2.915136528015136719e+01
-2.958736228942871094e+01
-3.001781845092773438e+01
-3.044252777099609375e+01
-3.086128044128417969e+01
-3.127386283874511719e+01
-3.168006896972656250e+01
-3.207968521118164062e+01
-3.247253036499023438e+01
-3.285852432250976562e+01
-3.323762130737304688e+01
-3.360976409912109375e+01
-3.397489929199218750e+01
-3.433298873901367188e+01
-3.468397140502929688e+01
-3.502779769897460938e+01
-3.536441802978515625e+01
-3.569378280639648438e+01
-3.601583862304687500e+01
-3.633053588867187500e+01
-3.663782501220703125e+01
-3.693765258789062500e+01
-3.722996902465820312e+01
-3.751472473144531250e+01
-3.779186630249023438e+01
-3.806134414672851562e+01
-3.832310867309570312e+01
-3.857710647583007812e+01
-3.882328796386718750e+01
-3.906160736083984375e+01
-3.929199981689453125e+01
-3.951443099975585938e+01
-3.972883987426757812e+01
-3.993517684936523438e+01
-4.013339233398437500e+01
-4.032343673706054688e+01
-4.050525665283203125e+01
-4.067880249023437500e+01
-4.084402465820312500e+01
-4.100086975097656250e+01
-4.114929199218750000e+01
-4.128923034667968750e+01
-4.142064666748046875e+01
-4.154347991943359375e+01
-4.165768432617187500e+01
-4.176320648193359375e+01
-4.186000061035156250e+01
-4.194800949096679688e+01
-4.202718353271484375e+01
-4.209747314453125000e+01
-4.215883255004882812e+01
-4.221120071411132812e+01
-4.225453567504882812e+01
-4.228878021240234375e+01
-4.231388854980468750e+01
-4.232980346679687500e+01
-4.233647918701171875e+01
-4.233386611938476562e+01
-4.232193374633789062e+01
-4.230078125000000000e+01
-4.227051544189453125e+01
-4.223125457763671875e+01
-4.218311691284179688e+01
-4.212621688842773438e+01
-4.206067276000976562e+01
-4.198659896850585938e+01
-4.190410995483398438e+01
-4.181332397460937500e+01
-4.171435546875000000e+01
-4.160731887817382812e+01
-4.149233245849609375e+01
-4.136951446533203125e+01
-4.123897933959960938e+01
-4.110084152221679688e+01
-4.095521545410156250e+01
-4.080222320556640625e+01
-4.064197158813476562e+01
-4.047458648681640625e+01
-4.030017852783203125e+01
-4.011886596679687500e+01
-3.993076705932617188e+01
-3.973598861694335938e+01
-3.953465270996093750e+01
-3.932687759399414062e+01
-3.911277770996093750e+01
-3.889246368408203125e+01
-3.866606140136718750e+01
-3.843367767333984375e+01
-3.819543457031250000e+01
-3.795144271850585938e+01
-3.770182418823242188e+01
-3.744669342041015625e+01
-3.718616485595703125e+01
-3.692035293579101562e+01
-3.664937591552734375e+01
-3.637334823608398438e+01
-3.609238815307617188e+01
-3.580661010742187500e+01
-3.551613235473632812e+01
-3.522106552124023438e+01
-3.492153549194335938e+01
-3.461764907836914062e+01
-3.430952453613281250e+01
-3.399728012084960938e+01
-3.368103027343750000e+01
-3.336088562011718750e+01
-3.303697586059570312e+01
-3.270940399169921875e+01
-3.237829589843750000e+01
-3.204380035400390625e+01
-3.170606040954589844e+01
-3.136522483825683594e+01
-3.102144241333007812e+01
-3.067486381530761719e+01
-3.032563972473144531e+01
-2.997391891479492188e+01
-2.961984443664550781e+01
-2.926357269287109375e+01
-2.890525054931640625e+01
-2.854502296447753906e+01
-2.818304252624511719e+01
-2.781945800781250000e+01
-2.745442008972167969e+01
-2.708807754516601562e+01
-2.672057342529296875e+01
-2.635206222534179688e+01
-2.598269271850585938e+01
-2.561261177062988281e+01
-2.524197006225585938e+01
-2.487091445922851562e+01
-2.449959754943847656e+01
-2.412816429138183594e+01
-2.375676727294921875e+01
-2.338555335998535156e+01
-2.301467132568359375e+01
-2.264427185058593750e+01
-2.227450180053710938e+01
-2.190551376342773438e+01
-2.153745269775390625e+01
-2.117046737670898438e+01
-2.080471038818359375e+01
-2.044032859802246094e+01
-2.007747268676757812e+01
-1.971628761291503906e+01
-1.935692787170410156e+01
-1.899953842163085938e+01
-1.864426994323730469e+01
-1.829126930236816406e+01
-1.794068908691406250e+01
-1.759267425537109375e+01
-1.724737739562988281e+01
-1.690494728088378906e+01
-1.656552886962890625e+01
-1.622927474975585938e+01
-1.589633369445800781e+01
-1.556685352325439453e+01
-1.524098396301269531e+01
-1.491887474060058594e+01
-1.460065555572509766e+01
-1.428639698028564453e+01
-1.397614479064941406e+01
-1.366995048522949219e+01
-1.336786556243896484e+01
-1.306993865966796875e+01
-1.277621841430664062e+01
-1.248675727844238281e+01
-1.220160388946533203e+01
-1.192080783843994141e+01
-1.164441967010498047e+01
-1.137248897552490234e+01
-1.110506629943847656e+01
-1.084220027923583984e+01
-1.058394145965576172e+01
-1.033034133911132812e+01
-1.008144664764404297e+01
-9.837310791015625000e+00
-9.597980499267578125e+00
-9.363509178161621094e+00
-9.133942604064941406e+00
-8.909334182739257812e+00
-8.689732551574707031e+00
-8.475187301635742188e+00
-8.265748977661132812e+00
-8.061467170715332031e+00
-7.862391471862792969e+00
-7.668572902679443359e+00
-7.480060100555419922e+00
-7.296903610229492188e+00
-7.119153499603271484e+00
-6.946859359741210938e+00
-6.780071258544921875e+00
-6.618839740753173828e+00
-6.463213443756103516e+00
-6.313243389129638672e+00
-6.168978691101074219e+00
-6.030469894409179688e+00
-5.897767066955566406e+00
-5.770919799804687500e+00
-5.649977684020996094e+00
-5.534990787506103516e+00
-5.426009654998779297e+00
-5.323083877563476562e+00
-5.226262569427490234e+00
-5.135597229003906250e+00
-5.051136493682861328e+00
-4.972930431365966797e+00
-4.901030063629150391e+00
-4.835483551025390625e+00
-4.776322841644287109e+00
-4.723498344421386719e+00
-4.676942348480224609e+00
-4.636586666107177734e+00
-4.602362632751464844e+00
-4.574202060699462891e+00
-4.552036762237548828e+00
-4.535799026489257812e+00
-4.525420665740966797e+00
-4.520832538604736328e+00
-4.521967411041259766e+00
-4.528756618499755859e+00
-4.541131019592285156e+00
-4.559024333953857422e+00
-4.582367420196533203e+00
-4.611091613769531250e+00
-4.645128726959228516e+00
-4.684411048889160156e+00
-4.728870868682861328e+00
-4.778438568115234375e+00
-4.833046913146972656e+00
-4.892627716064453125e+00
-4.957111835479736328e+00
-5.026432037353515625e+00
-5.100520133972167969e+00
-5.179306983947753906e+00
-5.262724876403808594e+00
-5.350706100463867188e+00
-5.443181514739990234e+00
-5.540083408355712891e+00
-5.641344070434570312e+00
-5.746894359588623047e+00
-5.856666564941406250e+00
-5.970592021942138672e+00
-6.088603019714355469e+00
-6.210630893707275391e+00
-6.336607456207275391e+00
-6.466465473175048828e+00
-6.600135803222656250e+00
-6.737549781799316406e+00
-6.878640174865722656e+00
-7.023338794708251953e+00
-7.171576023101806641e+00
-7.323285102844238281e+00
-7.478397369384765625e+00
-7.636845111846923828e+00
-7.798559188842773438e+00
-7.963471412658691406e+00
-8.131514549255371094e+00
-8.302618980407714844e+00
-8.476711273193359375e+00
-8.653694152832031250e+00
-8.833462715148925781e+00
-9.015913009643554688e+00
-9.200941085815429688e+00
-9.388442039489746094e+00
-9.578313827514648438e+00
-9.770451545715332031e+00
-9.964750289916992188e+00
-1.016110706329345703e+01
-1.035941791534423828e+01
-1.055957889556884766e+01
-1.076148414611816406e+01
-1.096503257751464844e+01
-1.117011737823486328e+01
-1.137663650512695312e+01
-1.158448505401611328e+01
-1.179355907440185547e+01
-1.200375556945800781e+01
-1.221496963500976562e+01
-1.242709636688232422e+01
-1.264003372192382812e+01
-1.285367584228515625e+01
-1.306792068481445312e+01
-1.328266143798828125e+01
-1.349779605865478516e+01
-1.371322154998779297e+01
-1.392883205413818359e+01
-1.414452457427978516e+01
-1.436019420623779297e+01
-1.457573604583740234e+01
-1.479104804992675781e+01
-1.500602626800537109e+01
-1.522056484222412109e+01
-1.543456172943115234e+01
-1.564791297912597656e+01
-1.586051177978515625e+01
-1.607225799560546875e+01
-1.628304290771484375e+01
-1.649276733398437500e+01
-1.670132446289062500e+01
-1.690861129760742188e+01
-1.711452484130859375e+01
-1.731895828247070312e+01
-1.752180671691894531e+01
-1.772297096252441406e+01
-1.792234611511230469e+01
-1.811982345581054688e+01
-1.831530380249023438e+01
-1.850868225097656250e+01
-1.869986152648925781e+01
-1.888878822326660156e+01
-1.907541847229003906e+01
-1.925970458984375000e+01
-1.944159889221191406e+01
-1.962105941772460938e+01
-1.979803848266601562e+01
-1.997249031066894531e+01
-2.014436721801757812e+01
-2.031362915039062500e+01
-2.048022460937500000e+01
-2.064410972595214844e+01
-2.080523872375488281e+01
-2.096356582641601562e+01
-2.111904525756835938e+01
-2.127163314819335938e+01
-2.142127990722656250e+01
-2.156794166564941406e+01
-2.171157455444335938e+01
-2.185212898254394531e+01
-2.198956298828125000e+01
-2.212382698059082031e+01
-2.225487899780273438e+01
-2.238267135620117188e+01
-2.250715827941894531e+01
-2.262829399108886719e+01
-2.274603271484375000e+01
-2.286033058166503906e+01
-2.297113609313964844e+01
-2.307840919494628906e+01
-2.318210411071777344e+01
-2.328217124938964844e+01
-2.337856864929199219e+01
-2.347124671936035156e+01
-2.356016349792480469e+01
-2.364527130126953125e+01
-2.372652435302734375e+01
-2.380387687683105469e+01
-2.387728309631347656e+01
-2.394669723510742188e+01
-2.401207351684570312e+01
-2.407336616516113281e+01
-2.413053131103515625e+01
-2.418352127075195312e+01
-2.423228836059570312e+01
-2.427679061889648438e+01
-2.431698036193847656e+01
-2.435281181335449219e+01
-2.438423919677734375e+01
-2.441121673583984375e+01
-2.443371200561523438e+01
-2.445175170898437500e+01
-2.446537208557128906e+01
-2.447461128234863281e+01
-2.447950553894042969e+01
-2.448009681701660156e+01
-2.447642135620117188e+01
-2.446851921081542969e+01
-2.445642280578613281e+01
-2.444017601013183594e+01
-2.441981315612792969e+01
-2.439537620544433594e+01
-2.436690139770507812e+01
-2.433442306518554688e+01
-2.429798698425292969e+01
-2.425762557983398438e+01
-2.421337890625000000e+01
-2.416528320312500000e+01
-2.411338043212890625e+01
-2.405770492553710938e+01
-2.399829673767089844e+01
-2.393519210815429688e+01
-2.386843299865722656e+01
-2.379805183410644531e+01
-2.372409439086914062e+01
-2.364659118652343750e+01
-2.356558418273925781e+01
-2.348111152648925781e+01
-2.339320945739746094e+01
-2.330191802978515625e+01
-2.320727348327636719e+01
-2.310931587219238281e+01
-2.300808143615722656e+01
-2.290361022949218750e+01
-2.279594039916992188e+01
-2.268510627746582031e+01
-2.257115173339843750e+01
-2.245410919189453125e+01
-2.233402252197265625e+01
-2.221092414855957031e+01
-2.208485603332519531e+01
-2.195585632324218750e+01
-2.182396125793457031e+01
-2.168920707702636719e+01
-2.155163764953613281e+01
-2.141128540039062500e+01
-2.126819229125976562e+01
-2.112239646911621094e+01
-2.097393226623535156e+01
-2.082283973693847656e+01
-2.066916465759277344e+01
-2.051297187805175781e+01
-2.035433197021484375e+01
-2.019331741333007812e+01
-2.003000068664550781e+01
-1.986445426940917969e+01
-1.969674873352050781e+01
-1.952695655822753906e+01
-1.935515022277832031e+01
-1.918139839172363281e+01
-1.900577735900878906e+01
-1.882835578918457031e+01
-1.864920616149902344e+01
-1.846840095520019531e+01
-1.828601264953613281e+01
-1.810211181640625000e+01
-1.791676902770996094e+01
-1.773006057739257812e+01
-1.754205513000488281e+01
-1.735282325744628906e+01
-1.716244125366210938e+01
-1.697097587585449219e+01
-1.677850151062011719e+01
-1.658509063720703125e+01
-1.639081382751464844e+01
-1.619574356079101562e+01
-1.599995231628417969e+01
-1.580351066589355469e+01
-1.560649108886718750e+01
-1.540896415710449219e+01
-1.521100330352783203e+01
-1.501268100738525391e+01
-1.481406688690185547e+01
-1.461523437500000000e+01
-1.441625499725341797e+01
-1.421720027923583984e+01
-1.401814174652099609e+01
-1.381915283203125000e+01
-1.362030410766601562e+01
-1.342166709899902344e+01
-1.322331428527832031e+01
-1.302531719207763672e+01
-1.282774829864501953e+01
-1.263067913055419922e+01
-1.243418121337890625e+01
-1.223832702636718750e+01
-1.204318714141845703e+01
-1.184883499145507812e+01
-1.165534114837646484e+01
-1.146277904510498047e+01
-1.127121353149414062e+01
-1.108069133758544922e+01
-1.089125061035156250e+01
-1.070293521881103516e+01
-1.051578235626220703e+01
-1.032983398437500000e+01
-1.014513015747070312e+01
-9.961710929870605469e+00
-9.779616355895996094e+00
-9.598885536193847656e+00
-9.419561386108398438e+00
-9.241683006286621094e+00
-9.065290451049804688e+00
-8.890423774719238281e+00
-8.717123031616210938e+00
-8.545430183410644531e+00
-8.375382423400878906e+00
-8.207024574279785156e+00
-8.040391921997070312e+00
-7.875528335571289062e+00
-7.712472915649414062e+00
-7.551265716552734375e+00
-7.391946792602539062e+00
-7.234557628631591797e+00
-7.079137802124023438e+00
-6.925727367401123047e+00
-6.774366378784179688e+00
-6.625095367431640625e+00
-6.477954864501953125e+00
-6.332984924316406250e+00
-6.190226078033447266e+00
-6.049718379974365234e+00
-5.911502361297607422e+00
-5.775617599487304688e+00
-5.642105579376220703e+00
-5.511005401611328125e+00
-5.382357597351074219e+00
-5.256203174591064453e+00
-5.132582187652587891e+00
-5.011534214019775391e+00
-4.893099784851074219e+00
-4.777318954467773438e+00
-4.664233207702636719e+00
-4.553882122039794922e+00
-4.446304798126220703e+00
-4.341543197631835938e+00
-4.239637374877929688e+00
-4.140626907348632812e+00
-4.044552326202392578e+00
-3.951454162597656250e+00
-3.861362934112548828e+00
-3.774271488189697266e+00
-3.690164804458618164e+00
-3.609025478363037109e+00
-3.530837774276733398e+00
-3.455585002899169922e+00
-3.383251428604125977e+00
-3.313820600509643555e+00
-3.247276306152343750e+00
-3.183602094650268555e+00
-3.122781991958618164e+00
-3.064799785614013672e+00
-3.009638786315917969e+00
-2.957283020019531250e+00
-2.907716274261474609e+00
-2.860922336578369141e+00
-2.816884756088256836e+00
-2.775587320327758789e+00
-2.737014055252075195e+00
-2.701148271560668945e+00
-2.667974233627319336e+00
-2.637475252151489258e+00
-2.609635353088378906e+00
-2.584437847137451172e+00
-2.561866998672485352e+00
-2.541906356811523438e+00
-2.524539470672607422e+00
-2.509750604629516602e+00
-2.497523069381713867e+00
-2.487840652465820312e+00
-2.480687379837036133e+00
-2.476046562194824219e+00
-2.473902225494384766e+00
-2.474238157272338867e+00
-2.477037906646728516e+00
-2.482285499572753906e+00
-2.489964485168457031e+00
-2.500058650970458984e+00
-2.512551546096801758e+00
-2.527427434921264648e+00
-2.544669628143310547e+00
-2.564261913299560547e+00
-2.586188077926635742e+00
-2.610432147979736328e+00
-2.636977434158325195e+00
-2.665807962417602539e+00
-2.696907520294189453e+00
-2.730259656906127930e+00
-2.765847921371459961e+00
-2.803656816482543945e+00
-2.843664407730102539e+00
-2.885829210281372070e+00
-2.930105447769165039e+00
-2.976446628570556641e+00
-3.024806022644042969e+00
-3.075137138366699219e+00
-3.127393960952758789e+00
-3.181529998779296875e+00
-3.237498521804809570e+00
-3.295253753662109375e+00
-3.354748964309692383e+00
-3.415937423706054688e+00
-3.478773832321166992e+00
-3.543210506439208984e+00
-3.609201431274414062e+00
-3.676701068878173828e+00
-3.745661735534667969e+00
-3.816038131713867188e+00
-3.887783288955688477e+00
-3.960850954055786133e+00
-4.035194396972656250e+00
-4.110767841339111328e+00
-4.187524318695068359e+00
-4.265418052673339844e+00
-4.344402313232421875e+00
-4.424430847167968750e+00
-4.505456447601318359e+00
-4.587433815002441406e+00
-4.670316219329833984e+00
-4.754056930541992188e+00
-4.838610172271728516e+00
-4.923929214477539062e+00
-5.009967327117919922e+00
-5.096678733825683594e+00
-5.184016704559326172e+00
-5.271934986114501953e+00
-5.360386848449707031e+00
-5.449326515197753906e+00
-5.538706779479980469e+00
-5.628482341766357422e+00
-5.718605518341064453e+00
-5.809031009674072266e+00
-5.899711608886718750e+00
-5.990601539611816406e+00
-6.081654071807861328e+00
-6.172823429107666016e+00
-6.264061927795410156e+00
-6.355324745178222656e+00
-6.446564197540283203e+00
-6.537734985351562500e+00
-6.628791809082031250e+00
-6.719701290130615234e+00
-6.810431003570556641e+00
-6.900948524475097656e+00
-6.991221904754638672e+00
-7.081218719482421875e+00
-7.170907974243164062e+00
-7.260257244110107422e+00
-7.349233627319335938e+00
-7.437804698944091797e+00
-7.525939941406250000e+00
-7.613605976104736328e+00
-7.700770854949951172e+00
-7.787403583526611328e+00
-7.873470306396484375e+00
-7.958940505981445312e+00
-8.043781280517578125e+00
-8.127960205078125000e+00
-8.211445808410644531e+00
-8.294205665588378906e+00
-8.376207351684570312e+00
-8.457419395446777344e+00
-8.537809371948242188e+00
-8.617345809936523438e+00
-8.695995330810546875e+00
-8.773727416992187500e+00
-8.850508689880371094e+00
-8.926306724548339844e+00
-9.001091003417968750e+00
-9.074828147888183594e+00
-9.147487640380859375e+00
-9.219034194946289062e+00
-9.289438247680664062e+00
-9.358668327331542969e+00
-9.426690101623535156e+00
-9.493473052978515625e+00
-9.558983802795410156e+00
-9.623191833496093750e+00
-9.686063766479492188e+00
-9.747568130493164062e+00
-9.807672500610351562e+00
-9.866344451904296875e+00
-9.923552513122558594e+00
-9.979264259338378906e+00
-1.003344726562500000e+01
-1.008607101440429688e+01
-1.013710117340087891e+01
-1.018650722503662109e+01
-1.023425674438476562e+01
-1.028031635284423828e+01
-1.032466220855712891e+01
-1.036729049682617188e+01
-1.040820884704589844e+01
-1.044741916656494141e+01
-1.048492908477783203e+01
-1.052074050903320312e+01
-1.055486011505126953e+01
-1.058729362487792969e+01
-1.061804294586181641e+01
-1.064711380004882812e+01
-1.067451190948486328e+01
-1.070024204254150391e+01
-1.072430896759033203e+01
-1.074671649932861328e+01
-1.076746940612792969e+01
-1.078657341003417969e+01
-1.080403232574462891e+01
-1.081985282897949219e+01
-1.083403778076171875e+01
-1.084659194946289062e+01
-1.085752105712890625e+01
-1.086682987213134766e+01
-1.087452220916748047e+01
-1.088060379028320312e+01
-1.088507843017578125e+01
-1.088795280456542969e+01
-1.088922977447509766e+01
-1.088891410827636719e+01
-1.088701248168945312e+01
-1.088352775573730469e+01
-1.087846565246582031e+01
-1.087182998657226562e+01
-1.086362648010253906e+01
-1.085385990142822266e+01
-1.084253501892089844e+01
-1.082965564727783203e+01
-1.081522846221923828e+01
-1.079925632476806641e+01
-1.078174400329589844e+01
-1.076269912719726562e+01
-1.074212265014648438e+01
-1.072002124786376953e+01
-1.069640064239501953e+01
-1.067126274108886719e+01
-1.064461517333984375e+01
-1.061646080017089844e+01
-1.058680629730224609e+01
-1.055565547943115234e+01
-1.052301311492919922e+01
-1.048888206481933594e+01
-1.045327472686767578e+01
-1.041620922088623047e+01
-1.037771415710449219e+01
-1.033781337738037109e+01
-1.029653358459472656e+01
-1.025389957427978516e+01
-1.020993900299072266e+01
-1.016467475891113281e+01
-1.011813449859619141e+01
-1.007034301757812500e+01
-1.002132701873779297e+01
-9.971111297607421875e+00
-9.919721603393554688e+00
-9.867183685302734375e+00
-9.813524246215820312e+00
-9.758767127990722656e+00
-9.702939033508300781e+00
-9.646066665649414062e+00
-9.588172912597656250e+00
-9.529286384582519531e+00
-9.469431877136230469e+00
-9.408634185791015625e+00
-9.346920013427734375e+00
-9.284314155578613281e+00
-9.220843315124511719e+00
-9.156532287597656250e+00
-9.091406822204589844e+00
-9.025494575500488281e+00
-8.958817481994628906e+00
-8.891405105590820312e+00
-8.823280334472656250e+00
-8.754469871520996094e+00
-8.685000419616699219e+00
-8.614895820617675781e+00
-8.544182777404785156e+00
-8.472887039184570312e+00
-8.401033401489257812e+00
-8.328649520874023438e+00
-8.255759239196777344e+00
-8.182389259338378906e+00
-8.108564376831054688e+00
-8.034310340881347656e+00
-7.959654331207275391e+00
-7.884620189666748047e+00
-7.809234142303466797e+00
-7.733522891998291016e+00
-7.657511711120605469e+00
-7.581224918365478516e+00
-7.504689693450927734e+00
-7.427930831909179688e+00
-7.350975513458251953e+00
-7.273853302001953125e+00
-7.196593284606933594e+00
-7.119225978851318359e+00
-7.041781425476074219e+00
-6.964290142059326172e+00
-6.886781215667724609e+00
-6.809286117553710938e+00
-6.731833934783935547e+00
-6.654454708099365234e+00
-6.577178955078125000e+00
-6.500036716461181641e+00
-6.423057556152343750e+00
-6.346272468566894531e+00
-6.269711017608642578e+00
-6.193403244018554688e+00
-6.117378711700439453e+00
-6.041668415069580078e+00
-5.966302394866943359e+00
-5.891310214996337891e+00
-5.816722393035888672e+00
-5.742568492889404297e+00
-5.668879032135009766e+00
-5.595683574676513672e+00
-5.523013114929199219e+00
-5.450897216796875000e+00
-5.379365444183349609e+00
-5.308448791503906250e+00
-5.238176822662353516e+00
-5.168580055236816406e+00
-5.099687576293945312e+00
-5.031530857086181641e+00
-4.964138507843017578e+00
-4.897541999816894531e+00
-4.831770420074462891e+00
-4.766854286193847656e+00
-4.702823638916015625e+00
-4.639708518981933594e+00
-4.577538967132568359e+00
-4.516345500946044922e+00
-4.456157207489013672e+00
-4.397005081176757812e+00
-4.338918685913085938e+00
-4.281928539276123047e+00
-4.226064205169677734e+00
-4.171356678009033203e+00
-4.117835044860839844e+00
-4.065529823303222656e+00
-4.014471054077148438e+00
-3.964688777923583984e+00
-3.916203737258911133e+00
-3.868998765945434570e+00
-3.823048830032348633e+00
-3.778326511383056641e+00
-3.734806537628173828e+00
-3.692462205886840820e+00
-3.651268243789672852e+00
-3.611197710037231445e+00
-3.572224378585815430e+00
-3.534323215484619141e+00
-3.497466325759887695e+00
-3.461629390716552734e+00
-3.426785230636596680e+00
-3.392907857894897461e+00
-3.359971523284912109e+00
-3.327949523925781250e+00
-3.296816110610961914e+00
-3.266545057296752930e+00
-3.237110137939453125e+00
-3.208485364913940430e+00
-3.180644512176513672e+00
-3.153561592102050781e+00
-3.127210140228271484e+00
-3.101564645767211914e+00
-3.076598405838012695e+00
-3.052285194396972656e+00
-3.028599500656127930e+00
-3.005514621734619141e+00
-2.983005046844482422e+00
-2.961043596267700195e+00
-2.939605236053466797e+00
-2.918663501739501953e+00
-2.898191928863525391e+00
-2.878164529800415039e+00
-2.858555078506469727e+00
-2.839338064193725586e+00
-2.820486545562744141e+00
-2.801975011825561523e+00
-2.783776760101318359e+00
-2.765866041183471680e+00
-2.748216867446899414e+00
-2.730802774429321289e+00
-2.713597774505615234e+00
-2.696575641632080078e+00
-2.679710149765014648e+00
-2.662975311279296875e+00
-2.646345376968383789e+00
-2.629793643951416016e+00
-2.613294124603271484e+00
-2.596820592880249023e+00
