# tt
1.172397094726562500e+03
1.111696289062500000e+03
1.051400024414062500e+03
1.004998352050781250e+03
9.721218872070312500e+02
9.502476806640625000e+02
9.364522705078125000e+02
9.289668579101562500e+02
9.264894409179687500e+02
9.274853515625000000e+02
9.320727539062500000e+02
9.388552246093750000e+02
9.463996582031250000e+02
9.552429199218750000e+02
9.661508178710937500e+02
9.788355712890625000e+02
9.927515869140625000e+02
1.007375488281250000e+03
1.022304809570312500e+03
1.037595825195312500e+03
1.053381713867187500e+03
1.069644409179687500e+03
1.086329589843750000e+03
1.103390380859375000e+03
1.120795532226562500e+03
1.138568969726562500e+03
1.156720947265625000e+03
1.175153564453125000e+03
1.193786376953125000e+03
1.212719848632812500e+03
1.232063354492187500e+03
1.251783813476562500e+03
1.271799682617187500e+03
1.291978759765625000e+03
1.312239013671875000e+03
1.332751342773437500e+03
1.353690307617187500e+03
1.374992797851562500e+03
1.396536132812500000e+03
1.418222412109375000e+03
1.440052612304687500e+03
1.462052246093750000e+03
1.484246948242187500e+03
1.506662475585937500e+03
1.529320068359375000e+03
1.552223999023437500e+03
1.575374023437500000e+03
1.598770019531250000e+03
1.622411987304687500e+03
1.646298828125000000e+03
1.670425903320312500e+03
1.694787719726562500e+03
1.719378662109375000e+03
1.744193237304687500e+03
1.769228881835937500e+03
1.794493530273437500e+03
1.819999389648437500e+03
1.845757446289062500e+03
1.871778930664062500e+03
1.898072875976562500e+03
1.924637207031250000e+03
1.951467407226562500e+03
1.978558471679687500e+03
2.005906372070312500e+03
2.033505737304687500e+03
2.061351318359375000e+03
2.089436767578125000e+03
2.117756591796875000e+03
2.146304687500000000e+03
2.175081787109375000e+03
2.204115722656250000e+03
2.233440429687500000e+03
2.263089843750000000e+03
2.293098388671875000e+03
2.323488037109375000e+03
2.354229248046875000e+03
2.385280517578125000e+03
2.416600585937500000e+03
2.448148193359375000e+03
2.479892333984375000e+03
2.511846435546875000e+03
2.544034423828125000e+03
2.576480712890625000e+03
2.609209472656250000e+03
2.642238281250000000e+03
2.675559814453125000e+03
2.709160156250000000e+03
2.743025146484375000e+03
2.777141357421875000e+03
2.811495849609375000e+03
2.846084472656250000e+03
2.880904296875000000e+03
2.915951660156250000e+03
2.951223876953125000e+03
2.986718017578125000e+03
3.022430908203125000e+03
3.058359619140625000e+03
3.094501220703125000e+03
3.130852539062500000e+03
3.167410400390625000e+03
3.204172363281250000e+03
3.241134765625000000e+03
3.278295166015625000e+03
3.315649902343750000e+03
3.353196289062500000e+03
3.390931640625000000e+03
3.428852294921875000e+03
3.466955810546875000e+03
3.505238769531250000e+03
3.543697265625000000e+03
3.582324218750000000e+03
3.621111328125000000e+03
3.660049072265625000e+03
3.699130371093750000e+03
3.738346191406250000e+03
3.777688476562500000e+03
3.817148681640625000e+03
3.856718261718750000e+03
3.896389160156250000e+03
3.936152587890625000e+03
3.976000488281250000e+03
4.015924804687500000e+03
4.055916259765625000e+03
4.095967529296875000e+03
4.136069335937500000e+03
4.176213867187500000e+03
4.216392578125000000e+03
4.256596679687500000e+03
4.296818359375000000e+03
4.337048828125000000e+03
4.377276855468750000e+03
4.417491699218750000e+03
4.457682128906250000e+03
4.497836425781250000e+03
4.537944335937500000e+03
4.577994140625000000e+03
4.617975097656250000e+03
4.657875000000000000e+03
4.697683593750000000e+03
4.737389648437500000e+03
4.776981445312500000e+03
4.816448730468750000e+03
4.855779296875000000e+03
4.894962402343750000e+03
4.933986816406250000e+03
4.972841796875000000e+03
5.011515625000000000e+03
5.049997558593750000e+03
5.088276367187500000e+03
5.126340332031250000e+03
5.164178710937500000e+03
5.201780761718750000e+03
5.239135742187500000e+03
5.276232421875000000e+03
5.313059082031250000e+03
5.349605468750000000e+03
5.385860839843750000e+03
5.421812988281250000e+03
5.457452148437500000e+03
5.492766601562500000e+03
5.527746582031250000e+03
5.562379394531250000e+03
5.596654785156250000e+03
5.630562011718750000e+03
5.664089843750000000e+03
5.697227050781250000e+03
5.729963378906250000e+03
5.762287109375000000e+03
5.794187500000000000e+03
5.825653808593750000e+03
5.856674316406250000e+03
5.887238281250000000e+03
5.917335449218750000e+03
5.946954589843750000e+03
5.976083984375000000e+03
6.004715332031250000e+03
6.032839843750000000e+03
6.060448730468750000e+03
6.087532714843750000e+03
6.114083007812500000e+03
6.140091308593750000e+03
6.165548828125000000e+03
6.190445800781250000e+03
6.214773925781250000e+03
6.238523925781250000e+03
6.261687988281250000e+03
6.284256347656250000e+03
6.306220214843750000e+03
6.327571777343750000e+03
6.348300781250000000e+03
6.368399414062500000e+03
6.387858398437500000e+03
6.406668945312500000e+03
6.424822265625000000e+03
6.442309082031250000e+03
6.459121093750000000e+03
6.475249511718750000e+03
6.490685058593750000e+03
6.505419921875000000e+03
6.519445312500000000e+03
6.532762207031250000e+03
6.545370117187500000e+03
6.557271972656250000e+03
6.568468261718750000e+03
6.578959960937500000e+03
6.588748535156250000e+03
6.597834960937500000e+03
6.606220214843750000e+03
6.613906250000000000e+03
6.620893066406250000e+03
6.627183105468750000e+03
6.632776367187500000e+03
6.637674804687500000e+03
6.641879882812500000e+03
6.645391601562500000e+03
6.648211914062500000e+03
6.650341796875000000e+03
6.651782226562500000e+03
6.652535156250000000e+03
6.652601074218750000e+03
6.651981445312500000e+03
6.650676757812500000e+03
6.648689453125000000e+03
6.646019531250000000e+03
6.642668945312500000e+03
6.638638183593750000e+03
6.633929199218750000e+03
6.628542480468750000e+03
6.622479492187500000e+03
6.615741210937500000e+03
6.608329101562500000e+03
6.600244140625000000e+03
6.591487792968750000e+03
6.582061035156250000e+03
6.571964843750000000e+03
6.561200683593750000e+03
6.549769531250000000e+03
6.537672363281250000e+03
6.524911132812500000e+03
6.511486328125000000e+03
6.497399414062500000e+03
6.482651367187500000e+03
6.467243164062500000e+03
6.451176269531250000e+03
6.434452636718750000e+03
6.417071777343750000e+03
6.399036132812500000e+03
6.380346191406250000e+03
6.361003417968750000e+03
6.341010742187500000e+03
6.320377929687500000e+03
6.299117187500000000e+03
6.277239257812500000e+03
6.254755859375000000e+03
6.231678222656250000e+03
6.208019531250000000e+03
6.183789550781250000e+03
6.159000488281250000e+03
6.133664062500000000e+03
6.107791992187500000e+03
6.081395507812500000e+03
6.054486328125000000e+03
6.027076660156250000e+03
5.999176757812500000e+03
5.970799316406250000e+03
5.941955566406250000e+03
5.912657226562500000e+03
5.882915527343750000e+03
5.852742187500000000e+03
5.822148925781250000e+03
5.791147460937500000e+03
5.759749023437500000e+03
5.727964843750000000e+03
5.695807617187500000e+03
5.663288574218750000e+03
5.630418457031250000e+03
5.597209960937500000e+03
5.563673828125000000e+03
5.529822265625000000e+03
5.495666503906250000e+03
5.461217773437500000e+03
5.426488281250000000e+03
5.391489746093750000e+03
5.356232910156250000e+03
5.320730468750000000e+03
5.284992675781250000e+03
5.249032226562500000e+03
5.212860351562500000e+03
5.176488281250000000e+03
5.139928710937500000e+03
5.103191894531250000e+03
5.066289550781250000e+03
5.029234375000000000e+03
4.992036621093750000e+03
4.954708984375000000e+03
4.917262695312500000e+03
4.879708984375000000e+03
4.842059082031250000e+03
4.804325683593750000e+03
4.766519531250000000e+03
4.728652343750000000e+03
4.690733886718750000e+03
4.652775390625000000e+03
4.614788085937500000e+03
4.576781738281250000e+03
4.538768066406250000e+03
4.500757812500000000e+03
4.462761718750000000e+03
4.424790527343750000e+03
4.386854980468750000e+03
4.348965820312500000e+03
4.311134277343750000e+03
4.273370605468750000e+03
4.235686035156250000e+03
4.198091796875000000e+03
4.160597167968750000e+03
4.123214355468750000e+03
4.085953857421875000e+03
4.048826416015625000e+03
4.011843017578125000e+03
3.975014160156250000e+03
3.938350830078125000e+03
3.901864013671875000e+03
3.865563964843750000e+03
3.829462158203125000e+03
3.793568847656250000e+03
3.757895507812500000e+03
3.722452392578125000e+03
3.687250488281250000e+03
3.652300292968750000e+03
3.617613037109375000e+03
3.583199951171875000e+03
3.549071044921875000e+03
3.515237548828125000e+03
3.481709960937500000e+03
3.448499267578125000e+03
3.415616699218750000e+03
3.383072265625000000e+03
3.350877441406250000e+03
3.319042724609375000e+03
3.287579101562500000e+03
3.256497314453125000e+03
3.225808105468750000e+03
3.195522460937500000e+03
3.165650878906250000e+03
3.136204589843750000e+03
3.107194335937500000e+03
3.078630371093750000e+03
3.050524414062500000e+03
3.022884765625000000e+03
2.995714843750000000e+03
2.969015136718750000e+03
2.942786865234375000e+03
2.917031005859375000e+03
2.891748779296875000e+03
2.866940917968750000e+03
2.842608398437500000e+03
2.818752441406250000e+03
2.795374267578125000e+03
2.772474365234375000e+03
2.750054199218750000e+03
2.728114501953125000e+03
2.706656494140625000e+03
2.685681152343750000e+03
2.665189208984375000e+03
2.645182128906250000e+03
2.625660888671875000e+03
2.606626220703125000e+03
2.588079101562500000e+03
2.570021240234375000e+03
2.552452636718750000e+03
2.535375000000000000e+03
2.518789306640625000e+03
2.502696289062500000e+03
2.487097167968750000e+03
2.471992919921875000e+03
2.457384521484375000e+03
2.443273193359375000e+03
2.429659423828125000e+03
2.416544921875000000e+03
2.403930175781250000e+03
2.391816650390625000e+03
2.380205078125000000e+03
2.369096435546875000e+03
2.358491699218750000e+03
2.348392333984375000e+03
2.338798828125000000e+03
2.329712402343750000e+03
2.321134277343750000e+03
2.313065185546875000e+03
2.305506347656250000e+03
2.298458496093750000e+03
2.291923095703125000e+03
2.285900878906250000e+03
2.280392822265625000e+03
2.275399902343750000e+03
2.270923583984375000e+03
2.266964355468750000e+03
2.263523437500000000e+03
2.260600341796875000e+03
2.258188720703125000e+03
2.256280517578125000e+03
2.254868164062500000e+03
2.253943115234375000e+03
2.253498046875000000e+03
2.253524658203125000e+03
2.254015136718750000e+03
2.254961669921875000e+03
2.256355957031250000e+03
2.258190673828125000e+03
2.260457519531250000e+03
2.263148437500000000e+03
2.266255859375000000e+03
2.269771972656250000e+03
2.273687988281250000e+03
2.277997070312500000e+03
2.282690673828125000e+03
2.287760986328125000e+03
2.293200195312500000e+03
2.299000000000000000e+03
2.305153076171875000e+03
2.311651123046875000e+03
2.318486328125000000e+03
2.325650634765625000e+03
2.333136230468750000e+03
2.340935302734375000e+03
2.349039550781250000e+03
2.357441650390625000e+03
2.366133056640625000e+03
2.375106201171875000e+03
2.384353027343750000e+03
2.393865966796875000e+03
2.403636474609375000e+03
2.413656982421875000e+03
2.423919677734375000e+03
2.434416503906250000e+03
2.445139404296875000e+03
2.456080810546875000e+03
2.467232421875000000e+03
2.478586669921875000e+03
2.490135253906250000e+03
2.501870117187500000e+03
2.513784179687500000e+03
2.525868652343750000e+03
2.538116210937500000e+03
2.550518310546875000e+03
2.563067871093750000e+03
2.575756103515625000e+03
2.588575683593750000e+03
2.601518554687500000e+03
2.614576660156250000e+03
2.627742919921875000e+03
2.641009277343750000e+03
2.654368164062500000e+03
2.667811523437500000e+03
2.681332519531250000e+03
2.694922607421875000e+03
2.708574462890625000e+03
2.722280273437500000e+03
2.736032714843750000e+03
2.749823730468750000e+03
2.763645996093750000e+03
2.777491210937500000e+03
2.791352294921875000e+03
2.805221191406250000e+03
2.819090576171875000e+03
2.832952392578125000e+03
2.846799316406250000e+03
2.860623291015625000e+03
2.874416992187500000e+03
2.888172119140625000e+03
2.901881835937500000e+03
2.915538085937500000e+03
2.929132812500000000e+03
2.942659179687500000e+03
2.956108398437500000e+03
2.969473876953125000e+03
2.982747314453125000e+03
2.995920898437500000e+03
3.008987304687500000e+03
3.021938964843750000e+03
3.034767822265625000e+03
3.047466552734375000e+03
3.060026855468750000e+03
3.072441894531250000e+03
3.084703125000000000e+03
3.096803466796875000e+03
3.108735107421875000e+03
3.120490478515625000e+03
3.132061523437500000e+03
3.143440673828125000e+03
3.154620605468750000e+03
3.165593017578125000e+03
3.176350830078125000e+03
3.186886230468750000e+03
3.197191406250000000e+03
3.207258300781250000e+03
3.217080078125000000e+03
3.226648193359375000e+03
3.235956787109375000e+03
3.245003662109375000e+03
3.253787841796875000e+03
3.262308593750000000e+03
3.270565185546875000e+03
3.278557128906250000e+03
3.286283203125000000e+03
3.293742675781250000e+03
3.300934814453125000e+03
3.307858886718750000e+03
3.314514160156250000e+03
3.320899658203125000e+03
3.327014648437500000e+03
3.332858154296875000e+03
3.338429931640625000e+03
3.343728759765625000e+03
3.348753662109375000e+03
3.353504150390625000e+03
3.357979492187500000e+03
3.362178466796875000e+03
3.366100585937500000e+03
3.369745361328125000e+03
3.373111572265625000e+03
3.376198242187500000e+03
3.379005126953125000e+03
3.381531005859375000e+03
3.383775146484375000e+03
3.385737060546875000e+03
3.387415771484375000e+03
3.388810058593750000e+03
3.389919677734375000e+03
3.390743896484375000e+03
3.391281494140625000e+03
3.391531982421875000e+03
3.391494140625000000e+03
3.391167724609375000e+03
3.390551513671875000e+03
3.389645019531250000e+03
3.388447265625000000e+03
3.386957519531250000e+03
3.385175048828125000e+03
3.383098876953125000e+03
3.380728271484375000e+03
3.378062744140625000e+03
3.375100830078125000e+03
3.371842285156250000e+03
3.368286132812500000e+03
3.364431640625000000e+03
3.360277832031250000e+03
3.355824218750000000e+03
3.351071044921875000e+03
3.346022216796875000e+03
3.340683593750000000e+03
3.335060546875000000e+03
3.329158691406250000e+03
3.322983154296875000e+03
3.316539550781250000e+03
3.309833251953125000e+03
3.302869873046875000e+03
3.295654785156250000e+03
3.288193359375000000e+03
3.280490966796875000e+03
3.272553222656250000e+03
3.264385498046875000e+03
3.255993408203125000e+03
3.247382324218750000e+03
3.238557373046875000e+03
3.229524658203125000e+03
3.220288818359375000e+03
3.210855957031250000e+03
3.201231201171875000e+03
3.191420166015625000e+03
3.181427978515625000e+03
3.171260742187500000e+03
3.160923339843750000e+03
3.150421142578125000e+03
3.139760009765625000e+03
3.128945312500000000e+03
3.117982177734375000e+03
3.106876220703125000e+03
3.095633056640625000e+03
3.084258056640625000e+03
3.072756591796875000e+03
3.061134033203125000e+03
3.049396240234375000e+03
3.037548095703125000e+03
3.025595214843750000e+03
3.013543457031250000e+03
3.001397705078125000e+03
2.989163574218750000e+03
2.976846923828125000e+03
2.964452636718750000e+03
2.951986572265625000e+03
2.939453857421875000e+03
2.926860107421875000e+03
2.914210693359375000e+03
2.901511230468750000e+03
2.888767333984375000e+03
2.875983642578125000e+03
2.863166259765625000e+03
2.850320800781250000e+03
2.837451904296875000e+03
2.824565673828125000e+03
2.811666503906250000e+03
2.798760498046875000e+03
2.785852294921875000e+03
2.772947753906250000e+03
2.760052001953125000e+03
2.747170166015625000e+03
2.734307373046875000e+03
2.721469482421875000e+03
2.708661621093750000e+03
2.695888671875000000e+03
2.683156250000000000e+03
2.670469726562500000e+03
2.657834472656250000e+03
2.645255371093750000e+03
2.632738037109375000e+03
2.620287597656250000e+03
2.607909667968750000e+03
2.595609375000000000e+03
2.583391601562500000e+03
2.571262451171875000e+03
2.559226562500000000e+03
2.547289550781250000e+03
2.535456542968750000e+03
2.523732666015625000e+03
2.512123779296875000e+03
2.500634765625000000e+03
2.489271240234375000e+03
2.478037841796875000e+03
2.466940917968750000e+03
2.455984619140625000e+03
2.445175048828125000e+03
2.434517089843750000e+03
2.424016357421875000e+03
2.413677978515625000e+03
2.403507080078125000e+03
2.393509277343750000e+03
2.383689697265625000e+03
2.374053466796875000e+03
2.364606445312500000e+03
2.355353271484375000e+03
2.346299804687500000e+03
2.337450683593750000e+03
2.328812011718750000e+03
2.320388671875000000e+03
2.312185546875000000e+03
2.304208740234375000e+03
2.296463134765625000e+03
2.288952880859375000e+03
2.281679443359375000e+03
2.274641845703125000e+03
2.267840820312500000e+03
2.261275878906250000e+03
2.254946777343750000e+03
2.248853515625000000e+03
2.242996093750000000e+03
2.237374511718750000e+03
2.231988037109375000e+03
2.226837402343750000e+03
2.221921875000000000e+03
2.217241455078125000e+03
2.212796386718750000e+03
2.208586181640625000e+03
2.204610839843750000e+03
2.200870361328125000e+03
2.197364501953125000e+03
2.194093261718750000e+03
2.191056396484375000e+03
2.188253662109375000e+03
2.185685546875000000e+03
2.183351318359375000e+03
2.181250976562500000e+03
2.179384765625000000e+03
2.177752197265625000e+03
2.176353271484375000e+03
2.175188232421875000e+03
2.174256347656250000e+03
2.173557617187500000e+03
2.173092529296875000e+03
2.172860351562500000e+03
2.172861328125000000e+03
2.173094970703125000e+03
2.173561523437500000e+03
2.174260986328125000e+03
2.175192871093750000e+03
2.176357177734375000e+03
2.177753906250000000e+03
2.179382812500000000e+03
2.181243652343750000e+03
2.183336914062500000e+03
2.185661865234375000e+03
2.188218750000000000e+03
2.191007324218750000e+03
2.194027343750000000e+03
2.197279052734375000e+03
2.200761962890625000e+03
2.204476318359375000e+03
2.208421386718750000e+03
2.212597167968750000e+03
2.216999267578125000e+03
2.221622558593750000e+03
2.226462890625000000e+03
2.231515136718750000e+03
2.236775146484375000e+03
2.242237304687500000e+03
2.247897460937500000e+03
2.253750732421875000e+03
2.259792236328125000e+03
2.266017333984375000e+03
2.272421630859375000e+03
2.278999755859375000e+03
2.285747314453125000e+03
2.292659423828125000e+03
2.299731689453125000e+03
2.306959228515625000e+03
2.314336914062500000e+03
2.321860351562500000e+03
2.329524658203125000e+03
2.337325195312500000e+03
2.345257324218750000e+03
2.353316162109375000e+03
2.361496826171875000e+03
2.369794433593750000e+03
2.378205078125000000e+03
2.386723144531250000e+03
2.395344238281250000e+03
2.404063720703125000e+03
2.412876464843750000e+03
2.421778320312500000e+03
2.430764160156250000e+03
2.439829101562500000e+03
2.448968505859375000e+03
2.458177978515625000e+03
2.467452636718750000e+03
2.476787109375000000e+03
2.486177490234375000e+03
2.495618896484375000e+03
2.505105957031250000e+03
2.514634765625000000e+03
2.524199951171875000e+03
2.533796875000000000e+03
2.543421142578125000e+03
2.553067626953125000e+03
2.562731933593750000e+03
2.572408935546875000e+03
2.582094238281250000e+03
2.591783203125000000e+03
2.601470458984375000e+03
2.611151855468750000e+03
2.620822753906250000e+03
2.630478759765625000e+03
2.640115234375000000e+03
2.649728515625000000e+03
2.659313232421875000e+03
2.668865722656250000e+03
2.678381347656250000e+03
2.687855712890625000e+03
2.697284179687500000e+03
2.706662597656250000e+03
2.715986572265625000e+03
2.725251708984375000e+03
2.734453369140625000e+03
2.743587158203125000e+03
2.752648925781250000e+03
2.761634277343750000e+03
2.770538574218750000e+03
2.779357421875000000e+03
2.788086914062500000e+03
2.796721923828125000e+03
2.805258300781250000e+03
2.813692138671875000e+03
2.822018066406250000e+03
2.830232666015625000e+03
2.838330810546875000e+03
2.846308593750000000e+03
2.854161376953125000e+03
2.861884765625000000e+03
2.869474121093750000e+03
2.876925537109375000e+03
2.884234375000000000e+03
2.891396240234375000e+03
2.898406250000000000e+03
2.905260986328125000e+03
2.911955322265625000e+03
2.918485107421875000e+03
2.924845703125000000e+03
2.931032958984375000e+03
2.937042480468750000e+03
2.942869628906250000e+03
2.948510253906250000e+03
2.953959716796875000e+03
2.959213867187500000e+03
2.964268066406250000e+03
2.969117919921875000e+03
2.973759277343750000e+03
2.978187744140625000e+03
2.982398437500000000e+03
2.986387451171875000e+03
2.990150878906250000e+03
2.993687988281250000e+03
2.996998535156250000e+03
3.000082519531250000e+03
3.002939941406250000e+03
3.005571044921875000e+03
3.007975097656250000e+03
3.010152343750000000e+03
3.012102783203125000e+03
3.013826171875000000e+03
3.015322509765625000e+03
3.016591796875000000e+03
3.017633789062500000e+03
3.018448730468750000e+03
3.019036132812500000e+03
3.019395996093750000e+03
3.019528564453125000e+03
3.019433349609375000e+03
3.019110595703125000e+03
3.018559814453125000e+03
3.017781494140625000e+03
3.016775146484375000e+03
3.015541015625000000e+03
3.014078613281250000e+03
3.012388183593750000e+03
3.010469482421875000e+03
3.008322509765625000e+03
3.005947021484375000e+03
3.003343261718750000e+03
3.000510986328125000e+03
2.997449951171875000e+03
2.994160400390625000e+03
2.990641845703125000e+03
2.986894775390625000e+03
2.982918701171875000e+03
2.978713623046875000e+03
2.974279296875000000e+03
2.969615966796875000e+03
2.964723388671875000e+03
2.959601318359375000e+03
2.954250244140625000e+03
2.948669433593750000e+03
2.942859130859375000e+03
2.936819335937500000e+03
2.930549560546875000e+03
2.924050292968750000e+03
2.917321044921875000e+03
2.910362060546875000e+03
2.903172851562500000e+03
2.895753662109375000e+03
2.888104980468750000e+03
2.880229980468750000e+03
2.872132568359375000e+03
2.863816650390625000e+03
2.855285888671875000e+03
2.846544433593750000e+03
2.837596191406250000e+03
2.828444580078125000e+03
2.819093994140625000e+03
2.809547851562500000e+03
2.799810302734375000e+03
2.789885253906250000e+03
2.779776367187500000e+03
2.769487792968750000e+03
2.759023193359375000e+03
2.748386474609375000e+03
2.737581054687500000e+03
2.726611572265625000e+03
2.715481689453125000e+03
2.704195068359375000e+03
2.692755859375000000e+03
2.681167480468750000e+03
2.669434326171875000e+03
2.657559814453125000e+03
2.645547851562500000e+03
2.633402587890625000e+03
2.621127685546875000e+03
2.608727294921875000e+03
2.596205078125000000e+03
2.583564697265625000e+03
2.570810302734375000e+03
2.557945800781250000e+03
2.544974853515625000e+03
2.531901367187500000e+03
2.518729492187500000e+03
2.505462646484375000e+03
2.492104980468750000e+03
2.478660644531250000e+03
2.465132812500000000e+03
2.451525878906250000e+03
2.437843261718750000e+03
2.424089355468750000e+03
2.410267822265625000e+03
2.396382324218750000e+03
2.382437011718750000e+03
2.368435791015625000e+03
2.354382080078125000e+03
2.340280273437500000e+03
2.326134277343750000e+03
2.311947509765625000e+03
2.297723632812500000e+03
2.283467285156250000e+03
2.269181396484375000e+03
2.254870117187500000e+03
2.240537353515625000e+03
2.226186279296875000e+03
2.211821289062500000e+03
2.197445556640625000e+03
2.183063232421875000e+03
2.168677734375000000e+03
2.154293212890625000e+03
2.139913085937500000e+03
2.125541015625000000e+03
2.111181152343750000e+03
2.096836914062500000e+03
2.082512207031250000e+03
2.068210693359375000e+03
2.053936035156250000e+03
2.039692138671875000e+03
2.025482910156250000e+03
2.011311523437500000e+03
1.997182250976562500e+03
1.983098632812500000e+03
1.969064453125000000e+03
1.955083496093750000e+03
1.941159423828125000e+03
1.927296020507812500e+03
1.913496948242187500e+03
1.899766235351562500e+03
1.886107299804687500e+03
1.872523925781250000e+03
1.859020019531250000e+03
1.845599243164062500e+03
1.832265380859375000e+03
1.819021972656250000e+03
1.805873046875000000e+03
1.792822265625000000e+03
1.779873413085937500e+03
1.767029907226562500e+03
1.754296020507812500e+03
1.741675048828125000e+03
1.729171020507812500e+03
1.716787475585937500e+03
1.704528320312500000e+03
1.692397338867187500e+03
1.680398071289062500e+03
1.668534301757812500e+03
1.656809814453125000e+03
1.645228515625000000e+03
1.633793945312500000e+03
1.622509399414062500e+03
1.611375976562500000e+03
1.600394531250000000e+03
1.589565307617187500e+03
1.578889282226562500e+03
1.568366943359375000e+03
1.557998901367187500e+03
1.547785766601562500e+03
1.537728271484375000e+03
1.527826904296875000e+03
1.518082519531250000e+03
1.508495605468750000e+03
1.499066894531250000e+03
1.489796752929687500e+03
1.480685913085937500e+03
1.471735229492187500e+03
1.462945190429687500e+03
1.454316406250000000e+03
1.445849487304687500e+03
1.437545166015625000e+03
1.429403930664062500e+03
1.421426513671875000e+03
1.413613403320312500e+03
1.405965576171875000e+03
1.398483276367187500e+03
1.391167358398437500e+03
1.384018310546875000e+03
1.377036865234375000e+03
1.370223632812500000e+03
1.363579223632812500e+03
1.357104248046875000e+03
1.350799438476562500e+03
1.344665405273437500e+03
1.338702636718750000e+03
1.332911987304687500e+03
1.327293945312500000e+03
1.321848999023437500e+03
1.316578002929687500e+03
1.311481567382812500e+03
1.306560302734375000e+03
1.301814819335937500e+03
1.297245727539062500e+03
1.292853637695312500e+03
1.288639282226562500e+03
1.284603149414062500e+03
1.280745971679687500e+03
1.277068359375000000e+03
1.273571044921875000e+03
1.270254394531250000e+03
1.267119384765625000e+03
1.264165771484375000e+03
1.261391967773437500e+03
1.258795410156250000e+03
1.256373901367187500e+03
1.254124877929687500e+03
1.252046020507812500e+03
1.250134887695312500e+03
1.248389160156250000e+03
1.246806518554687500e+03
1.245384399414062500e+03
1.244120483398437500e+03
1.243012451171875000e+03
1.242057861328125000e+03
1.241254272460937500e+03
1.240599365234375000e+03
1.240090820312500000e+03
1.239726196289062500e+03
1.239503051757812500e+03
1.239419067382812500e+03
1.239471801757812500e+03
1.239658813476562500e+03
1.239977905273437500e+03
1.240426635742187500e+03
1.241002563476562500e+03
1.241703125000000000e+03
1.242526245117187500e+03
1.243469360351562500e+03
1.244530151367187500e+03
1.245706298828125000e+03
1.246995239257812500e+03
1.248394653320312500e+03
1.249902221679687500e+03
1.251515380859375000e+03
1.253232055664062500e+03
1.255049560546875000e+03
1.256965698242187500e+03
1.258978027343750000e+03
1.261084106445312500e+03
1.263281616210937500e+03
1.265568115234375000e+03
1.267941162109375000e+03
1.270398559570312500e+03
1.272937866210937500e+03
1.275556518554687500e+03
1.278252319335937500e+03
1.281022827148437500e+03
1.283865600585937500e+03
1.286778320312500000e+03
1.289758544921875000e+03
1.292804077148437500e+03
1.295912231445312500e+03
1.299080200195312500e+03
1.302305419921875000e+03
1.305585205078125000e+03
1.308916381835937500e+03
1.312296508789062500e+03
1.315722656250000000e+03
1.319191894531250000e+03
1.322701782226562500e+03
1.326249145507812500e+03
1.329831420898437500e+03
1.333445800781250000e+03
1.337089477539062500e+03
1.340759521484375000e+03
1.344453369140625000e+03
1.348168090820312500e+03
1.351900878906250000e+03
1.355649047851562500e+03
1.359409790039062500e+03
1.363180175781250000e+03
1.366957519531250000e+03
1.370739135742187500e+03
1.374522094726562500e+03
1.378303466796875000e+03
1.382080810546875000e+03
1.385851074218750000e+03
1.389611572265625000e+03
1.393359497070312500e+03
1.397091918945312500e+03
1.400806396484375000e+03
1.404499755859375000e+03
1.408169433593750000e+03
1.411812500000000000e+03
1.415426391601562500e+03
1.419008056640625000e+03
1.422554809570312500e+03
1.426063964843750000e+03
1.429532470703125000e+03
1.432957885742187500e+03
1.436337036132812500e+03
1.439667358398437500e+03
1.442946166992187500e+03
1.446170410156250000e+03
1.449337402343750000e+03
1.452444458007812500e+03
1.455488647460937500e+03
1.458467285156250000e+03
1.461377441406250000e+03
1.464216430664062500e+03
1.466981445312500000e+03
1.469670166015625000e+03
1.472281250000000000e+03
1.474814208984375000e+03
1.477268432617187500e+03
1.479643066406250000e+03
1.481937377929687500e+03
1.484150878906250000e+03
1.486282836914062500e+03
1.488332275390625000e+03
1.490298950195312500e+03
1.492181884765625000e+03
1.493980346679687500e+03
1.495693847656250000e+03
1.497321655273437500e+03
1.498862915039062500e+03
1.500317016601562500e+03
1.501683349609375000e+03
1.502961181640625000e+03
1.504149780273437500e+03
1.505248535156250000e+03
1.506256591796875000e+03
1.507173461914062500e+03
1.507998291015625000e+03
1.508730468750000000e+03
1.509369384765625000e+03
1.509914184570312500e+03
1.510364257812500000e+03
1.510718872070312500e+03
1.510977416992187500e+03
1.511139160156250000e+03
1.511203247070312500e+03
1.511169311523437500e+03
1.511036499023437500e+03
1.510804077148437500e+03
1.510471313476562500e+03
1.510037719726562500e+03
1.509502441406250000e+03
1.508864746093750000e+03
1.508124145507812500e+03
1.507279663085937500e+03
1.506330932617187500e+03
1.505277099609375000e+03
1.504117431640625000e+03
1.502851196289062500e+03
1.501477905273437500e+03
1.499996704101562500e+03
1.498406982421875000e+03
1.496707885742187500e+03
1.494898925781250000e+03
1.492979492187500000e+03
1.490948852539062500e+03
1.488808593750000000e+03
1.486559936523437500e+03
1.484204223632812500e+03
1.481743286132812500e+03
1.479178588867187500e+03
1.476511230468750000e+03
1.473743164062500000e+03
1.470875610351562500e+03
1.467910034179687500e+03
1.464848144531250000e+03
1.461691040039062500e+03
1.458440673828125000e+03
1.455098266601562500e+03
1.451665283203125000e+03
1.448143188476562500e+03
1.444533813476562500e+03
1.440838134765625000e+03
1.437057983398437500e+03
1.433194702148437500e+03
1.429249877929687500e+03
1.425224975585937500e+03
1.421121459960937500e+03
1.416940795898437500e+03
1.412684326171875000e+03
1.408353881835937500e+03
1.403950683593750000e+03
1.399476196289062500e+03
1.394932006835937500e+03
1.390319824218750000e+03
1.385640747070312500e+03
1.380896362304687500e+03
1.376088256835937500e+03
1.371218017578125000e+03
1.366286743164062500e+03
1.361296264648437500e+03
1.356248046875000000e+03
1.351143432617187500e+03
1.345984008789062500e+03
1.340771118164062500e+03
1.335506469726562500e+03
1.330191406250000000e+03
1.324827270507812500e+03
1.319415893554687500e+03
1.313958618164062500e+03
1.308456787109375000e+03
1.302912109375000000e+03
1.297325805664062500e+03
1.291699707031250000e+03
1.286035034179687500e+03
1.280333251953125000e+03
1.274596557617187500e+03
1.268826660156250000e+03
1.263025390625000000e+03
1.257194702148437500e+03
1.251336669921875000e+03
1.245453125000000000e+03
1.239545776367187500e+03
1.233616699218750000e+03
1.227667846679687500e+03
1.221701171875000000e+03
1.215718261718750000e+03
1.209721313476562500e+03
1.203712280273437500e+03
1.197692871093750000e+03
1.191665161132812500e+03
1.185630981445312500e+03
1.179592163085937500e+03
1.173550659179687500e+03
1.167508422851562500e+03
1.161467407226562500e+03
1.155429443359375000e+03
1.149396606445312500e+03
1.143370361328125000e+03
1.137353149414062500e+03
1.131346557617187500e+03
1.125352783203125000e+03
1.119373291015625000e+03
1.113410400390625000e+03
1.107465698242187500e+03
1.101541381835937500e+03
1.095639160156250000e+03
1.089761230468750000e+03
1.083909057617187500e+03
1.078084838867187500e+03
1.072290405273437500e+03
1.066527587890625000e+03
1.060798583984375000e+03
1.055105102539062500e+03
1.049448974609375000e+03
1.043832153320312500e+03
1.038256713867187500e+03
1.032724243164062500e+03
1.027237060546875000e+03
1.021796813964843750e+03
1.016405456542968750e+03
1.011064758300781250e+03
1.005776916503906250e+03
1.000543762207031250e+03
9.953669433593750000e+02
9.902485351562500000e+02
9.851890258789062500e+02
9.801890258789062500e+02
9.752491455078125000e+02
9.703698730468750000e+02
9.655516357421875000e+02
9.607953491210937500e+02
9.561011962890625000e+02
9.514697265625000000e+02
9.469017333984375000e+02
9.423976440429687500e+02
9.379578857421875000e+02
9.335832519531250000e+02
9.292740478515625000e+02
9.250308837890625000e+02
9.208543701171875000e+02
9.167450561523437500e+02
9.127033691406250000e+02
9.087299804687500000e+02
9.048253784179687500e+02
9.009901123046875000e+02
8.972247314453125000e+02
8.935297851562500000e+02
8.899058837890625000e+02
8.863533325195312500e+02
8.828729858398437500e+02
8.794651489257812500e+02
8.761305541992187500e+02
8.728695678710937500e+02
8.696829223632812500e+02
8.665709838867187500e+02
8.635344238281250000e+02
8.605737304687500000e+02
8.576894531250000000e+02
8.548821411132812500e+02
8.521523437500000000e+02
8.495006103515625000e+02
8.469274291992187500e+02
8.444334716796875000e+02
8.420192260742187500e+02
8.396851196289062500e+02
8.374318237304687500e+02
8.352598876953125000e+02
8.331697998046875000e+02
8.311621093750000000e+02
8.292374877929687500e+02
8.273962402343750000e+02
8.256390991210937500e+02
8.239665527343750000e+02
8.223791503906250000e+02
8.208771362304687500e+02
8.194598388671875000e+02
8.181260986328125000e+02
8.168749389648437500e+02
8.157053222656250000e+02
8.146161499023437500e+02
8.136064453125000000e+02
8.126751708984375000e+02
8.118212280273437500e+02
8.110436401367187500e+02
8.103413696289062500e+02
8.097133178710937500e+02
8.091585083007812500e+02
8.086757812500000000e+02
8.082642822265625000e+02
8.079228515625000000e+02
8.076504516601562500e+02
8.074461059570312500e+02
8.073087768554687500e+02
8.072373046875000000e+02
8.072307128906250000e+02
8.072880249023437500e+02
8.074080810546875000e+02
8.075900268554687500e+02
8.078326416015625000e+02
8.081349487304687500e+02
8.084959716796875000e+02
8.089145507812500000e+02
8.093897705078125000e+02
8.099204711914062500e+02
8.105056762695312500e+02
8.111443481445312500e+02
8.118354492187500000e+02
8.125779418945312500e+02
8.133707885742187500e+02
8.142128906250000000e+02
8.151033325195312500e+02
8.160409545898437500e+02
8.170247192382812500e+02
8.180536499023437500e+02
8.191267700195312500e+02
8.202428588867187500e+02
8.214010620117187500e+02
8.226001586914062500e+02
8.238392333984375000e+02
8.251172485351562500e+02
8.264330444335937500e+02
8.277857666015625000e+02
8.291742553710937500e+02
8.305974731445312500e+02
8.320543212890625000e+02
8.335435180664062500e+02
8.350635375976562500e+02
8.366130981445312500e+02
8.381906738281250000e+02
8.397948608398437500e+02
8.414242553710937500e+02
8.430775146484375000e+02
8.447531738281250000e+02
8.464497680664062500e+02
8.481659545898437500e+02
8.499002685546875000e+02
8.516513061523437500e+02
8.534177246093750000e+02
8.551979980468750000e+02
8.569907836914062500e+02
8.587946166992187500e+02
8.606081542968750000e+02
8.624299316406250000e+02
8.642585449218750000e+02
8.660925292968750000e+02
8.679306030273437500e+02
8.697711791992187500e+02
8.716129760742187500e+02
8.734545898437500000e+02
8.752944946289062500e+02
8.771312866210937500e+02
8.789636840820312500e+02
8.807901611328125000e+02
8.826091918945312500e+02
8.844196777343750000e+02
8.862199707031250000e+02
8.880086669921875000e+02
8.897843627929687500e+02
8.915457763671875000e+02
8.932914428710937500e+02
8.950197143554687500e+02
8.967294921875000000e+02
8.984191284179687500e+02
9.000874023437500000e+02
9.017327880859375000e+02
9.033538818359375000e+02
9.049492187500000000e+02
9.065175170898437500e+02
9.080571899414062500e+02
9.095669555664062500e+02
9.110454101562500000e+02
9.124911499023437500e+02
9.139025268554687500e+02
9.152784423828125000e+02
9.166174926757812500e+02
9.179189453125000000e+02
9.191823730468750000e+02
9.204071655273437500e+02
9.215929565429687500e+02
9.227390747070312500e+02
9.238452758789062500e+02
9.249106445312500000e+02
9.259349365234375000e+02
9.269174804687500000e+02
9.278579101562500000e+02
9.287556762695312500e+02
9.296101684570312500e+02
9.304209594726562500e+02
9.311875000000000000e+02
9.319093017578125000e+02
9.325858154296875000e+02
9.332164916992187500e+02
9.338008422851562500e+02
9.343384399414062500e+02
9.348286132812500000e+02
9.352709960937500000e+02
9.356649780273437500e+02
9.360100097656250000e+02
9.363057250976562500e+02
9.365513305664062500e+02
9.367466430664062500e+02
9.368909301757812500e+02
9.369837646484375000e+02
9.370245971679687500e+02
9.370129394531250000e+02
9.369483032226562500e+02
9.368300170898437500e+02
9.366576538085937500e+02
9.364307861328125000e+02
9.361488647460937500e+02
9.358112182617187500e+02
9.354174804687500000e+02
9.349671020507812500e+02
9.344595947265625000e+02
9.338943481445312500e+02
9.332709960937500000e+02
9.325888671875000000e+02
9.318475341796875000e+02
9.310463867187500000e+02
9.301851196289062500e+02
9.292629394531250000e+02
9.282795410156250000e+02
9.272343139648437500e+02
9.261267089843750000e+02
9.249565429687500000e+02
9.237241821289062500e+02
9.224302368164062500e+02
9.210753784179687500e+02
9.196602172851562500e+02
9.181856079101562500e+02
9.166519165039062500e+02
9.150599365234375000e+02
9.134103393554687500e+02
9.117037963867187500e+02
9.099407348632812500e+02
9.081220703125000000e+02
9.062482299804687500e+02
9.043200683593750000e+02
9.023380737304687500e+02
9.003030395507812500e+02
8.982154541015625000e+02
8.960760498046875000e+02
8.938854370117187500e+02
8.916444091796875000e+02
8.893533935546875000e+02
8.870131225585937500e+02
8.846243896484375000e+02
8.821876220703125000e+02
8.797036132812500000e+02
8.771729736328125000e+02
8.745963134765625000e+02
8.719743041992187500e+02
8.693075561523437500e+02
8.665968627929687500e+02
8.638426513671875000e+02
8.610457153320312500e+02
8.582066650390625000e+02
8.553261718750000000e+02
8.524049072265625000e+02
8.494434204101562500e+02
8.464425048828125000e+02
8.434026489257812500e+02
8.403245849609375000e+02
8.372089233398437500e+02
8.340563964843750000e+02
8.308676147460937500e+02
8.276431274414062500e+02
8.243836669921875000e+02
8.210899658203125000e+02
8.177625122070312500e+02
8.144020385742187500e+02
8.110091552734375000e+02
8.075845336914062500e+02
8.041288452148437500e+02
8.006428222656250000e+02
7.971273803710937500e+02
7.935834960937500000e+02
7.900123291015625000e+02
7.864149169921875000e+02
7.827922363281250000e+02
7.791453247070312500e+02
7.754752197265625000e+02
7.717830200195312500e+02
7.680697021484375000e+02
7.643363647460937500e+02
7.605840454101562500e+02
7.568136596679687500e+02
7.530263671875000000e+02
7.492232055664062500e+02
7.454051513671875000e+02
7.415733032226562500e+02
7.377286376953125000e+02
7.338722534179687500e+02
7.300051269531250000e+02
7.261284179687500000e+02
7.222430419921875000e+02
7.183500366210937500e+02
7.144504394531250000e+02
7.105454711914062500e+02
7.066359252929687500e+02
7.027230224609375000e+02
6.988076782226562500e+02
6.948909301757812500e+02
6.909739379882812500e+02
6.870576171875000000e+02
6.831431274414062500e+02
6.792313842773437500e+02
6.753234863281250000e+02
6.714204101562500000e+02
6.675233764648437500e+02
6.636331787109375000e+02
6.597510375976562500e+02
6.558779296875000000e+02
6.520148315429687500e+02
6.481629028320312500e+02
6.443230590820312500e+02
6.404964599609375000e+02
6.366840820312500000e+02
6.328869628906250000e+02
6.291061401367187500e+02
6.253426513671875000e+02
6.215975952148437500e+02
6.178719482421875000e+02
6.141666870117187500e+02
6.104828491210937500e+02
6.068210449218750000e+02
6.031817016601562500e+02
5.995653076171875000e+02
5.959723510742187500e+02
5.924033813476562500e+02
5.888587646484375000e+02
5.853391113281250000e+02
5.818448486328125000e+02
5.783764648437500000e+02
5.749345092773437500e+02
5.715194091796875000e+02
5.681315917968750000e+02
5.647716674804687500e+02
5.614400634765625000e+02
5.581373291015625000e+02
5.548638916015625000e+02
5.516202392578125000e+02
5.484067993164062500e+02
5.452241821289062500e+02
5.420728149414062500e+02
5.389532470703125000e+02
5.358659057617187500e+02
5.328112182617187500e+02
5.297898559570312500e+02
5.268021240234375000e+02
5.238486328125000000e+02
5.209297485351562500e+02
5.180460815429687500e+02
5.151980590820312500e+02
5.123861694335937500e+02
5.096109313964843750e+02
5.068728027343750000e+02
5.041723022460937500e+02
5.015098571777343750e+02
4.988859863281250000e+02
4.963012695312500000e+02
4.937560424804687500e+02
4.912509155273437500e+02
4.887862854003906250e+02
4.863627014160156250e+02
4.839806213378906250e+02
4.816405639648437500e+02
4.793429870605468750e+02
4.770883483886718750e+02
4.748771972656250000e+02
4.727100524902343750e+02
4.705872802734375000e+02
4.685094604492187500e+02
4.664770812988281250e+02
4.644904785156250000e+02
4.625494384765625000e+02
4.606536865234375000e+02
4.588028259277343750e+02
4.569965820312500000e+02
4.552346191406250000e+02
4.535165710449218750e+02
4.518421936035156250e+02
4.502110900878906250e+02
4.486229858398437500e+02
4.470775146484375000e+02
4.455743713378906250e+02
4.441131591796875000e+02
4.426937255859375000e+02
4.413155212402343750e+02
4.399784240722656250e+02
4.386819763183593750e+02
4.374258728027343750e+02
4.362098693847656250e+02
4.350334777832031250e+02
4.338965759277343750e+02
4.327986755371093750e+02
4.317395019531250000e+02
4.307187500000000000e+02
4.297360839843750000e+02
4.287911376953125000e+02
4.278836669921875000e+02
4.270132446289062500e+02
4.261796264648437500e+02
4.253824462890625000e+02
4.246214294433593750e+02
4.238961486816406250e+02
4.232063903808593750e+02
4.225517578125000000e+02
4.219319458007812500e+02
4.213466186523437500e+02
4.207954711914062500e+02
4.202781372070312500e+02
4.197943115234375000e+02
4.193437194824218750e+02
4.189259338378906250e+02
4.185407409667968750e+02
4.181877136230468750e+02
4.178665771484375000e+02
4.175770263671875000e+02
4.173186645507812500e+02
4.170912170410156250e+02
4.168943481445312500e+02
4.167277221679687500e+02
4.165910339355468750e+02
4.164838867187500000e+02
4.164056701660156250e+02
4.163556823730468750e+02
4.163332519531250000e+02
4.163376770019531250e+02
4.163683166503906250e+02
4.164244689941406250e+02
4.165054321289062500e+02
4.166105651855468750e+02
4.167391662597656250e+02
4.168905334472656250e+02
4.170639953613281250e+02
4.172589111328125000e+02
4.174745788574218750e+02
4.177102966308593750e+02
4.179653930664062500e+02
4.182391967773437500e+02
4.185310058593750000e+02
4.188401794433593750e+02
4.191659851074218750e+02
4.195077819824218750e+02
4.198648986816406250e+02
4.202365722656250000e+02
4.206221923828125000e+02
4.210210876464843750e+02
4.214325561523437500e+02
4.218558959960937500e+02
4.222904357910156250e+02
4.227355346679687500e+02
4.231904602050781250e+02
4.236545410156250000e+02
4.241271057128906250e+02
4.246074829101562500e+02
4.250950012207031250e+02
4.255889282226562500e+02
4.260886230468750000e+02
4.265933837890625000e+02
4.271025390625000000e+02
4.276154174804687500e+02
4.281313476562500000e+02
4.286495971679687500e+02
4.291695556640625000e+02
4.296904907226562500e+02
4.302117309570312500e+02
4.307326049804687500e+02
4.312524108886718750e+02
4.317704772949218750e+02
4.322861633300781250e+02
4.327987060546875000e+02
4.333074951171875000e+02
4.338118896484375000e+02
4.343114013671875000e+02
4.348056945800781250e+02
4.352943115234375000e+02
4.357769470214843750e+02
4.362530822753906250e+02
4.367224121093750000e+02
4.371845092773437500e+02
4.376390380859375000e+02
4.380854797363281250e+02
4.385235595703125000e+02
4.389528808593750000e+02
4.393729248046875000e+02
4.397834167480468750e+02
4.401839294433593750e+02
4.405740356445312500e+02
4.409533996582031250e+02
4.413216247558593750e+02
4.416782226562500000e+02
4.420228881835937500e+02
4.423551635742187500e+02
4.426747131347656250e+02
4.429811401367187500e+02
4.432740173339843750e+02
4.435529174804687500e+02
4.438175659179687500e+02
4.440674438476562500e+02
4.443022155761718750e+02
4.445214538574218750e+02
4.447248229980468750e+02
4.449118347167968750e+02
4.450822143554687500e+02
4.452354431152343750e+02
4.453712158203125000e+02
4.454891357421875000e+02
4.455887756347656250e+02
4.456697082519531250e+02
4.457315979003906250e+02
4.457739868164062500e+02
4.457965698242187500e+02
4.457988891601562500e+02
4.457805786132812500e+02
4.457411804199218750e+02
4.456803894042968750e+02
4.455977783203125000e+02
4.454929199218750000e+02
4.453654479980468750e+02
4.452149963378906250e+02
4.450411071777343750e+02
4.448434143066406250e+02
4.446215820312500000e+02
4.443757324218750000e+02
4.441059875488281250e+02
4.438125000000000000e+02
4.434953918457031250e+02
4.431547546386718750e+02
4.427908630371093750e+02
4.424037780761718750e+02
4.419937133789062500e+02
4.415607299804687500e+02
4.411050109863281250e+02
4.406267089843750000e+02
4.401259765625000000e+02
4.396029663085937500e+02
4.390577697753906250e+02
4.384905700683593750e+02
4.379015502929687500e+02
4.372908020019531250e+02
4.366585083007812500e+02
4.360047912597656250e+02
4.353298339843750000e+02
4.346337280273437500e+02
4.339166259765625000e+02
4.331787414550781250e+02
4.324201354980468750e+02
4.316410522460937500e+02
4.308415222167968750e+02
4.300217590332031250e+02
4.291819152832031250e+02
4.283221130371093750e+02
4.274425354003906250e+02
4.265432434082031250e+02
4.256244812011718750e+02
4.246863708496093750e+02
4.237290039062500000e+02
4.227525939941406250e+02
4.217572631835937500e+02
4.207431335449218750e+02
4.197103881835937500e+02
4.186591491699218750e+02
4.175895690917968750e+02
4.165018005371093750e+02
4.153959960937500000e+02
4.142723083496093750e+02
4.131308288574218750e+02
4.119717712402343750e+02
4.107952270507812500e+02
4.096013793945312500e+02
4.083903808593750000e+02
4.071623535156250000e+02
4.059175109863281250e+02
4.046561889648437500e+02
4.033788757324218750e+02
4.020859069824218750e+02
4.007778015136718750e+02
3.994548950195312500e+02
3.981176757812500000e+02
3.967665405273437500e+02
3.954019165039062500e+02
3.940241699218750000e+02
3.926338195800781250e+02
3.912312316894531250e+02
3.898168029785156250e+02
3.883910522460937500e+02
3.869542846679687500e+02
3.855070190429687500e+02
3.840495910644531250e+02
3.825825195312500000e+02
3.811061401367187500e+02
3.796209411621093750e+02
3.781272888183593750e+02
3.766256713867187500e+02
3.751164245605468750e+02
3.736000061035156250e+02
3.720769042968750000e+02
3.705474548339843750e+02
3.690120849609375000e+02
3.674712829589843750e+02
3.659254150390625000e+02
3.643749084472656250e+02
3.628202209472656250e+02
3.612617492675781250e+02
3.596998901367187500e+02
3.581351318359375000e+02
3.565678405761718750e+02
3.549984741210937500e+02
3.534273986816406250e+02
3.518551025390625000e+02
3.502819519042968750e+02
3.487084350585937500e+02
3.471349182128906250e+02
3.455618286132812500e+02
3.439895935058593750e+02
3.424187011718750000e+02
3.408494567871093750e+02
3.392823486328125000e+02
3.377178039550781250e+02
3.361562500000000000e+02
3.345980834960937500e+02
3.330437316894531250e+02
3.314935913085937500e+02
3.299479675292968750e+02
3.284071350097656250e+02
3.268713684082031250e+02
3.253409118652343750e+02
3.238161010742187500e+02
3.222971496582031250e+02
3.207843627929687500e+02
3.192779846191406250e+02
3.177783203125000000e+02
3.162856445312500000e+02
3.148002014160156250e+02
3.133222656250000000e+02
3.118521728515625000e+02
3.103901062011718750e+02
3.089364013671875000e+02
3.074913024902343750e+02
3.060551147460937500e+02
3.046280517578125000e+02
3.032104797363281250e+02
3.018025817871093750e+02
3.004046630859375000e+02
2.990169982910156250e+02
2.976398925781250000e+02
2.962735595703125000e+02
2.949183044433593750e+02
2.935744323730468750e+02
2.922421569824218750e+02
2.909218139648437500e+02
2.896136169433593750e+02
2.883178405761718750e+02
2.870348205566406250e+02
2.857647705078125000e+02
2.845079956054687500e+02
2.832647705078125000e+02
2.820353393554687500e+02
2.808199768066406250e+02
2.796190185546875000e+02
2.784326477050781250e+02
2.772611999511718750e+02
2.761049499511718750e+02
2.749641113281250000e+02
2.738390197753906250e+02
2.727299499511718750e+02
2.716371459960937500e+02
2.705608520507812500e+02
2.695014038085937500e+02
2.684590454101562500e+02
2.674340515136718750e+02
2.664267272949218750e+02
2.654371948242187500e+02
2.644655761718750000e+02
2.635116577148437500e+02
2.625754394531250000e+02
2.616568603515625000e+02
2.607557983398437500e+02
2.598721923828125000e+02
2.590059814453125000e+02
2.581571044921875000e+02
2.573254089355468750e+02
2.565108947753906250e+02
2.557134704589843750e+02
2.549330291748046875e+02
2.541695251464843750e+02
2.534228820800781250e+02
2.526930236816406250e+02
2.519798736572265625e+02
2.512833251953125000e+02
2.506033630371093750e+02
2.499398651123046875e+02
2.492927398681640625e+02
2.486619873046875000e+02
2.480474548339843750e+02
2.474491119384765625e+02
2.468668518066406250e+02
2.463006286621093750e+02
2.457503509521484375e+02
2.452159423828125000e+02
2.446973114013671875e+02
2.441944427490234375e+02
2.437071990966796875e+02
2.432355194091796875e+02
2.427793273925781250e+02
2.423385620117187500e+02
2.419131469726562500e+02
2.415029754638671875e+02
2.411080322265625000e+02
2.407281799316406250e+02
2.403633728027343750e+02
2.400135345458984375e+02
2.396785736083984375e+02
2.393584136962890625e+02
2.390530395507812500e+02
2.387622985839843750e+02
2.384861145019531250e+02
2.382244873046875000e+02
2.379772949218750000e+02
2.377444305419921875e+02
2.375258789062500000e+02
2.373215026855468750e+02
2.371312561035156250e+02
2.369548339843750000e+02
2.367919921875000000e+02
2.366424102783203125e+02
2.365058441162109375e+02
2.363819580078125000e+02
2.362705383300781250e+02
2.361711883544921875e+02
2.360837402343750000e+02
2.360078430175781250e+02
2.359432373046875000e+02
2.358896026611328125e+02
2.358467102050781250e+02
2.358142242431640625e+02
2.357918701171875000e+02
2.357793884277343750e+02
2.357764739990234375e+02
2.357828521728515625e+02
2.357982177734375000e+02
2.358222961425781250e+02
2.358547973632812500e+02
2.358954315185546875e+02
2.359439544677734375e+02
2.360000305175781250e+02
2.360634307861328125e+02
2.361337890625000000e+02
2.362109069824218750e+02
2.362944030761718750e+02
2.363841094970703125e+02
2.364796295166015625e+02
2.365807342529296875e+02
2.366871490478515625e+02
2.367985687255859375e+02
2.369146881103515625e+02
2.370352783203125000e+02
2.371600036621093750e+02
2.372885742187500000e+02
2.374207611083984375e+02
2.375562133789062500e+02
2.376946868896484375e+02
2.378359069824218750e+02
2.379795532226562500e+02
2.381253509521484375e+02
2.382730102539062500e+02
2.384222564697265625e+02
2.385728302001953125e+02
2.387243957519531250e+02
2.388766937255859375e+02
2.390294189453125000e+02
2.391823272705078125e+02
2.393351135253906250e+02
2.394875640869140625e+02
2.396394653320312500e+02
2.397906036376953125e+02
2.399407806396484375e+02
2.400897979736328125e+02
2.402374267578125000e+02
2.403834533691406250e+02
2.405276794433593750e+02
2.406698913574218750e+02
2.408098907470703125e+02
2.409474334716796875e+02
2.410823516845703125e+02
2.412144317626953125e+02
2.413434143066406250e+02
2.414691467285156250e+02
2.415914154052734375e+02
2.417099761962890625e+02
2.418246307373046875e+02
2.419351806640625000e+02
2.420414276123046875e+02
2.421431427001953125e+02
2.422400970458984375e+02
2.423321228027343750e+02
2.424189758300781250e+02
2.425004730224609375e+02
2.425764007568359375e+02
2.426465606689453125e+02
2.427106781005859375e+02
2.427686004638671875e+02
2.428201141357421875e+02
2.428650360107421875e+02
2.429030761718750000e+02
2.429340972900390625e+02
2.429578704833984375e+02
2.429741668701171875e+02
2.429827728271484375e+02
2.429835205078125000e+02
2.429761810302734375e+02
2.429605255126953125e+02
2.429363708496093750e+02
2.429034729003906250e+02
2.428616485595703125e+02
2.428107147216796875e+02
2.427503967285156250e+02
2.426805419921875000e+02
2.426008911132812500e+02
2.425113067626953125e+02
2.424114990234375000e+02
2.423013153076171875e+02
2.421805267333984375e+02
2.420491943359375000e+02
2.419072570800781250e+02
2.417548065185546875e+02
2.415918273925781250e+02
2.414183349609375000e+02
2.412343750000000000e+02
2.410399627685546875e+02
2.408350982666015625e+02
2.406198272705078125e+02
2.403941497802734375e+02
2.401581268310546875e+02
2.399117279052734375e+02
2.396550140380859375e+02
2.393879852294921875e+02
2.391106567382812500e+02
2.388230895996093750e+02
2.385252532958984375e+02
2.382172088623046875e+02
2.378989562988281250e+02
2.375705261230468750e+02
2.372319641113281250e+02
2.368832397460937500e+02
2.365243835449218750e+02
2.361554412841796875e+02
2.357764434814453125e+02
2.353873748779296875e+02
2.349882965087890625e+02
2.345791931152343750e+02
2.341601104736328125e+02
2.337310791015625000e+02
2.332920684814453125e+02
2.328431549072265625e+02
2.323843383789062500e+02
2.319156188964843750e+02
2.314370574951171875e+02
2.309486541748046875e+02
2.304504394531250000e+02
2.299424438476562500e+02
2.294246673583984375e+02
2.288971099853515625e+02
2.283598480224609375e+02
2.278128662109375000e+02
2.272562103271484375e+02
2.266898803710937500e+02
2.261138916015625000e+02
2.255282897949218750e+02
2.249330902099609375e+02
2.243282928466796875e+02
2.237139434814453125e+02
2.230901031494140625e+02
2.224568786621093750e+02
2.218144989013671875e+02
2.211631164550781250e+02
2.205028991699218750e+02
2.198340606689453125e+02
2.191567993164062500e+02
2.184712371826171875e+02
2.177776031494140625e+02
2.170760803222656250e+02
2.163667907714843750e+02
2.156499938964843750e+02
2.149258117675781250e+02
2.141944580078125000e+02
2.134561157226562500e+02
2.127109527587890625e+02
2.119591369628906250e+02
2.112008666992187500e+02
2.104363403320312500e+02
2.096657257080078125e+02
2.088891906738281250e+02
2.081069183349609375e+02
2.073190917968750000e+02
2.065259246826171875e+02
2.057275543212890625e+02
2.049241790771484375e+02
2.041159973144531250e+02
2.033031616210937500e+02
2.024858551025390625e+02
2.016642913818359375e+02
2.008386230468750000e+02
2.000090332031250000e+02
1.991757202148437500e+02
1.983388366699218750e+02
1.974985961914062500e+02
1.966551818847656250e+02
1.958087310791015625e+02
1.949594573974609375e+02
1.941075439453125000e+02
1.932531585693359375e+02
1.923965148925781250e+02
1.915377502441406250e+02
1.906770629882812500e+02
1.898146514892578125e+02
1.889506530761718750e+02
1.880852966308593750e+02
1.872187500000000000e+02
1.863511962890625000e+02
1.854828033447265625e+02
1.846137390136718750e+02
1.837442321777343750e+02
1.828744049072265625e+02
1.820044250488281250e+02
1.811344451904296875e+02
1.802646179199218750e+02
1.793951263427734375e+02
1.785261230468750000e+02
1.776577301025390625e+02
1.767901458740234375e+02
1.759235229492187500e+02
1.750579986572265625e+02
1.741937561035156250e+02
1.733309326171875000e+02
1.724696960449218750e+02
1.716101989746093750e+02
1.707526092529296875e+02
1.698970794677734375e+02
1.690437622070312500e+02
1.681928253173828125e+02
1.673444061279296875e+02
1.664986877441406250e+02
1.656558227539062500e+02
1.648159637451171875e+02
1.639792785644531250e+02
1.631458892822265625e+02
1.623159942626953125e+02
1.614897613525390625e+02
1.606673126220703125e+02
1.598488159179687500e+02
1.590344085693359375e+02
1.582243194580078125e+02
1.574186248779296875e+02
1.566175231933593750e+02
1.558211822509765625e+02
1.550297241210937500e+02
1.542433471679687500e+02
1.534621734619140625e+02
1.526863861083984375e+02
1.519161376953125000e+02
1.511515808105468750e+02
1.503928680419921875e+02
1.496401672363281250e+02
1.488936462402343750e+02
1.481534423828125000e+02
1.474197235107421875e+02
1.466926422119140625e+02
1.459723663330078125e+02
1.452590484619140625e+02
1.445528411865234375e+02
1.438539123535156250e+02
1.431623687744140625e+02
1.424783020019531250e+02
1.418016815185546875e+02
1.411325378417968750e+02
1.404708709716796875e+02
1.398167114257812500e+02
1.391700592041015625e+02
1.385309448242187500e+02
1.378993682861328125e+02
1.372753448486328125e+02
1.366588897705078125e+02
1.360500183105468750e+02
1.354487304687500000e+02
1.348550567626953125e+02
1.342690124511718750e+02
1.336905975341796875e+02
1.331198272705078125e+02
1.325567169189453125e+02
1.320012969970703125e+02
1.314535675048828125e+02
1.309135284423828125e+02
1.303812255859375000e+02
1.298566436767578125e+02
1.293397979736328125e+02
1.288307189941406250e+02
1.283294067382812500e+02
1.278358917236328125e+02
1.273501586914062500e+02
1.268722534179687500e+02
1.264021606445312500e+02
1.259399185180664062e+02
1.254855270385742188e+02
1.250390014648437500e+02
1.246003646850585938e+02
1.241696166992187500e+02
1.237467651367187500e+02
1.233318481445312500e+02
1.229248580932617188e+02
1.225258178710937500e+02
1.221347503662109375e+02
1.217516403198242188e+02
1.213765258789062500e+02
1.210094223022460938e+02
1.206503295898437500e+02
1.202992782592773438e+02
1.199562606811523438e+02
1.196213073730468750e+02
1.192944030761718750e+02
1.189756011962890625e+02
1.186649017333984375e+02
1.183622894287109375e+02
1.180676803588867188e+02
1.177809600830078125e+02
1.175020523071289062e+02
1.172308120727539062e+02
1.169671554565429688e+02
1.167109909057617188e+02
1.164621810913085938e+02
1.162206344604492188e+02
1.159862365722656250e+02
1.157588806152343750e+02
1.155384826660156250e+02
1.153249053955078125e+02
1.151180725097656250e+02
1.149178543090820312e+02
1.147241516113281250e+02
1.145368728637695312e+02
1.143558883666992188e+02
1.141810989379882812e+02
1.140123977661132812e+02
1.138496856689453125e+02
1.136928558349609375e+02
1.135418014526367188e+02
1.133964004516601562e+02
1.132565612792968750e+02
1.131221847534179688e+02
1.129931488037109375e+02
1.128693618774414062e+02
1.127506942749023438e+02
1.126370620727539062e+02
1.125283584594726562e+02
1.124244537353515625e+02
1.123252716064453125e+02
1.122306900024414062e+02
1.121405944824218750e+02
1.120549011230468750e+02
1.119734954833984375e+02
1.118962478637695312e+02
1.118230819702148438e+02
1.117538833618164062e+02
1.116885375976562500e+02
1.116269454956054688e+02
1.115690002441406250e+02
1.115146026611328125e+02
1.114636306762695312e+02
1.114159698486328125e+02
1.113715515136718750e+02
1.113302383422851562e+02
1.112919387817382812e+02
1.112565231323242188e+02
1.112239227294921875e+02
1.111939926147460938e+02
1.111666488647460938e+02
1.111417694091796875e+02
1.111192626953125000e+02
1.110989990234375000e+02
1.110808715820312500e+02
1.110647888183593750e+02
1.110506286621093750e+02
1.110382995605468750e+02
1.110276641845703125e+02
1.110186386108398438e+02
1.110110931396484375e+02
1.110049438476562500e+02
1.110000610351562500e+02
1.109963455200195312e+02
1.109937057495117188e+02
1.109920043945312500e+02
1.109911422729492188e+02
1.109910125732421875e+02
1.109915008544921875e+02
1.109925231933593750e+02
1.109939346313476562e+02
1.109956512451171875e+02
1.109975585937500000e+02
1.109995422363281250e+02
1.110015029907226562e+02
1.110033340454101562e+02
1.110049057006835938e+02
1.110061340332031250e+02
1.110069046020507812e+02
1.110071029663085938e+02
1.110066223144531250e+02
1.110053558349609375e+02
1.110031967163085938e+02
1.110000228881835938e+02
1.109957427978515625e+02
1.109902496337890625e+02
1.109834213256835938e+02
1.109751586914062500e+02
1.109653320312500000e+02
1.109538726806640625e+02
1.109406356811523438e+02
1.109255371093750000e+02
1.109084472656250000e+02
1.108892745971679688e+02
1.108679046630859375e+02
1.108442230224609375e+02
1.108181304931640625e+02
1.107895126342773438e+02
1.107582778930664062e+02
1.107243728637695312e+02
1.106877899169921875e+02
1.106484756469726562e+02
1.106064147949218750e+02
1.105615768432617188e+02
1.105139160156250000e+02
1.104634094238281250e+02
1.104100418090820312e+02
1.103537750244140625e+02
1.102945709228515625e+02
1.102324066162109375e+02
1.101672439575195312e+02
1.100990676879882812e+02
1.100278320312500000e+02
1.099535140991210938e+02
1.098760910034179688e+02
1.097955245971679688e+02
1.097117843627929688e+02
1.096248474121093750e+02
1.095346603393554688e+02
1.094412307739257812e+02
1.093445053100585938e+02
1.092444458007812500e+02
1.091410522460937500e+02
1.090342636108398438e+02
1.089240722656250000e+02
1.088104248046875000e+02
1.086933212280273438e+02
1.085727081298828125e+02
1.084485626220703125e+02
1.083208541870117188e+02
1.081895599365234375e+02
1.080546340942382812e+02
1.079160614013671875e+02
1.077738037109375000e+02
1.076278381347656250e+02
1.074781265258789062e+02
1.073246459960937500e+02
1.071673583984375000e+02
1.070062484741210938e+02
1.068412628173828125e+02
1.066723937988281250e+02
1.064996032714843750e+02
1.063228530883789062e+02
1.061421279907226562e+02
1.059573898315429688e+02
1.057686004638671875e+02
1.055757522583007812e+02
1.053787994384765625e+02
1.051777267456054688e+02
1.049725875854492188e+02
1.047634582519531250e+02
1.045504074096679688e+02
1.043335037231445312e+02
1.041128158569335938e+02
1.038884048461914062e+02
1.036603546142578125e+02
1.034287261962890625e+02
1.031935882568359375e+02
1.029550170898437500e+02
1.027130737304687500e+02
1.024678344726562500e+02
1.022193679809570312e+02
1.019677429199218750e+02
1.017130203247070312e+02
1.014552841186523438e+02
1.011945953369140625e+02
1.009310226440429688e+02
1.006646347045898438e+02
1.003955154418945312e+02
1.001237182617187500e+02
9.984931182861328125e+01
9.957238006591796875e+01
9.929297637939453125e+01
9.901117706298828125e+01
9.872705841064453125e+01
9.844068145751953125e+01
9.815211486816406250e+01
9.786143493652343750e+01
9.756871032714843750e+01
9.727399444580078125e+01
9.697737884521484375e+01
9.667892456054687500e+01
9.637870025634765625e+01
9.607677459716796875e+01
9.577321624755859375e+01
9.546810150146484375e+01
9.516149139404296875e+01
9.485345458984375000e+01
9.454407501220703125e+01
9.423340606689453125e+01
9.392152404785156250e+01
9.360849761962890625e+01
9.329440307617187500e+01
9.297929382324218750e+01
9.266324615478515625e+01
9.234633636474609375e+01
9.202863311767578125e+01
9.171019744873046875e+01
9.139109802246093750e+01
9.107135009765625000e+01
9.075096893310546875e+01
9.042997741699218750e+01
9.010838317871093750e+01
8.978618621826171875e+01
8.946340942382812500e+01
8.914007568359375000e+01
8.881618499755859375e+01
8.849175262451171875e+01
8.816679382324218750e+01
8.784132385253906250e+01
8.751535797119140625e+01
8.718889617919921875e+01
8.686196136474609375e+01
8.653456878662109375e+01
8.620673370361328125e+01
8.587846374511718750e+01
8.554976654052734375e+01
8.522066497802734375e+01
8.489116668701171875e+01
8.456127929687500000e+01
8.423104095458984375e+01
8.390043640136718750e+01
8.356948852539062500e+01
8.323822021484375000e+01
8.290662384033203125e+01
8.257473754882812500e+01
8.224255371093750000e+01
8.191009521484375000e+01
8.157737731933593750e+01
8.124440002441406250e+01
8.091119384765625000e+01
8.057775878906250000e+01
8.024411773681640625e+01
7.991027832031250000e+01
7.957625579833984375e+01
7.924205780029296875e+01
7.890769958496093750e+01
7.857320404052734375e+01
7.823857116699218750e+01
7.790382385253906250e+01
7.756896972656250000e+01
7.723403167724609375e+01
7.689900207519531250e+01
7.656391143798828125e+01
7.622876739501953125e+01
7.589358520507812500e+01
7.555838012695312500e+01
7.522315979003906250e+01
