# bin_4_2
9.707094082500580075e-07
6.838006874696975297e-07
4.626170064950102775e-07
2.987822351013286858e-07
1.827701499493657762e-07
1.048129196868050162e-07
5.567814884525857688e-08
2.707385387280359138e-08
1.205316589199485911e-08
5.224787796698976770e-09
2.748343160513595261e-09
2.162971337446397703e-09
2.103785800213721691e-09
1.980118779637683235e-09
1.669645428009436829e-09
1.215117994330654237e-09
7.811252612726652960e-10
3.751819842907430238e-10
2.322512013385931112e-11
-1.319029450976205652e-10
