# bin_3_1
3.566640582861552800e-07
2.623653690420317558e-07
1.873583595425913144e-07
1.294737761627046199e-07
8.621836711438546601e-08
5.503033323091491994e-08
3.344605802014481830e-08
1.920557552863383172e-08
1.032192607021469619e-08
5.130851088633212680e-09
2.331775145588436611e-09
9.851972322597500403e-10
4.124928651699365875e-10
2.297507558045506162e-10
2.358359180510392336e-10
1.130275128501274118e-10
9.567475089857888770e-12
1.102930702933738080e-11
1.315597714855449281e-11
-2.986692290748697509e-12
