# bin_4_1
2.285289706830217375e-07
1.663677855069747479e-07
1.176828224605996805e-07
8.072492919429736440e-08
5.356783156404387447e-08
3.429437732037664684e-08
2.113352092990353569e-08
1.251538966555936248e-08
7.122558369042790563e-09
3.904582047538191389e-09
2.078372425051273697e-09
1.094180731516386242e-09
5.815802825094650542e-10
3.263572440024773898e-10
2.204158333871378118e-10
1.183928624439111048e-10
1.764879644174078905e-11
-2.120930378161433961e-11
-2.636368279025752794e-11
-2.244648296799095979e-11
