# bin_3_3
4.463241377556788168e-06
3.152254816111272892e-06
2.131748294083185325e-06
1.368954813829991308e-06
8.248314383475196552e-07
4.577861552404629131e-07
2.270940043688056856e-07
9.501007979622032464e-08
2.891035278045986520e-08
2.686140618486015732e-09
-2.695864585832823523e-09
2.755479373316300321e-10
4.531557485025986167e-09
7.064267044406685284e-09
7.348744037297264901e-09
6.013646462532767230e-09
4.120871052549222150e-09
2.546717734647624794e-09
1.035778937415817609e-09
-3.172115697690031423e-10
