# bin_1_1
1.065550670324936031e-06
8.335256204551107166e-07
6.375251301590830921e-07
4.755612234309871925e-07
3.448106994922536966e-07
2.419399016033610164e-07
1.633533807701868318e-07
1.053241426860502291e-07
6.414478424103274793e-08
3.626971597052776851e-08
1.847657085767508164e-08
7.954301138559217467e-09
2.338366841439310445e-09
-1.771198202550815929e-10
-8.906761914721580014e-10
-9.725998907086647157e-10
-8.037753252391461334e-10
-4.458414483740295574e-10
-1.783695818643108737e-10
-3.487413910153257802e-11
