# bin_3_2
1.299195398626423238e-06
9.362850806818006635e-07
6.491144993712097888e-07
4.300572471617985331e-07
2.697551712494608982e-07
1.580205062957317505e-07
8.465537675319310527e-08
3.998446649502724894e-08
1.540276242401663261e-08
3.767203883241880358e-09
-3.886594158779811443e-10
-8.693061137652978282e-10
-6.502169136281764924e-11
7.970961450670359156e-10
1.271491795215672615e-09
1.214335422236610178e-09
9.122272051796750242e-10
6.128226973913125320e-10
3.220119089141497595e-10
3.849120153243780358e-11
