# bin_2_2
2.070828159419021178e-06
1.521926894058040742e-06
1.089993515593015840e-06
7.594511617145838518e-07
5.134887023817288748e-07
3.358423043421536269e-07
2.116596775642193105e-07
1.280017122493364014e-07
7.392912154554313894e-08
4.048123319007421501e-08
2.083342877161389078e-08
1.012693704502404299e-08
4.592382273938115696e-09
2.187222817323851072e-09
1.739322441230370632e-09
2.522019261876857874e-10
-6.801740126771429786e-10
-4.359236425249403465e-10
-2.273853694392502614e-10
-1.488559185008587650e-10
