# bin_2_1
8.884919838147219000e-07
6.788743879510554975e-07
5.035747566970044031e-07
3.610897449018737088e-07
2.488717860735306634e-07
1.635962235008222520e-07
1.014588969468971809e-07
5.837495655286306085e-08
3.025911885415923833e-08
1.328095180404841825e-08
4.067847893089333554e-09
-1.624908001310624470e-10
-1.515853750854185628e-09
-1.468867797659969985e-09
-9.322411797127705923e-10
-3.683937298450935523e-10
-2.737399711370638136e-11
1.299995815790826260e-10
1.667722212586332363e-10
1.352490529302891867e-10
