# bin_4_3
3.314929177337801481e-06
2.311853176499404933e-06
1.541231965367446041e-06
9.739494434816057819e-07
5.764474976302081065e-07
3.139151601635635050e-07
1.531255918852128410e-07
6.404955512383888527e-08
2.143098821839248798e-08
5.707218010771281496e-09
3.154233325185254129e-09
5.161195441883676657e-09
7.249263253850360780e-09
7.794360712675218750e-09
6.823726553204121435e-09
5.024753246291654442e-09
3.216831193788186187e-09
1.836092218807117647e-09
3.967801018812404059e-10
-5.599029095340413412e-10
