# bin_4_4
6.731975028786856898e-06
4.606707963518384651e-06
3.007849873113837622e-06
1.859249288967428292e-06
1.076966452568721937e-06
5.772547964244840939e-07
2.832220925336271398e-07
1.280620667518791983e-07
5.805488519278731181e-08
3.380208681424439598e-08
2.931689868037385242e-08
2.970235022400777181e-08
2.845136261666015959e-08
2.413803297675192485e-08
1.791531599975099888e-08
1.160995068121223705e-08
6.882671098717154243e-09
2.923082800293955035e-09
-8.580778943933306730e-10
-2.061308818243134455e-09
