# bin_4_1
3.802005795924164095e-11
3.803067333758878768e-11
3.804302501321905710e-11
3.805737481462287845e-11
3.807402956182417085e-11
3.809334217149502468e-11
3.811568953459973358e-11
3.814153787762982714e-11
3.817137503896667688e-11
3.820571683384052661e-11
3.824520238041381714e-11
3.829042903844038834e-11
3.834210947612235867e-11
3.840092958048665244e-11
3.846760404535178992e-11
3.854279429284918279e-11
3.862710112607503703e-11
3.872098895366855933e-11
3.882470118917183848e-11
3.893812801209784792e-11
3.906067765850526551e-11
3.919119224887615642e-11
3.932767447379687624e-11
3.946701735061785795e-11
3.960492923217279541e-11
3.973539288789883518e-11
3.985080627160817597e-11
3.994168648574037642e-11
3.999634320313217737e-11
4.000170315838951143e-11
3.994195484295827833e-11
3.980032133976443536e-11
3.955914035006198039e-11
3.920146406869846416e-11
3.871100637691046873e-11
3.807420206340243734e-11
3.728204614884020842e-11
3.633148361927775019e-11
3.522616780070311834e-11
3.397489913596455373e-11
3.259039941736274583e-11
3.108380056190702824e-11
2.946234669343088870e-11
2.773747302316753027e-11
2.592468338466820906e-11
2.405041086883255025e-11
2.215198635775448252e-11
2.026853525348164608e-11
1.842881789612759983e-11
1.664865778710947846e-11
1.493601380219899994e-11
1.329249552059195492e-11
1.172660530489384886e-11
1.025361026200107571e-11
8.900628951761596640e-12
7.675591634740103555e-12
6.559353679385288744e-12
5.557601863523630689e-12
4.675901853918852724e-12
3.899415825570073220e-12
3.227578998127791889e-12
2.649840373160235773e-12
2.158696196210561929e-12
1.745107294454077998e-12
1.400154955765655540e-12
1.115093008831257457e-12
8.816636413801202593e-13
6.922102955179201418e-13
5.397565501529481812e-13
4.180888982780610974e-13
3.217744973299182591e-13
2.461090609040256016e-13
1.871144500375739790e-13
1.414429565811139684e-13
1.063280250073379672e-13
7.950711817540075633e-14
5.914874602989335160e-14
4.378763601442823286e-14
3.226347179661953471e-14
2.366409838232613071e-14
1.728075493456760060e-14
1.256571233517394067e-14
9.099502825618628600e-15
6.563018155875590083e-15
4.714961158506004917e-15
3.374346042143824191e-15
2.405861356187021647e-15
1.709070182464042485e-15
1.209649956283103021e-15
8.530155679819888007e-16
5.995081163272133082e-16
4.199192826777121282e-16
2.933751423356204023e-16
2.041871945791008067e-16
1.417345098059528776e-16
9.807666873600059480e-17
6.789272713177530378e-17
4.698665494052431753e-17
3.262391388228487253e-17
2.291938260275579046e-17
