# bin_2_1
1.992691736960369503e-10
1.993142458185072579e-10
1.993668480778396037e-10
1.994283850797186992e-10
1.995002513891834687e-10
1.995842452854627551e-10
1.996822279487984465e-10
1.997961042197394933e-10
1.999278970722447873e-10
2.000803480009792940e-10
2.002566793567562684e-10
2.004608025868390295e-10
2.006951588407172671e-10
2.009628830776598649e-10
2.012675868972918815e-10
2.016119178353965102e-10
2.019973829274474410e-10
2.024245191425624736e-10
2.028916338888293650e-10
2.033941414814071879e-10
2.039235423720502213e-10
2.044654205373472649e-10
2.049981178895205447e-10
2.054926516205697315e-10
2.059099194890892277e-10
2.061987117930803585e-10
2.062988162946235517e-10
2.061372300560774581e-10
2.056312340239152067e-10
2.046874053674861162e-10
2.032071554774762642e-10
2.010952623559659328e-10
1.982621456117682404e-10
1.946348958857350149e-10
1.901686136509255056e-10
1.848553851491339310e-10
1.787333065064695786e-10
1.718784895802387965e-10
1.644013164730697422e-10
1.564196898033758628e-10
1.480302186082933339e-10
1.392996940028254592e-10
1.302805742404929371e-10
1.210349650611550503e-10
1.116507873250880220e-10
1.022272432898049218e-10
9.287533416210462808e-11
8.371721493632059686e-11
7.484966365520073982e-11
6.635400975940765291e-11
5.830153600428707325e-11
5.075304707835760491e-11
4.377456321096632623e-11
3.740961936009394761e-11
3.168160331188719823e-11
2.658116286690989598e-11
2.209475014090549997e-11
1.820617453234284549e-11
1.486798479190311286e-11
1.203892439182000837e-11
9.666527957334702213e-12
7.699485801210782734e-12
6.084616818689262364e-12
4.772215484595057865e-12
3.715590024506742606e-12
2.872647230813240659e-12
2.205908375869789410e-12
1.682872970590964947e-12
1.275811789568331412e-12
9.613716054792317425e-13
7.202265896235616569e-13
5.365774742739073592e-13
3.976208115757776726e-13
2.931531672528351299e-13
2.150802731242132540e-13
1.570654946275296585e-13
1.141911453914634074e-13
8.266713371685814494e-14
5.960169387519851060e-14
4.280375342756323941e-14
3.062362172611408628e-14
2.182936158135634683e-14
1.550489796333259213e-14
1.097424451866010140e-14
7.740827703719931601e-15
5.441851293563910699e-15
3.812657894871755175e-15
2.662093470946842924e-15
1.852150594197773644e-15
1.284698525552779113e-15
8.889132072777529319e-16
6.134860535773134728e-16
4.223709609199821827e-16
2.898345061235149746e-16
1.989638566769506060e-16
1.366389642332817071e-16
9.485686630740949965e-17
6.640921496150501437e-17
4.861484135842537524e-17
3.816040776478523132e-17
