# bin_3_2
1.893134547698903745e-10
1.893583349031136090e-10
1.894107087416834733e-10
1.894718301380322517e-10
1.895431332487392764e-10
1.896262888267340625e-10
1.897232251218753042e-10
1.898361458712644583e-10
1.899675832672208503e-10
1.901204718014002159e-10
1.902982196886585601e-10
1.905047017270937562e-10
1.907441954715267894e-10
1.910215519916740596e-10
1.913422339241437304e-10
1.917121990897902349e-10
1.921378778916284810e-10
1.926260991216619458e-10
1.931838203158286282e-10
1.938177729266765486e-10
1.945339447443673234e-10
1.953368042667296207e-10
1.962282196840255465e-10
1.972058801165819920e-10
1.982613340161148774e-10
1.993779908692686772e-10
2.005282202605655744e-10
2.016702135129329402e-10
2.027456642265007430e-10
2.036873755805636276e-10
2.044084246680260639e-10
2.048033945899552304e-10
2.047513034485151899e-10
2.041220756752475973e-10
2.027802232702451303e-10
2.005887339577863706e-10
1.974263908396370806e-10
1.932189651261831161e-10
1.879572586033685674e-10
1.817060956256721902e-10
1.746082272741103062e-10
1.668606219048529715e-10
1.586520837000770832e-10
1.501066632013812094e-10
1.412510635552763704e-10
1.320670821345251568e-10
1.225953615489096350e-10
1.129663336540232710e-10
1.033199385156194690e-10
9.378764945520852874e-11
8.450453309168425169e-11
7.551068612322473531e-11
6.686152648602721476e-11
5.865824020939384390e-11
5.099060535388485244e-11
4.393103685830723876e-11
3.748963796394721248e-11
3.168451702776548438e-11
2.653760526533752651e-11
2.201765359679308342e-11
1.810491928025179995e-11
1.475486077124395988e-11
1.192158826022601880e-11
9.551912283415601397e-12
7.591514864965587724e-12
5.986288335371306614e-12
4.684949613726358189e-12
3.639938334928748029e-12
2.808249518293280585e-12
2.152039243228662103e-12
1.638497921615206973e-12
1.239714590584586593e-12
9.323757604391080683e-13
6.971791219596073510e-13
5.184264337528957627e-13
3.834608126923771773e-13
2.821899563436226758e-13
2.066578015862127984e-13
1.506431260178071856e-13
1.093259249299590294e-13
7.900655906719675304e-14
5.686505738458727506e-14
4.077000428658530223e-14
2.912183992851703766e-14
2.072655646258346458e-14
1.469910598839803321e-14
1.038859523951626507e-14
7.317444295801710714e-15
5.137667336052290954e-15
3.594302713431011229e-15
2.505264952375484127e-15
1.739716120174943814e-15
1.205364058958718185e-15
8.332694025924009920e-16
5.741904380040910800e-16
3.939300847153517283e-16
2.691520247967244243e-16
1.847082470313543445e-16
1.257038955089780754e-16
8.591070600300047268e-17
