# bin_2_2
3.114155799590723991e-10
3.114918843552433160e-10
3.115811012010405164e-10
3.116855603656821323e-10
3.118078226713219782e-10
3.119509400134305107e-10
3.121183434579026661e-10
3.123138107116368137e-10
3.125416186912478811e-10
3.128069781068731606e-10
3.131163763307029594e-10
3.134771959860412202e-10
3.138964432894335125e-10
3.143823687518391682e-10
3.149448060599118086e-10
3.155936524831305086e-10
3.163391052264742551e-10
3.171917282585875497e-10
3.181613424510663207e-10
3.192563690499377811e-10
3.204825595986930600e-10
3.218410582245241931e-10
3.233262827940729369e-10
3.249236291320004437e-10
3.266055512808196957e-10
3.283284769918726516e-10
3.300321904319756175e-10
3.316374263097166406e-10
3.330446893192992452e-10
3.341317712178837502e-10
3.347499975152318550e-10
3.347347402433881370e-10
3.339055836116131863e-10
3.320773712864710182e-10
3.290723151754488912e-10
3.247426084162977858e-10
3.190123264382643064e-10
3.118707336242944642e-10
3.033872487073270401e-10
2.936767470578348433e-10
2.828582274493696777e-10
2.710070191518995133e-10
2.580710264175721774e-10
2.440411553275983604e-10
2.289718331757452263e-10
2.130159193432055156e-10
1.964599951317440897e-10
1.797089308081736129e-10
1.632135336647101281e-10
1.473540975731341824e-10
1.323239948475204476e-10
1.180013814550451303e-10
1.041655402779874199e-10
9.085362116674440370e-11
7.863950801245235076e-11
6.783220387916862830e-11
5.797121414549286015e-11
4.900213420818872268e-11
4.125223062390826110e-11
3.437455572268647160e-11
2.847011081421690082e-11
2.338144660535951559e-11
1.906650394829882052e-11
1.543308503128358865e-11
1.240378148259103802e-11
9.897389137014139638e-12
7.842658801885536134e-12
6.172570161299284246e-12
4.825467416123826319e-12
3.747993600728895688e-12
2.892870835738876385e-12
2.218894675890975223e-12
1.692085200209634919e-12
1.282885522927005253e-12
9.673286850618814373e-13
7.256024606024139149e-13
5.415240106262271916e-13
4.022123750238028668e-13
2.973801266403209273e-13
2.188900607154347708e-13
1.604464704065167406e-13
1.171249861226139841e-13
8.516218967733514931e-14
6.168390365301796535e-14
4.450657516045720721e-14
3.199249625283329312e-14
2.291042329609678866e-14
1.634529925800176968e-14
1.161693607226258216e-14
8.224568650125969742e-15
5.803032663271789031e-15
4.079424874982171193e-15
2.858805291888450634e-15
1.995972317827935736e-15
1.388993304455003326e-15
9.636348903018589552e-16
6.668241535224621418e-16
4.597842826323617552e-16
3.162211385886022448e-16
2.226945395209620920e-16
