# bin_1_1
3.221888191957474042e-10
3.222797724946420591e-10
3.223851470322659708e-10
3.225071920424358525e-10
3.226480960606262947e-10
3.228106814292624515e-10
3.229977544560442188e-10
3.232119271235380241e-10
3.234553601928230357e-10
3.237319828623384737e-10
3.240437499103356956e-10
3.243948883719937017e-10
3.247847537300278222e-10
3.252136211208704200e-10
3.256797454665529828e-10
3.261778645869731138e-10
3.266981252718634971e-10
3.272256426893493895e-10
3.277395935459909175e-10
3.282096754982296978e-10
3.285964233767127249e-10
3.288477764232146717e-10
3.288976195657169619e-10
3.286709842654237118e-10
3.280806822006599406e-10
3.270233319681429058e-10
3.253906381216427707e-10
3.230662760093409349e-10
3.199310460992471947e-10
3.158712051509386010e-10
3.107816164552808174e-10
3.045957998374895821e-10
2.972741094346350332e-10
2.888207748922090401e-10
2.792746372063250725e-10
2.687129412980405741e-10
2.572491738696395069e-10
2.449891069261342514e-10
2.320554314759388675e-10
2.185724643460918789e-10
2.046635313451051769e-10
1.904245252927183015e-10
1.759608707740068357e-10
1.614125930056438588e-10
1.469293546933979574e-10
1.326779487597000766e-10
1.188154014910858442e-10
1.055274223604155639e-10
9.297156233785133593e-11
8.126069665276177407e-11
7.047453797972409630e-11
6.061267848105465886e-11
5.165589148320751865e-11
4.361371182567784039e-11
3.653948601451244880e-11
3.040530572261205738e-11
2.508669622883176794e-11
2.053034079828597393e-11
1.669394258731189974e-11
1.346780435379744616e-11
1.079470696732324978e-11
8.592054277211842559e-12
6.794639040403385840e-12
5.339054651623626107e-12
4.169528822328486556e-12
3.236552464034100337e-12
2.497643485563244486e-12
1.916504837334165361e-12
1.462436037513705340e-12
1.109971005184048473e-12
8.380906162436893638e-13
6.296041469556788206e-13
4.707028854553983015e-13
3.502531558395936640e-13
2.594528437274324650e-13
1.913620212069461478e-13
1.405511063070978021e-13
1.028170258629613584e-13
7.492327041459250273e-14
5.439066772957924089e-14
3.934171028624288192e-14
2.835526237586507468e-14
2.036508105746329607e-14
1.457592562432312912e-14
1.039637600494603902e-14
7.390542960425805662e-15
5.235099642624742450e-15
3.696439844319499984e-15
2.601335473206321412e-15
1.825320334195693776e-15
1.277727886102138617e-15
8.922023863003908043e-16
6.220583920743467171e-16
4.334793024723945744e-16
3.036054758117754344e-16
2.142665598269845680e-16
1.543716878821944299e-16
1.145305186101551905e-16
8.914362398989584871e-17
7.351300344656747488e-17
