# bin_4_3
4.176430299667445697e-10
4.177424358600700246e-10
4.178584453455177291e-10
4.179938042765363737e-10
4.181517013308386066e-10
4.183358387986775338e-10
4.185505094019923760e-10
4.188006820682743086e-10
4.190921059540595888e-10
4.194314115143422358e-10
4.198262371769836205e-10
4.202853564197321591e-10
4.208188032287847297e-10
4.214380150002128879e-10
4.221559500137188106e-10
4.229871889159090812e-10
4.239479926602866856e-10
4.250562775505201498e-10
4.263314644841685434e-10
4.277941353327039776e-10
4.294653978361427687e-10
4.313657956457156053e-10
4.335136551253792107e-10
4.359226367450758300e-10
4.385982614857506096e-10
4.415332855209778683e-10
4.447019990220424992e-10
4.480532516009520554e-10
4.515013382524056611e-10
4.549209270227972946e-10
4.581338883201182969e-10
4.609657632210437809e-10
4.631511411607426004e-10
4.643904623747368641e-10
4.643546500346204945e-10
4.626902145475523757e-10
4.590330188290237657e-10
4.530080056696596521e-10
4.443207492522834270e-10
4.328762280900947829e-10
4.187691398069818370e-10
4.023415129230316885e-10
3.841813323695373858e-10
3.649886433948537055e-10
3.453045589855534336e-10
3.253136645722696372e-10
3.048077592010689024e-10
2.835187812749236688e-10
2.615795356873730135e-10
2.395746823032649187e-10
2.179408018270111854e-10
1.967638437007209331e-10
1.761930923246899124e-10
1.563764631024252653e-10
1.375550534185520928e-10
1.199040251258278046e-10
1.035268254963798146e-10
8.854086970913196407e-11
7.500374413336701753e-11
6.293318891207846396e-11
5.230812190548469512e-11
4.307555497329142472e-11
3.515148887887393586e-11
2.843227709687890057e-11
2.280101288753714886e-11
1.813408179206636579e-11
1.430724168425052244e-11
1.120145873718383757e-11
8.705077340224859336e-12
6.717097459763317244e-12
5.147776651401073299e-12
3.919238110498134353e-12
2.965076168440979917e-12
2.229596935353020772e-12
1.666738743267716450e-12
1.238959193378518299e-12
9.159797343774321137e-13
6.736710075578376480e-13
4.929926674961838495e-13
3.590531959118875185e-13
2.603165605022298567e-13
1.879146493628590465e-13
1.350866125623758718e-13
9.672702180261258876e-14
6.899624156813945190e-14
4.903813297969530110e-14
3.472899798035628869e-14
2.450870155262091440e-14
1.723890207514427690e-14
1.208508232828070203e-14
8.448039464751821211e-15
5.878471125241527952e-15
4.076485585620252248e-15
2.817852664375188378e-15
1.946978698466333481e-15
1.339255554207166791e-15
9.205088563351980149e-16
6.252177950919393063e-16
4.250128526372828570e-16
2.956899793840596557e-16
