# bin_4_2
1.299778623256717282e-10
1.300099446667035593e-10
1.300473723416194289e-10
1.300910216282153715e-10
1.301419093196885687e-10
1.302012148874066149e-10
1.302702964424093266e-10
1.303507319002494662e-10
1.304443303520066800e-10
1.305531665822984545e-10
1.306796294686396612e-10
1.308264292500219856e-10
1.309966540186827343e-10
1.311937818301463327e-10
1.314217104099006819e-10
1.316847591319565739e-10
1.319876549084043761e-10
1.323354796390297095e-10
1.327335614224551467e-10
1.331872863270041204e-10
1.337018103624178752e-10
1.342816296882678593e-10
1.349299349568212634e-10
1.356477281604558474e-10
1.364326922384089015e-10
1.372777359138204997e-10
1.381693566119990009e-10
1.390860405932996594e-10
1.399964764591050820e-10
1.408601050814180641e-10
1.416213106141451229e-10
1.422145243599126112e-10
1.425629349903720227e-10
1.425790419815241874e-10
1.421672790746174281e-10
1.412304419279783370e-10
1.396785446748439183e-10
1.374376231797530909e-10
1.344583886974815297e-10
1.307290419656177984e-10
1.262892786588990349e-10
1.212198915010813460e-10
1.156300591772149361e-10
1.096485408067574598e-10
1.034004102699138973e-10
9.698714590737674786e-11
9.047161177995970656e-11
8.387126421227465247e-11
7.718758538835563882e-11
7.047934781672457429e-11
6.386825504407462809e-11
5.744989096747979594e-11
5.127193186458112289e-11
4.536080274361096551e-11
3.978196009409882355e-11
3.459114868460614390e-11
2.980231360678965449e-11
2.544064503035542720e-11
2.152182126000419697e-11
1.803889895742776121e-11
1.498378446276737921e-11
1.233477103717803222e-11
1.006540913220135759e-11
8.143403415590839691e-12
6.533626726840429635e-12
5.199825883678941464e-12
4.106021548651505763e-12
3.217884294320889394e-12
2.503552885995510958e-12
1.934174451160731270e-12
1.484244275502427594e-12
1.131605679964552435e-12
8.573787801339201276e-13
6.457166235159432366e-13
4.835048796314748202e-13
3.600348084427109356e-13
2.666648929782130684e-13
1.964952490834747484e-13
1.440759073702834471e-13
1.051399391660171396e-13
7.637747614699530480e-14
5.524163746136364874e-14
3.978765154090803262e-14
2.854190835681755315e-14
2.039563849861018457e-14
1.452016095087729723e-14
1.030017615287729676e-14
7.281032451722153030e-15
5.129036297797467311e-15
3.600585455116351885e-15
2.519327660489330700e-15
1.756869930608651057e-15
1.221009247346500519e-15
8.456398982807854247e-16
5.841301439124697112e-16
4.022777278538002368e-16
2.766437892876820246e-16
1.894925971958434114e-16
1.290465918416532411e-16
8.839707358611284139e-17
