# bin_4_4
7.827365078312214508e-10
7.829283843404359025e-10
7.831523430794608761e-10
7.834136990369369055e-10
7.837186362191094137e-10
7.840743353249100707e-10
7.844891317238335385e-10
7.849726957108510393e-10
7.855362260852160836e-10
7.861926722929883481e-10
7.869569911569843178e-10
7.878464090451600420e-10
7.888807179611387267e-10
7.900825872014311463e-10
7.914778601457603091e-10
7.930958437032233498e-10
7.949695466453014630e-10
7.971358159584951931e-10
7.996353076932794094e-10
8.025121631114697133e-10
8.058132850194426575e-10
8.095869281856576673e-10
8.138802903283589966e-10
8.187358827549476301e-10
8.241860204883413541e-10
8.302450146649028528e-10
8.368990837094625174e-10
8.440937213520770191e-10
8.517185690704345597e-10
8.595922679947462837e-10
8.674210845369278152e-10
8.748662588746934508e-10
8.815091186538368595e-10
8.867960394561467565e-10
8.900880167251223103e-10
8.906909682924787011e-10
8.878611617647277677e-10
8.808298596275141017e-10
8.687819648251240285e-10
8.511535481676900948e-10
8.277888664854948905e-10
7.989642593920822752e-10
7.655170234101424661e-10
7.288602025210196170e-10
6.905846019705248813e-10
6.518766764359309513e-10
6.129902435592302769e-10
5.732181565567188226e-10
5.318309567120343535e-10
4.892791909616552615e-10
4.469435351223072244e-10
4.056586748430276047e-10
3.655038158203366913e-10
3.265155984129006242e-10
2.891146848158585650e-10
2.538219527737599942e-10
2.207624422434010712e-10
1.902271675146768935e-10
1.623719756722997930e-10
1.372826631894607133e-10
1.149743905219044045e-10
9.539281355476723267e-11
7.842035501408033667e-11
6.388859800565404149e-11
5.159470843570888648e-11
4.131394225400693725e-11
3.281058060189647965e-11
2.585181737106494966e-11
2.021417571108756179e-11
1.569061329854948529e-11
1.209398965631882265e-11
9.259002553920617884e-12
7.042670376827720322e-12
5.323517330772925393e-12
3.999865080479537187e-12
2.987957170247291324e-12
2.219603950323502554e-12
1.639969227749447670e-12
1.205431844039321463e-12
8.816294957593866605e-13
6.417356861440836461e-13
4.649963145573025197e-13
3.354652119477562157e-13
2.410114709771818703e-13
1.724650532556182438e-13
1.229444227174002079e-13
8.732730051388461653e-14
6.180394402115525118e-14
4.358773843629358164e-14
3.063758331058870220e-14
2.147016351581724288e-14
1.499314187849140150e-14
1.042699949728965390e-14
7.225552843049159129e-15
4.991947247777405594e-15
3.449632812807845764e-15
2.372232122902323702e-15
1.624271733698456763e-15
1.100680464644510369e-15
7.584644405107502530e-16
