# bin_3_1
5.892040584840320718e-11
5.893532324042906674e-11
5.895270259536949796e-11
5.897296816461993935e-11
5.899656670542439380e-11
5.902403023523003607e-11
5.905597427735778552e-11
5.909305775660985381e-11
5.913602370935204342e-11
5.918574547146037635e-11
5.924324245555313134e-11
5.930961987928202424e-11
5.938598619467234062e-11
5.947357648444052175e-11
5.957370575758633450e-11
5.968769318071365306e-11
5.981678379614905225e-11
5.996212347325717988e-11
6.012456613033064907e-11
6.030444765489975412e-11
6.050144583203639377e-11
6.071433088133322713e-11
6.094067754877119431e-11
6.117626110305911334e-11
6.141443798117043600e-11
6.164621578891563260e-11
6.185942923254135016e-11
6.203796717861814620e-11
6.216254977797227096e-11
6.221174401431157797e-11
6.215942137310540227e-11
6.197681621901196391e-11
6.163412996426465131e-11
6.110141527926816600e-11
6.035004234326825932e-11
5.935389131516266127e-11
5.809570561107098626e-11
5.657115465780708974e-11
5.479021331844371330e-11
5.277654787755513759e-11
5.056456919090260828e-11
4.819013937023950865e-11
4.567437212152314522e-11
4.302841956362910546e-11
4.025445797622689843e-11
3.736536477537047328e-11
3.440500469346430623e-11
3.143790343290286815e-11
2.851969180468962804e-11
2.569982525241912852e-11
2.301368188176157144e-11
2.044852079955106736e-11
1.799587820683646159e-11
1.567222552463765006e-11
1.353670668227938213e-11
1.162302933786566273e-11
9.887807622030716742e-12
8.327140894113875771e-12
6.969103548510285573e-12
5.776693587073094577e-12
4.753933615808773528e-12
3.879402222001559421e-12
3.141847677618571352e-12
2.525213380807088841e-12
2.014769929817217426e-12
1.595833606988537525e-12
1.255180810901200809e-12
9.805502876554344886e-13
7.609179836884613978e-13
5.867091602587506490e-13
4.495835037924799673e-13
3.424145889417600302e-13
2.592997308852985338e-13
1.952531281095215538e-13
1.462410667958914490e-13
1.089732529304168165e-13
8.080264000056858399e-14
5.963487456614344700e-14
4.381649298684371548e-14
3.205507537329507779e-14
2.335530142102377543e-14
1.694907153198398640e-14
1.225288542957334560e-14
8.825104753852241007e-15
6.332786983801951277e-15
4.527833061934365329e-15
3.225773288374999541e-15
2.290064786997122381e-15
1.620036876284811409e-15
1.141714549885103728e-15
8.017880069096842640e-16
5.610163200150061705e-16
3.917650442755124211e-16
2.726595357746771980e-16
1.891199905877835700e-16
1.307941211455423164e-16
9.037274046489029028e-17
6.261343412065393229e-17
4.325827763423972204e-17
3.054812832023238394e-17
