# bin_3_3
5.912711492850038150e-10
5.914104681123202333e-10
5.915730453770587783e-10
5.917627252538061763e-10
5.919839661140161806e-10
5.922419434949197433e-10
5.925426534648272724e-10
5.928930289354434302e-10
5.933010784709690056e-10
5.937760349626505294e-10
5.943285186582050764e-10
5.949707015221437245e-10
5.957164568567238415e-10
5.965815507434699340e-10
5.975837749869568941e-10
5.987430439063411484e-10
6.000814042594695686e-10
6.016229197108582072e-10
6.033933367345783988e-10
6.054194236408084434e-10
6.077278159449388880e-10
6.103432154818520781e-10
6.132856940903631408e-10
6.165667112669503555e-10
6.201837259607919651e-10
6.241134288295559831e-10
6.283033801663269481e-10
6.326615662755474607e-10
6.370406559345511649e-10
6.412366485681700234e-10
6.450132223305388810e-10
6.480815115367826762e-10
6.500515272116401596e-10
6.505010755361825148e-10
6.489718136884530297e-10
6.449788290852637043e-10
6.380197621800184790e-10
6.276250859872562506e-10
6.135455190833208385e-10
5.957846416061711041e-10
5.746372589861704126e-10
5.507456871872629207e-10
5.249886956243568997e-10
4.981847563739599388e-10
4.707576734793136631e-10
4.426067890660736993e-10
4.133874272995746786e-10
3.831235566082954153e-10
3.523931624317615649e-10
3.218318728275920928e-10
2.917738883123661852e-10
2.624508948325003869e-10
2.340299727314695878e-10
2.067905180217292003e-10
1.810928064919109940e-10
1.570948761216180593e-10
1.349862792121801713e-10
1.148742699671163356e-10
9.682845886850340721e-11
8.084177394316788903e-11
6.686382920111595974e-11
5.479553520273180461e-11
4.450367767111855103e-11
3.583066671427905765e-11
2.860541178179726661e-11
2.265153216978687247e-11
1.779636789893155692e-11
1.387662635860385848e-11
1.074180882607783530e-11
8.257302822832733864e-12
6.304970474438210487e-12
4.783226769506268009e-12
3.606287592305394491e-12
2.702713709895131131e-12
2.013897938764972972e-12
1.492352770777399871e-12
1.100011702671361256e-12
8.067061653411326676e-13
5.887445580194240257e-13
4.276900120967342803e-13
3.093292697382517090e-13
2.227836758656226874e-13
1.598088534009061054e-13
1.141948521858270798e-13
8.129979924932756351e-14
5.767540421437246589e-14
4.076970215754455627e-14
2.872230072385667667e-14
2.016872397738874119e-14
1.411808857493005651e-14
9.847447164300171536e-15
6.838660622133731155e-15
4.733409521530834899e-15
3.270649518231230765e-15
2.257817201981775760e-15
1.548774621259735605e-15
1.060863450834926453e-15
7.197412875301429682e-16
4.948925143417519604e-16
3.368227050782655770e-16
