# bin_3
0.000000000000000000e+00
0.000000000000000000e+00
0.000000000000000000e+00
0.000000000000000000e+00
0.000000000000000000e+00
4.563311701487302724e-03
4.582943221028095045e-03
4.557818135263017739e-03
4.629965917516196475e-03
4.787831640405205633e-03
4.965441737981750488e-03
5.323847939877029110e-03
5.837147755175639899e-03
6.428804344080196395e-03
7.096082557631700448e-03
7.919515771835089132e-03
9.126639994955585561e-03
1.068554927855118984e-02
1.285736495585419054e-02
1.544617202337551613e-02
1.850311676147302700e-02
2.238873318974216389e-02
2.731042773044835975e-02
3.373171273381020407e-02
4.113351465000091717e-02
4.970043421031942327e-02
5.949350000890345908e-02
7.069064063697196032e-02
8.303617838542698415e-02
9.604974831611472197e-02
1.101011530342867195e-01
1.246154705202606183e-01
1.385709387429913120e-01
1.523478693186510746e-01
1.670762159850195105e-01
1.821192317131660465e-01
1.959911925054131643e-01
2.077693359554489416e-01
2.180726575584236993e-01
2.280399018394091148e-01
2.371811952505667731e-01
2.454222074919838459e-01
2.527768371888741705e-01
2.599669982444705041e-01
2.674482213083104742e-01
2.764271743684818539e-01
2.882607613710983507e-01
3.040847580598243227e-01
3.269986409666313931e-01
3.635241219219509379e-01
4.238837213411329463e-01
5.246464441358260622e-01
7.015297603920624958e-01
1.023927488957351528e+00
1.587449846359493266e+00
2.472022235277941959e+00
3.546748693329553337e+00
4.457085804526665918e+00
5.094711872376469941e+00
5.544110676027117712e+00
5.888778702853783464e+00
6.159961704954874939e+00
6.344647264051475943e+00
6.416623049800041834e+00
6.376192710059894964e+00
6.215725906734637540e+00
5.904998020673532189e+00
5.413435876797048962e+00
4.746879576561265246e+00
3.959132097246761628e+00
3.136345937908311399e+00
2.381556037766137557e+00
1.742943000960214706e+00
1.232790824241836836e+00
8.505807813931546280e-01
5.758818702825770908e-01
3.891254090696983914e-01
2.721633395715332138e-01
2.039683533544715821e-01
1.598360455486476650e-01
1.292142266368755121e-01
1.073551995052174496e-01
9.116742297744130641e-02
7.797773781562507278e-02
6.708070484648229193e-02
5.880204559174084800e-02
5.262575475059661639e-02
4.728915326516894974e-02
4.191690025625846583e-02
3.638499317879436562e-02
3.136747859388071963e-02
2.680494088359960253e-02
2.331268193530037711e-02
2.051509370143371827e-02
1.821656621471926668e-02
1.640135534383081045e-02
1.502928647622195878e-02
1.380214002563778450e-02
1.277472502101590149e-02
1.195106487088688947e-02
1.124670105480450079e-02
1.070315717566176598e-02
1.021362121053455765e-02
9.553057661961987176e-03
9.038676908640866370e-03
8.786217795260032118e-03
8.485829485021575275e-03
8.151176439247502514e-03
7.816917322960980491e-03
7.388779533072210338e-03
6.796866831898348317e-03
6.145252948766521429e-03
5.629458830904025650e-03
5.219632406127026197e-03
4.851415366545331828e-03
4.503722720699120975e-03
4.139709560894331078e-03
3.806832314302250903e-03
3.596664378077195703e-03
3.411409969321691719e-03
3.182846779358293205e-03
2.789045264995049320e-03
2.341174347333306333e-03
2.000149887137717564e-03
1.712538019947627095e-03
1.505398198888125826e-03
1.416876248306022951e-03
1.385643270889018886e-03
1.356525607550127964e-03
1.376761995772310962e-03
1.413274434426383926e-03
1.438546936004124000e-03
1.475387407860856079e-03
1.478212581091823763e-03
1.554857850961803610e-03
1.718157655444732231e-03
1.956230639122142137e-03
2.072381526800898786e-03
2.045448688441783239e-03
2.009442852283828754e-03
1.909597026962443636e-03
1.808620868801304920e-03
1.818816359823067184e-03
1.919574268141863377e-03
2.033249934917642863e-03
2.026068610628454277e-03
1.843337011794611091e-03
1.518953615531100886e-03
1.223128571113379004e-03
9.641367499474719476e-04
7.665327926924586557e-04
6.398433705920045320e-04
5.002893239927226317e-04
0.000000000000000000e+00
0.000000000000000000e+00
0.000000000000000000e+00
0.000000000000000000e+00
0.000000000000000000e+00
0.000000000000000000e+00
0.000000000000000000e+00
