# bin_6
0.000000000000000000e+00
3.912989110677175288e-03
4.740924235306508312e-03
5.145562186135965374e-03
6.047866865419272535e-03
7.161309449987662834e-03
8.022134317707122972e-03
9.032099742242880036e-03
1.029412799438987960e-02
1.154579173585898802e-02
1.264384162451963334e-02
1.429188616458365764e-02
1.580010143270064657e-02
1.760565478172649440e-02
1.887772167223269321e-02
2.094069784916376478e-02
2.312778460369818712e-02
2.535008686612979026e-02
2.740731260766499783e-02
2.987201287331771316e-02
3.173753462644945955e-02
3.229952232516518362e-02
3.350076458475783475e-02
3.502800253742269915e-02
3.645700483794725444e-02
3.825329080252345276e-02
3.905457183207467625e-02
3.879186093304261979e-02
3.824813178419050885e-02
3.747673870944591423e-02
3.659093655373072546e-02
3.552784327654538027e-02
3.506852815041772847e-02
3.384458857289157629e-02
3.453667593059895485e-02
3.599844964698693806e-02
3.766479103316260069e-02
3.953690733692326320e-02
4.118914981772999612e-02
4.207363496265960345e-02
4.221848659920494212e-02
4.137737791312148805e-02
4.019714979308101899e-02
4.078795813158452022e-02
4.259009173838895074e-02
4.470795508513535771e-02
4.757690992807986352e-02
5.262850438018316923e-02
5.734559710225595186e-02
6.047457829017161696e-02
6.391753214064839483e-02
6.572840902393503604e-02
6.713916745693183918e-02
6.915454467356030310e-02
7.185842316362474336e-02
7.479312372039040313e-02
7.882194937693579040e-02
8.247067714091269042e-02
8.705615340135373914e-02
9.108320801414043766e-02
9.595409848610601811e-02
1.018630748607167597e-01
1.082559664117604264e-01
1.145405716916702149e-01
1.228765097637477127e-01
1.334920598047467655e-01
1.439582187874643704e-01
1.534607306187791009e-01
1.623944227019382680e-01
1.733791763579551615e-01
1.842842234991926287e-01
2.005853924707859948e-01
2.195899798118204627e-01
2.424609068603075512e-01
2.713859464545414490e-01
3.056354633480508620e-01
3.440477070952179250e-01
3.859973975749437236e-01
4.384037236578280927e-01
4.975615542605872355e-01
5.592418746241262228e-01
6.358571968641469896e-01
7.272329635262130276e-01
8.301596999526857923e-01
9.468760105557756379e-01
1.078072697273478209e+00
1.232406921190117632e+00
1.418695853334083878e+00
1.669236433400812070e+00
1.989187919907953628e+00
2.356022702853197703e+00
2.762108543223947610e+00
3.175847765444101967e+00
3.569073074508211985e+00
3.911619332793426107e+00
4.194328375901346107e+00
4.384009439775930161e+00
4.469052666354352610e+00
4.477384092499106849e+00
4.420802679072750152e+00
4.310652068271064508e+00
4.150574900848838844e+00
3.951470643669328098e+00
3.735468003189515329e+00
3.504290072552142199e+00
3.254617887949023736e+00
2.972713401605800332e+00
2.681035271329545111e+00
2.372910254090037085e+00
2.068799278873610259e+00
1.763907149503534333e+00
1.471782833102494470e+00
1.218970058039821946e+00
1.012104442135713489e+00
8.380785529419474411e-01
6.970304221350546170e-01
5.829193283540691217e-01
4.887086017957906203e-01
4.128268714935416361e-01
3.480912115271382334e-01
2.998080055146726819e-01
2.574270461569382329e-01
2.216177107248321621e-01
1.906871290683543052e-01
1.623173351329363634e-01
1.393874359429831955e-01
1.218236697674703051e-01
1.074727275496481643e-01
9.743224758344493086e-02
8.944202377673728110e-02
8.272478546853662129e-02
7.605765162551152148e-02
7.103400258187250738e-02
6.688009156964601354e-02
6.373499333796846245e-02
6.012937177086374180e-02
5.569649973448800861e-02
5.201215237687913107e-02
4.846384843826348487e-02
4.536610280172746756e-02
4.257682909001841293e-02
4.031750384409464594e-02
3.760717752736273539e-02
3.444941455929430990e-02
3.140057918186578423e-02
2.827517670862582724e-02
2.518299413035178166e-02
2.293269683255132196e-02
2.080781207088962248e-02
1.924285661903879507e-02
1.775705300407479093e-02
1.635764119193970634e-02
1.477207264659570647e-02
1.351170567655194873e-02
1.254025820085604218e-02
1.142565228935482624e-02
1.023496335327758744e-02
9.317036183021666293e-03
8.194861965485014318e-03
7.275757709810940811e-03
