# bin_5
0.000000000000000000e+00
3.194336022549230589e-03
3.631481337664307311e-03
4.223179525954845297e-03
4.881565720665037231e-03
5.429109750099686896e-03
6.169285970136080023e-03
6.569007910576061572e-03
7.138659556183665419e-03
7.883451197839948937e-03
8.461127736401055296e-03
9.652081845143529668e-03
1.214875889338096551e-02
1.449018926029954982e-02
1.578603766296302058e-02
1.647156867234051553e-02
1.738307487986373578e-02
1.860071532922307272e-02
1.916140132489632664e-02
1.917956186151558579e-02
1.932458500268307428e-02
1.921158144395991932e-02
1.842927488134228631e-02
1.823082522592639476e-02
1.778169159269413907e-02
1.693922011034966132e-02
1.614527805174573866e-02
1.620077107489531487e-02
1.657988598454113172e-02
1.628077380124780607e-02
1.600865385559627554e-02
1.558425413079277989e-02
1.597753479821100234e-02
1.629070731417088524e-02
1.743250775402395078e-02
1.840520661278852513e-02
1.977219106150163164e-02
2.198024706174135992e-02
2.436104550889484771e-02
2.790181232739808934e-02
3.097998971406493510e-02
3.308904942795389686e-02
3.523430288025399676e-02
3.599228733958705073e-02
3.557461908720724320e-02
3.503608912590405050e-02
3.566616559704058331e-02
3.703829475863139320e-02
3.896090970631267691e-02
4.167029451616310193e-02
4.430321747394784515e-02
4.663824684277870225e-02
4.954887546640750207e-02
5.379200491939511303e-02
5.741999779104019208e-02
6.066626974962777835e-02
6.459610016487886408e-02
6.790053311894786447e-02
7.356879279438617580e-02
7.944939697971559189e-02
8.581254845170481482e-02
9.068584487380515480e-02
9.885471249761310086e-02
1.102876235019459306e-01
1.202876002186065579e-01
1.312127772699461237e-01
1.463547437641691817e-01
1.635658332830624562e-01
1.854045301281181113e-01
2.155409265156555954e-01
2.528815036944876415e-01
2.970904773856271053e-01
3.475704181887981359e-01
4.050333741237773233e-01
4.750986935659266552e-01
5.664751574095615583e-01
6.895075477125137686e-01
8.513173984948799733e-01
1.067443824634951133e+00
1.339468093409970528e+00
1.689487566405612817e+00
2.139773652571564710e+00
2.689439846387972732e+00
3.304306295733091314e+00
3.960730350577305270e+00
4.631066585649586287e+00
5.246635322526691070e+00
5.717238443101631873e+00
6.022828264160608569e+00
6.133955966275220995e+00
6.024697041950068943e+00
5.755992525166891305e+00
5.353191390612738410e+00
4.861095968829856062e+00
4.318463729174178312e+00
3.775612029645698531e+00
3.255430243327325446e+00
2.770949775716632590e+00
2.326240249896049495e+00
1.932249604807006138e+00
1.580575102382773434e+00
1.283696092454508886e+00
1.046694209563978850e+00
8.474331731307626070e-01
6.847277092138370769e-01
5.456726201533741438e-01
4.368381970699437011e-01
3.532058233355500620e-01
2.879708938913002059e-01
2.389506022569795329e-01
2.000133053808398065e-01
1.699061866279899524e-01
1.469970757529148464e-01
1.272025295989068772e-01
1.111705303703244135e-01
9.733472813467897167e-02
8.412303707524375340e-02
7.011725935659512965e-02
5.783856891931173083e-02
4.856373989885712922e-02
4.187690020708578070e-02
3.634457181723658309e-02
3.273561952337753628e-02
2.948618732766887865e-02
2.635975551186864330e-02
2.401468162885991159e-02
2.201855079337633816e-02
2.042078789224206770e-02
1.920326982516672859e-02
1.820611817322432061e-02
1.731704493269283288e-02
1.707206085796028269e-02
1.679959542333394479e-02
1.569127865623584986e-02
1.475940098615641412e-02
1.290057606724807210e-02
1.174392589812174072e-02
1.045286720708567436e-02
9.501008682046733350e-03
8.467924514934910621e-03
7.558871251333608432e-03
7.497842981083326780e-03
7.175930308669574778e-03
7.022066812899846813e-03
6.912208081533558097e-03
6.602841160751351385e-03
6.140153499749135928e-03
5.743180327153429854e-03
5.251963961308764479e-03
5.025860121603538053e-03
4.742698934959216871e-03
4.580575428597288661e-03
4.200813441977796665e-03
3.940677730770804181e-03
3.793879796383018994e-03
3.559052777371793722e-03
3.358259422410296569e-03
3.098322267130414285e-03
3.030226343475464230e-03
2.926175429208577143e-03
