# bin_2
9.503256122195326630e-03
1.044947815017383506e-02
1.314533715754065933e-02
1.696497369634834829e-02
2.177714113913523097e-02
2.905550730964467920e-02
3.906869179396374459e-02
5.178467436177096317e-02
6.727496297686441640e-02
8.568254060084291857e-02
1.079722974135881447e-01
1.333172068399809396e-01
1.605196623798451350e-01
1.885978210495347640e-01
2.167450278463820823e-01
2.460164570874782963e-01
2.772809836818071472e-01
3.092391156642173566e-01
3.411613863346122932e-01
3.728314465020325374e-01
4.076421641464860746e-01
4.434200169643223721e-01
4.838591946700594448e-01
5.302776942512231750e-01
5.820483410287060622e-01
6.387709727288720662e-01
6.966534503176705639e-01
7.609568891950337921e-01
8.345947597093927861e-01
9.186287640259303000e-01
1.015427334501052492e+00
1.119122498330234139e+00
1.230399209785442149e+00
1.347112223792380492e+00
1.465851894198145100e+00
1.613651697769806992e+00
1.809216540911881665e+00
2.084630567679764734e+00
2.437561028469474422e+00
2.841463663631705217e+00
3.319010481901869536e+00
3.755537736931879866e+00
4.097221416342231137e+00
4.332242019428490742e+00
4.479616348641997092e+00
4.566509813653087058e+00
4.623686726936375280e+00
4.650710227390246310e+00
4.642720750545032971e+00
4.592721114579505937e+00
4.478775876600469275e+00
4.295331880641930944e+00
4.040412255152530108e+00
3.702807687998529218e+00
3.268164873505167822e+00
2.702873570178639717e+00
2.046323154662112120e+00
1.475049709282497457e+00
1.047097827026476580e+00
7.516394543709229437e-01
5.735295776282407498e-01
4.471263312072597529e-01
3.513040664331891771e-01
2.770950145666715714e-01
2.203946951365644003e-01
1.797622208703566205e-01
1.482266672274531738e-01
1.226018356094130818e-01
1.014414862613700896e-01
8.395581614543477789e-02
7.103322246369066228e-02
6.146728980728157626e-02
5.364227988960607735e-02
4.678887485951725017e-02
4.053538990917838342e-02
3.577595299618861052e-02
3.148413382672649030e-02
2.753026733337207016e-02
2.406645903627780206e-02
2.127678271852525421e-02
1.842970023746114475e-02
1.614741641989871773e-02
1.426838384719651860e-02
1.274293554640028130e-02
1.154664542860131017e-02
1.066502483041294018e-02
9.868943834711043153e-03
8.866619362853992575e-03
7.737619564068397293e-03
6.719350705561077247e-03
5.995479235623242011e-03
5.361783001286754731e-03
4.880794380960671794e-03
4.529590654206337545e-03
4.233213832697387165e-03
3.819742052486981444e-03
3.465355590487168968e-03
3.187927826066491374e-03
2.987506779348464685e-03
2.847207507247465422e-03
2.698785840689914804e-03
2.593899429032275623e-03
2.522460016759319433e-03
2.472491314366381723e-03
2.436328670068890756e-03
2.465562145599720350e-03
2.421240577011152251e-03
2.458399166464216544e-03
2.555781027250884734e-03
2.640848717458431100e-03
2.738827167856349148e-03
2.739793928328587095e-03
2.662675214684503012e-03
2.527623127793239208e-03
2.364773264118054386e-03
2.243486300238571683e-03
2.135305347879683062e-03
1.999772860595523585e-03
1.904992507952264552e-03
1.925900610234336074e-03
1.954815349230092699e-03
2.084343626904879791e-03
2.267345599032096534e-03
2.514585008515960677e-03
2.829889798614894196e-03
3.083835146794361003e-03
3.317910371426536532e-03
3.506358600839428342e-03
3.602656768777976696e-03
3.550206448614472154e-03
3.231285607262143322e-03
2.788546134685141765e-03
2.259894519477099063e-03
1.784559104986670197e-03
1.492456754657065865e-03
1.302646165433906560e-03
1.134054300108407534e-03
1.023011134984216615e-03
9.469545521002525196e-04
8.782609646844504424e-04
8.585084487665161496e-04
8.132385796662963901e-04
7.282750381235354861e-04
6.446895128521237719e-04
6.002747677868108334e-04
5.427964491064087580e-04
4.985487760429441239e-04
4.854939226783857708e-04
4.713734056092229951e-04
4.324847120693103234e-04
4.478453458593933088e-04
4.459900175805922595e-04
4.408816848865839788e-04
4.358828685569392193e-04
4.326108785075906144e-04
4.349197504191098552e-04
4.227915521716989872e-04
4.322223875241619669e-04
4.357341340222179783e-04
4.065633120030157934e-04
