# bin_1
0.000000000000000000e+00
0.000000000000000000e+00
9.666499018352724126e-03
1.127714718414972450e-02
1.364587767045481043e-02
1.714297510185300993e-02
2.160737875682824244e-02
2.765572560056795207e-02
3.612890624748081592e-02
4.834330782171625263e-02
6.901438767536068053e-02
1.059806086093427469e-01
1.707193512597735552e-01
2.807570115880980155e-01
4.468914545147933959e-01
6.522315847977996350e-01
8.866653675626616771e-01
1.182935736671763216e+00
1.599805023181215979e+00
2.190375054658258325e+00
2.938726120207014514e+00
3.687436627230876951e+00
4.277766338580635264e+00
4.648868699002844274e+00
4.811580041898372073e+00
4.824165149246590900e+00
4.785344707125953612e+00
4.758848072840009102e+00
4.760366412893064059e+00
4.779271253010962894e+00
4.760760441541648902e+00
4.724326671148606493e+00
4.624627807222108977e+00
4.429190308336063531e+00
4.153381543530699993e+00
3.804001130186244861e+00
3.395007103436753937e+00
2.950343718712435948e+00
2.512565110257708234e+00
2.100726590193825682e+00
1.751897143874942442e+00
1.488218846291054831e+00
1.267401859760053595e+00
1.066337964702011476e+00
8.800016834415271827e-01
7.224555374948893327e-01
5.994990122872508875e-01
4.992242840346933774e-01
4.137988200928982563e-01
3.406130183957502000e-01
2.800921511050410984e-01
2.315533818128284738e-01
1.913190765718125463e-01
1.539136403562476607e-01
1.200365650185334365e-01
9.350816736133310547e-02
7.268425319262696027e-02
5.688318421369376737e-02
4.475726961088673933e-02
3.545191663722969955e-02
2.789033916406576455e-02
2.229361556020596769e-02
1.790906484187123476e-02
1.440656374514196272e-02
1.182658008426571219e-02
1.000239043222730419e-02
8.523150059858593947e-03
7.416006250956810181e-03
6.480588590238841110e-03
5.524532233438741828e-03
4.625678551165439065e-03
3.892060307547979842e-03
3.405614250444345768e-03
3.274783288622166826e-03
3.231645691963818713e-03
2.891729746663659721e-03
2.421474020580201454e-03
1.931263369387347653e-03
1.516401572488898855e-03
1.307491548587085516e-03
1.206710032057214900e-03
1.185204083810997020e-03
1.190430098267557853e-03
1.085870438444621602e-03
9.814039636616418531e-04
9.392321133116816748e-04
9.991285832519243570e-04
1.197194421303021715e-03
1.461453918952494756e-03
1.720917536694080647e-03
1.917533490699278430e-03
1.893981937671306362e-03
1.734230125217681943e-03
1.437866341170404528e-03
1.049798269478574228e-03
7.793420775192604674e-04
5.978445518004073863e-04
4.726731649201933931e-04
4.050188464993074349e-04
3.853803278090924250e-04
3.531757909822504614e-04
3.515998400952111353e-04
3.701369713339342058e-04
3.808556791504623612e-04
3.846520876918070250e-04
3.652098894468345093e-04
3.494206852603333122e-04
3.657702481454137931e-04
3.625338855113891022e-04
3.596153123388828171e-04
3.406456491816663656e-04
2.804434552783956159e-04
2.380943725302557762e-04
2.412541711053627525e-04
2.355684087056979118e-04
2.119832813824692520e-04
2.201486424237865923e-04
2.479253497125943006e-04
2.275932276490386726e-04
1.719716324000050407e-04
1.248480250730041059e-04
1.075232983876465889e-04
1.012010701470382657e-04
8.618253141661398359e-05
7.900195907983022746e-05
8.835175084274653353e-05
9.300620427679820543e-05
8.600735921114878685e-05
8.198418361763585953e-05
8.970570291522625135e-05
8.528770486544346341e-05
9.264023771099630735e-05
1.015943684925963168e-04
9.827020803538414576e-05
8.182413760883962804e-05
8.875345231370474245e-05
9.114579030210469203e-05
6.778322243312881218e-05
6.412377536689313679e-05
7.155394748513024112e-05
6.481605606817599191e-05
5.881371798641621217e-05
6.535084688151768836e-05
6.367490381805318274e-05
6.280839400308270881e-05
5.994025236487693977e-05
5.916284888321143891e-05
7.356868804439485317e-05
7.648225045262571067e-05
9.254411357480608143e-05
8.602194903053458691e-05
7.380726881384442749e-05
1.104215881044611180e-04
5.991201608277867706e-06
0.000000000000000000e+00
0.000000000000000000e+00
0.000000000000000000e+00
0.000000000000000000e+00
0.000000000000000000e+00
0.000000000000000000e+00
