# bin_4
0.000000000000000000e+00
3.801059334665871266e-03
4.748054560172161945e-03
5.444826751158963855e-03
6.029683445100372449e-03
6.705811406882785167e-03
7.654366540855820321e-03
8.642438219133149677e-03
9.405164754323633650e-03
1.028831159613700919e-02
1.056659129752231772e-02
1.061462825266588396e-02
1.047578579888028792e-02
1.032954967621967785e-02
1.050504099419078026e-02
1.090172999736304695e-02
1.157373156469583900e-02
1.241771108598851460e-02
1.318738535380515470e-02
1.279016949610576985e-02
1.296807021290341012e-02
1.362091162170005892e-02
1.482155988426317635e-02
1.597937283375272174e-02
1.743046309301419031e-02
1.874773112885116944e-02
2.060264148334859172e-02
2.266184220066317506e-02
2.507055627870784578e-02
2.757656315658307822e-02
2.967453140448492871e-02
3.182291638107082737e-02
3.422026826699926805e-02
3.693649882188130423e-02
3.926567778386686608e-02
4.195494791131650081e-02
4.318418904982327527e-02
4.508323870294729530e-02
4.724373561428408391e-02
4.978117706861238945e-02
5.198665413345462949e-02
5.416451246987696866e-02
5.665079869950504637e-02
5.947827375492972801e-02
6.172730988227654453e-02
6.479465579221076188e-02
6.798502483939705687e-02
7.168764767106974856e-02
7.462276213038758488e-02
7.622192200327214395e-02
7.789774663819995504e-02
8.051555606482481420e-02
8.321682511908419511e-02
8.704813930568029712e-02
9.181311035302934520e-02
9.907584952174243453e-02
1.089552987524856908e-01
1.215892451718448009e-01
1.392106580543402139e-01
1.609497893717455330e-01
1.909123539417242332e-01
2.329529495876035139e-01
2.925397774048259514e-01
3.831538516715794485e-01
5.201203615267755431e-01
7.254248707381418804e-01
1.018436052551626503e+00
1.414906471648643693e+00
1.909294558528424224e+00
2.477823572480362113e+00
3.075621080774996408e+00
3.701683065175819465e+00
4.252196796847438343e+00
4.734208813423077977e+00
5.122769385281142895e+00
5.420075233234234346e+00
5.614159939837056079e+00
5.710493606690426382e+00
5.710291973710853952e+00
5.625255796593955360e+00
5.453742959931595635e+00
5.182188661028241050e+00
4.811130402521447635e+00
4.327300600050975277e+00
3.777800852630742945e+00
3.185251411384183218e+00
2.603565686703402715e+00
2.099623270066630187e+00
1.669898290912927852e+00
1.313055554278476089e+00
1.021672530283652014e+00
7.845073006609897259e-01
5.943288851734587208e-01
4.530253059158533824e-01
3.475740326985199413e-01
2.675175206866016731e-01
2.085108825890397144e-01
1.622591871208747538e-01
1.284088767498340333e-01
1.043460126065431509e-01
8.693451173578219116e-02
7.328894757111449609e-02
6.280280519050945864e-02
5.447057669322313833e-02
4.788757483355356170e-02
4.328745181004819281e-02
3.941410891535104821e-02
3.605326155186975440e-02
3.310813064823186352e-02
3.039863190482239644e-02
2.728215494402725164e-02
2.484098500371137441e-02
2.327135107933487462e-02
2.179034760400997903e-02
2.023961834058689638e-02
1.887255929937989643e-02
1.749811188378730398e-02
1.590309183306756052e-02
1.445901932286885322e-02
1.293647593941893437e-02
1.154501820934829628e-02
1.039407313596781186e-02
1.016575343848586700e-02
1.005869253658233341e-02
1.012545032527135090e-02
9.846548814740865158e-03
9.465592597014084106e-03
9.036206750615118424e-03
8.429525840824353064e-03
8.157863342262903356e-03
7.682458937645664752e-03
7.287594625025414774e-03
6.907439147245775929e-03
6.462571300669009075e-03
6.180685698584566061e-03
5.888701316744801052e-03
5.193225890265771791e-03
4.530070749342023084e-03
4.092595729395399201e-03
3.797729538254332720e-03
3.552887593867685729e-03
3.296415924511746694e-03
3.075467934536291800e-03
2.551921680717833193e-03
2.446272808708213013e-03
2.326101870669298067e-03
2.448506677180587680e-03
2.598025785132168381e-03
2.723618724968542362e-03
2.730452240150445936e-03
2.800963300668861834e-03
2.787063408586836020e-03
2.753144816357938618e-03
2.819745075132464290e-03
2.964975773462118908e-03
3.124141670803229354e-03
3.298277675475900540e-03
3.720385564479550874e-03
4.165161114313298100e-03
4.859545535961896229e-03
