# bin_4_1
1.704415670587123202e-05
1.402606964508113576e-05
1.147102648210560561e-05
9.358327196396932148e-06
7.646732552181318747e-06
6.281251875725515403e-06
5.200909681734061103e-06
4.344859462141348005e-06
3.657806388402255770e-06
3.093524447001249335e-06
2.616415314927348526e-06
2.201499871821231551e-06
1.833165828971764905e-06
1.503187024954376804e-06
1.208449850170450700e-06
9.486292083604150376e-07
7.245557133854342802e-07
5.366373572861099031e-07
3.838481996573252720e-07
2.639933712345030528e-07
