# bin_4_2
3.247347154872001247e-05
2.668499449043522376e-05
2.186852114901411526e-05
1.794267418498088503e-05
1.479105960547620239e-05
1.228024333178717855e-05
1.027679535575282573e-05
8.658421918500195898e-06
7.322234199472932409e-06
6.188665575814715136e-06
5.201591289367793084e-06
4.325751888680246349e-06
3.542374401077836351e-06
2.844083322824372984e-06
2.229970528254905737e-06
1.701321110183334610e-06
1.258709380972980447e-06
8.999686031167214506e-07
6.194815409539739408e-07
4.083498988346918635e-07
