# bin_2_2
2.104792296541866539e-05
1.723597637772186094e-05
1.401785363111936823e-05
1.136483409163367563e-05
9.222347648538975360e-06
7.519257803060578609e-06
6.177624908178764696e-06
5.120556203579976368e-06
4.278553403951822414e-06
3.593520940373262990e-06
3.020693102802518303e-06
2.528476884403576067e-06
2.096256556605569377e-06
1.712916125937246073e-06
1.373572485859115341e-06
1.074583613583847113e-06
8.179183681224742578e-07
6.042473933407130147e-07
4.311896693019980587e-07
2.959736360486856310e-07
