# bin_3_1
1.544021899264122201e-05
1.270718070601420915e-05
1.038063659896721270e-05
8.448610236505681379e-06
6.879393531605031484e-06
5.627276800613352664e-06
4.639371453243731714e-06
3.861358735958687896e-06
3.242702142318932290e-06
2.740234673645449619e-06
2.319991559451309108e-06
1.957541035880435043e-06
1.637076680860950406e-06
1.349884695524507417e-06
1.092331296112977603e-06
8.636167048995025173e-07
6.646540286418145057e-07
4.962737112194823812e-07
3.581749015661983540e-07
2.488077693533676627e-07
