# bin_2_1
1.213249794046608838e-05
1.000409243670522497e-05
8.165048029084182599e-06
6.616726161587490228e-06
5.345003397493756686e-06
4.323182120870381309e-06
3.516398208598796574e-06
2.885827060215184779e-06
2.392991862806737599e-06
2.003118558582666040e-06
1.687222058576857698e-06
1.423039454594016524e-06
1.194986668313127453e-06
9.933226807128095496e-07
8.129234424075521209e-07
6.518562277411249108e-07
5.098940379273688887e-07
3.875682734024801500e-07
2.851793351244608902e-07
2.023587406151846264e-07
