# bin_3_3
4.815865848087236300e-05
3.933101931518246942e-05
3.204597993216031448e-05
2.615163054254651464e-05
2.144867308405518200e-05
1.771957115664793501e-05
1.475405524594543369e-05
1.236413588767790267e-05
1.039463190541779348e-05
8.727456749074039572e-06
7.280696440608673875e-06
6.003593220069012825e-06
4.869334606538000255e-06
3.867303275262086746e-06
2.995412062294526136e-06
2.253996533280262407e-06
1.641710357123197845e-06
1.153320023280114998e-06
7.786940020841964565e-07
5.027399853403106926e-07
