# bin_4_4
7.253656480469323380e-05
5.930523305331778948e-05
4.853979199478230801e-05
3.990559962314695048e-05
3.302732027567979105e-05
2.753388010814461582e-05
2.309337199332341009e-05
1.942835118771268023e-05
1.632498788921261457e-05
1.363300920164984493e-05
1.125785586873026165e-05
9.148490618293148160e-06
7.283890903690289054e-06
5.659216446919697899e-06
4.274851391588664073e-06
3.128394086935724836e-06
2.210770480577226415e-06
1.503569849241702431e-06
9.787811949365520714e-07
6.008548762900582168e-07
