# bin_1_1
8.313087432580410074e-06
6.873008088919628541e-06
5.612029193142045021e-06
4.535577824596530002e-06
3.639709203378625944e-06
2.912109286154430252e-06
2.334115380907715356e-06
1.882944315771556734e-06
1.534348560800013343e-06
1.264982982288174856e-06
1.054167729910506780e-06
8.849338873655168342e-07
7.443807631883026380e-07
6.236048236955967683e-07
5.171360547235719824e-07
4.218398126083111938e-07
3.367933707080007831e-07
2.621427856197912471e-07
1.979895758692797200e-07
1.444808537281421898e-07
