# bin_4_3
5.553088165704747067e-05
4.556776065653168488e-05
3.738329891825880214e-05
3.077077452763861778e-05
2.547957729974095805e-05
2.124936138717822845e-05
1.783820497030998248e-05
1.503737470155962264e-05
1.268075710545327902e-05
1.064719247489242535e-05
8.856996717811368541e-06
7.264342261423188613e-06
5.848056348793960838e-06
4.602035609753794995e-06
3.526644561558345068e-06
2.622229863199074847e-06
1.885063444258765091e-06
1.305796176941842779e-06
8.685486708011150511e-07
5.499440975372450451e-07
