# bin_3_2
2.881890888520557601e-05
2.366963251530103702e-05
1.935538055296204051e-05
1.582070361099279394e-05
1.297573557771231904e-05
1.071119086826197750e-05
8.913369206418898840e-06
7.474733112015374949e-06
6.302118493759773559e-06
5.321201626121435459e-06
4.477616264470108198e-06
3.735492084274821682e-06
3.074169635992392911e-06
2.484148422848899980e-06
1.962834530879398687e-06
1.510612869680871741e-06
1.128317057557383678e-06
8.151163024823764639e-07
5.674894942592304884e-07
3.790737476522430094e-07
