# k_h
1.000000000000000082e-05
1.061082284036727599e-05
1.125895613496601103e-05
1.194667889155906216e-05
1.267640932490885092e-05
1.345071335985875641e-05
1.427231365380228674e-05
1.514409917026510325e-05
1.606913533726360744e-05
1.705067482615896016e-05
1.809216898890832163e-05
1.919727999392929651e-05
2.036989370325107340e-05
2.161413333623100631e-05
2.293437396788241888e-05
2.433525791279314595e-05
2.582171104872940282e-05
2.739896013732219808e-05
2.907255120274115375e-05
3.084836903297929843e-05
3.273265787232153084e-05
3.473204337775570480e-05
3.685355591653179650e-05
3.910465528678881719e-05
4.149325694817477736e-05
4.402775985469220543e-05
4.671707598763734544e-05
4.957066169247959848e-05
5.259855092986817323e-05
5.581139055768666692e-05
5.922047776821614222e-05
6.283779981204503902e-05
6.667607614840740044e-05
7.074880317015905034e-05
7.507030166065725338e-05
7.965576714941633438e-05
8.452132334360042912e-05
8.968407882323433408e-05
9.516218719948759525e-05
1.009749109475629460e-04
1.071426891386452631e-04
1.136872093090709275e-04
1.206314837194306309e-04
1.279999302717527837e-04
1.358184583692933199e-04
1.441145600208371136e-04
1.529174065098580829e-04
1.622579509684529795e-04
1.721690372167256164e-04
1.826855152503277860e-04
1.938443637822442466e-04
2.056848202697100433e-04
2.182485188834679731e-04
2.315796369045033259e-04
2.457250500630264473e-04
2.607344973659153674e-04
2.766607559921938921e-04
2.935598268715251748e-04
3.114911315982642984e-04
3.305177213734711641e-04
3.507064987095779196e-04
3.721284526772829725e-04
3.948589085218647747e-04
4.189777925266295654e-04
4.445699130548227398e-04
4.717252587582212173e-04
5.005393150009897424e-04
5.311133996114292830e-04
5.635550191422072225e-04
5.979782468917756730e-04
6.345041240162035924e-04
6.732610851418363747e-04
7.143854099753462047e-04
7.580217024991552002e-04
8.043233994372124898e-04
8.534533097790226400e-04
9.055841872590311660e-04
9.608993378043574878e-04
1.019593264086826687e-03
1.081872349445713683e-03
1.147955583586038634e-03
1.218075332604189737e-03
1.292478156048450320e-03
1.371425673887469165e-03
1.455195486435124225e-03
1.544082150466520110e-03
1.638398214957357364e-03
1.738475320088651941e-03
1.844665363381147978e-03
1.957341737059910963e-03
2.076900640999946278e-03
2.203762475869568745e-03
2.338373321370116210e-03
2.481206504769954257e-03
2.632764265248088795e-03
2.793579519899721825e-03
2.964217737613425094e-03
3.145278927409034600e-03
3.337399748227770982e-03
3.541255747593122921e-03
3.757563737014303976e-03
3.987084312484719638e-03
4.230624528938296477e-03
4.489040738067652699e-03
4.763241599482747821e-03
5.054191275797910096e-03
5.362912822882153971e-03
5.690491787193651188e-03
6.038080022847685906e-03
6.406899741839758647e-03
6.798247811665658613e-03
7.213500315449882655e-03
7.654117390617225410e-03
8.121648363121363248e-03
8.617737195283975069e-03
9.144128266400184529e-03
9.702672506436719677e-03
1.029533390439023657e-02
1.092419641419116287e-02
1.159147128243579079e-02
1.229950482371311785e-02
1.305078667086626357e-02
1.384795852919887098e-02
1.469382346540822060e-02
1.559135576390783574e-02
1.654371138519652659e-02
1.755423906304876339e-02
1.862649207954652705e-02
1.976424075935726693e-02
2.097148572719061826e-02
2.225247197505105662e-02
2.361170378875046896e-02
2.505396058616600474e-02
2.658431372293520306e-02
2.820814432468100874e-02
2.993116220847021058e-02
3.175942596003735602e-02
3.369936423737181219e-02
3.575779837557610530e-02
3.794196637248112292e-02
4.025954833935697919e-02
4.271869350621199796e-02
4.532804887663634957e-02
4.809678963294976989e-02
5.103465139856434851e-02
5.415196447100689009e-02
5.745969014597172159e-02
6.096945926013038614e-02
6.469361308822337009e-02
6.864524673824046186e-02
7.283825519727692155e-02
7.728738218997671661e-02
8.200827202136000416e-02
8.701752458633002507e-02
9.233275373928516438e-02
9.797264922908151263e-02
1.039570424171229607e-01
1.103069760096638124e-01
1.170447780495188356e-01
1.241941404273552846e-01
1.317802021886362585e-01
1.398296379291402158e-01
1.483707515898807505e-01
1.574335759812365843e-01
1.670499783862402221e-01
1.772537726143581516e-01
1.880808378997698982e-01
1.995692450622293668e-01
2.117593903741157857e-01
2.246941376043922745e-01
2.384189687389313417e-01
2.529821439071864297e-01
2.684348710775454894e-01
2.848314861180670787e-01
3.022296438557340870e-01
3.206905208060490953e-01
3.402790302858103022e-01
3.610640506654711479e-01
3.831186675636709116e-01
4.065204308355676588e-01
4.313516272585987132e-01
4.576995698745140451e-01
4.856569050050771885e-01
5.153219380209953515e-01
5.467989790095507674e-01
5.801987095564060670e-01
6.156385719312732485e-01
6.532431820459446703e-01
6.931447676367309407e-01
7.354836332120907594e-01
7.804086534003161768e-01
8.280777964320343854e-01
8.786586795982053166e-01
9.323291586367589145e-01
9.892779531203327315e-01
1.049705310044101392e+00
1.113823707947078745e+00
1.181858604042743455e+00
1.254049226986132748e+00
1.330649418064938416e+00
1.411928523772490340e+00
1.498172342901119114e+00
1.589684131486174934e+00
1.686785669134292176e+00
1.789818390485438560e+00
1.899144585787228667e+00
2.015148674803097784e+00
2.138238558533656075e+00
2.268847053504296607e+00
2.407433413662338317e+00
2.554484945235170112e+00
2.710518720227569567e+00
2.876083394583383690e+00
3.051761137404641389e+00
3.238169678011838748e+00
3.435964478043277204e+00
3.645841036231230792e+00
3.868537333959064295e+00
4.104836430198636421e+00
4.355569214952336843e+00
4.621617330881692354e+00
4.903916273395671155e+00
5.203458680099555700e+00
5.521297821170772835e+00
5.858551302934904115e+00
6.216404997664514376e+00
6.596117213419192105e+00
6.999023118588826087e+00
7.426539436698091912e+00
7.880169427980443508e+00
8.361508175237883478e+00
8.872248192573202630e+00
9.414185376716302400e+00
9.989225321871295193e+00
1.059939002028870902e+01
1.124682497212406318e+01
1.193380672958270772e+01
1.266275090187849095e+01
1.343622064915336267e+01
1.425693569522512227e+01
1.512778189085422476e+01
1.605182136115704594e+01
1.703230327284605394e+01
1.807267525915775863e+01
1.917659554264117361e+01
2.034794579843422824e+01
2.159084480325812549e+01
2.290966291812368993e+01
2.430903745567421126e+01
2.579388898620115356e+01
2.736943863966811463e+01
2.904122646458217005e+01
3.081513090826670975e+01
3.269738948703439974e+01
3.469462071894094635e+01
3.681384739624191127e+01
3.906252127938390828e+01
4.144854929936195020e+01
4.398032136057597796e+01
4.666673984194924429e+01
4.951725090004325835e+01
5.254187768423761185e+01
5.575125558076933174e+01
5.915666960955807951e+01
6.277009410531596245e+01
6.660423482246899596e+01
7.067257361194410237e+01
7.498941582691540475e+01
7.956994062420334046e+01
8.443025433819647674e+01
8.958744711497553226e+01
9.505965300577778976e+01
1.008661137311094791e+02
1.070272463397139830e+02
1.135647150003054406e+02
1.205015071785041272e+02
1.278620144668352907e+02
1.356721183520067200e+02
1.439592812210487978e+02
1.527526429263160708e+02
1.620831232489021545e+02
1.719835306207515089e+02
1.824886774877678874e+02
1.936355027195625098e+02
2.054632014962733706e+02
2.180133631291641620e+02
2.313301172996224864e+02
2.454602892307675575e+02
2.604535643372985874e+02
2.763626629325281669e+02
2.932435256069192633e+02
3.111555099299725384e+02
3.301615991671079655e+02
3.503286237454541947e+02
3.717274962472699258e+02
3.944334607573072731e+02
4.185263574408745626e+02
4.440909032829359830e+02
4.712169899753912432e+02
4.999999999999999432e+02
