# bin_4_1
1.134989816263440351e-08
1.151436476213077180e-08
1.169870594249205792e-08
1.190800100284393312e-08
1.214226355694685066e-08
1.240167082975171969e-08
1.268837172595013504e-08
1.300108723687067724e-08
1.334796247393868990e-08
1.372404232371387644e-08
1.412070647795164993e-08
1.453807623550977713e-08
1.496997475113970808e-08
1.541819926453393160e-08
1.587306938701588312e-08
1.632626833211536792e-08
1.676933411156974720e-08
1.718638831339932557e-08
1.755212094224251355e-08
1.783559610416972184e-08
1.800467702430517469e-08
1.804988864692836198e-08
1.798905446078446134e-08
1.782513541951089369e-08
1.750868325394461648e-08
1.699125105964407679e-08
1.632190207698315590e-08
1.553156284932446491e-08
1.460222978229301724e-08
1.353996935159621883e-08
1.240121044821715091e-08
1.122299090605304903e-08
1.000489174409856131e-08
8.825705469343749644e-09
7.683020230660254942e-09
6.623441623885846995e-09
5.650044792077000576e-09
4.782716602228118053e-09
4.013543064081330816e-09
3.343384695019396988e-09
2.765160977446465547e-09
2.270400629756362276e-09
1.852771867398159693e-09
1.505742345827925505e-09
1.221492648931678356e-09
9.908100299463312223e-10
8.042278086209658293e-10
6.536892795432890185e-10
5.327488957014887453e-10
4.359050893691470284e-10
3.581073434303346544e-10
2.951272649928071064e-10
2.438588510593041074e-10
2.018523095500445676e-10
1.671490724205585726e-10
1.382751173020602826e-10
1.141158278747251487e-10
9.382283424466752688e-11
7.675026465668753798e-11
6.239683247940858208e-11
5.036463722717568390e-11
4.032827782642692680e-11
3.201317665600881889e-11
2.518093748614111118e-11
1.962016536012348480e-11
1.514113960079864694e-11
1.157307102082260045e-11
8.762884916542782161e-12
6.574878275089010535e-12
4.890501318656950225e-12
3.607985979103722947e-12
2.641611577012521333e-12
1.920560727712201699e-12
1.387429362724568138e-12
9.965197220011634407e-13
7.120599450055878370e-13
5.064742687127367879e-13
3.587992073093899531e-13
2.533078251619140563e-13
1.783131132821494068e-13
1.252094420025245474e-13
8.774081774558330007e-14
6.139598220022203573e-14
4.292413600549985787e-14
2.999228925670418471e-14
2.097668996622179535e-14
1.469127429566976520e-14
1.032514079152941141e-14
7.301433185328190808e-15
5.212763929042306301e-15
3.776766606368136313e-15
2.797839162377602979e-15
2.135379316288241931e-15
1.694170138508226213e-15
1.405290880505150476e-15
1.221710701106341880e-15
1.108776945649150682e-15
1.042503900795523395e-15
1.005836446897363556e-15
9.868616652644410871e-16
