# bin_4_3
1.591737033053730802e-08
1.618515370268730801e-08
1.649035193352687639e-08
1.683536516080196101e-08
1.722861812470679035e-08
1.767266991377493732e-08
1.817219793962957538e-08
1.872899500690895349e-08
1.935489513516736694e-08
2.004856711316049553e-08
2.081390012888840266e-08
2.164827802096176816e-08
2.255854270916169548e-08
2.354269615763064126e-08
2.459564185977208660e-08
2.570892235223795007e-08
2.687049473185718933e-08
2.805210127160328284e-08
2.922408613163485431e-08
3.035029854698639458e-08
3.141412027913259844e-08
3.240879600204464196e-08
3.330027684116948314e-08
3.400825383358256741e-08
3.446640276640990436e-08
3.468370716431612392e-08
3.462942940083105826e-08
3.424645248147690621e-08
3.350224040254847236e-08
3.242162517663798797e-08
3.099650622860008829e-08
2.923307420620012395e-08
2.720270379672087111e-08
2.493381341799198916e-08
2.252153987744457671e-08
2.003196183950745106e-08
1.756551109279596949e-08
1.519681826023656472e-08
1.299553803290657918e-08
1.100879870797000418e-08
9.254910089231567855e-09
7.728500123795741637e-09
6.408014487993780985e-09
5.267585509432351089e-09
4.288294854012449438e-09
3.461446127038889244e-09
2.781593757106913790e-09
2.235605214137448091e-09
1.800126196727927333e-09
1.451060350284993148e-09
1.171921594302796959e-09
9.506648580374098147e-10
7.751255619322012268e-10
6.349063481229238146e-10
5.223417139607839068e-10
4.312087997499816953e-10
3.567411973397083306e-10
2.953257899796821846e-10
2.442515211330203124e-10
2.014969004597887791e-10
1.655543104006053086e-10
1.352871741647960811e-10
1.098213493466211162e-10
8.846557703498516967e-11
7.065401790865458949e-11
5.590689536983083139e-11
4.380511897358881621e-11
3.397474094319158465e-11
2.607826058648792668e-11
1.981032814525001328e-11
1.489615709113132788e-11
1.109126760616108080e-11
8.181549196565018155e-12
5.982969046723950940e-12
4.340556946947377687e-12
3.126559414902775525e-12
2.237863149706365543e-12
1.592927021587005797e-12
1.128460044344252171e-12
7.961732698288329443e-13
5.598063634448207359e-13
3.924990190068256283e-13
2.745577672879558619e-13
1.916975889294096512e-13
1.336635270068529019e-13
9.310883220927816147e-14
6.482877504824852485e-14
4.514958027631532089e-14
3.147675509500427880e-14
2.199566029250640485e-14
1.543528774559790964e-14
1.090633712872014671e-14
7.792390420399361936e-15
5.663235064580651996e-15
4.217659128027986719e-15
3.248728865907516673e-15
2.611228451489848538e-15
2.202520493787644692e-15
1.951358519686085119e-15
1.806360087812080883e-15
