# bin_2_2
1.205325892382658875e-08
1.223955373607922521e-08
1.245081683997331578e-08
1.268863112813268745e-08
1.295521376666820419e-08
1.324875884733160644e-08
1.357637221267798364e-08
1.394015635973454811e-08
1.434099533944636505e-08
1.477442905066545102e-08
1.524280060296171245e-08
1.573302830071261618e-08
1.624429633245781936e-08
1.677362359539245937e-08
1.731419066285204492e-08
1.785791359760467594e-08
1.839368277216762292e-08
1.891062364009100462e-08
1.938891562772426717e-08
1.979862285423423550e-08
2.009929815907850750e-08
2.025387700553964287e-08
2.025581526835046690e-08
2.013009988048290771e-08
1.987396572887234601e-08
1.942130445260318133e-08
1.873248276069416099e-08
1.787827865949776389e-08
1.687804181082690491e-08
1.572482715755817145e-08
1.442658353526706246e-08
1.307067117681116724e-08
1.168021170920096721e-08
1.027908438368033138e-08
8.949067518449217616e-09
7.688694362625257265e-09
6.550560895482895765e-09
5.526187418858236816e-09
4.632749433229292325e-09
3.853831430939630522e-09
3.180954998599277789e-09
2.605781714028533818e-09
2.119435714611854506e-09
1.715518293161485872e-09
1.386208129226549997e-09
1.120803157063893579e-09
9.078087686363286454e-10
7.371580695878158501e-10
6.007394731703584522e-10
4.917799685074823510e-10
4.044583169459252867e-10
3.340130305770568824e-10
2.767373439145158829e-10
2.297564445962845755e-10
1.908654173552413412e-10
1.584034787392819659e-10
1.311287489461543796e-10
1.081117916010055178e-10
8.865250142336026727e-11
7.221337426243080211e-11
5.837013235220259613e-11
4.677596345112434536e-11
3.713669358840462561e-11
2.919443824460426164e-11
2.271758447704390430e-11
1.749527444861636773e-11
1.333493624270861170e-11
1.006160835500402733e-11
7.518296924613702035e-12
5.566470473264165201e-12
4.086303436297820239e-12
2.976368607506966748e-12
2.152687254584302624e-12
1.547211783651694721e-12
1.105915039559532263e-12
7.867000868215768146e-13
5.573171195910844008e-13
3.934286619910239209e-13
2.769095265768010337e-13
1.944359619993133098e-13
1.362595210421868132e-13
9.533813221712280272e-14
6.662512752037762694e-14
4.653832453144874624e-14
3.250514521356698302e-14
2.271465083579351979e-14
1.590722585971033924e-14
1.117562728646027641e-14
7.894883545228882039e-15
5.632439949842243282e-15
4.076577402369756445e-15
3.014765723419401863e-15
2.297879392134326968e-15
1.819283456599542907e-15
1.507891353891285863e-15
1.312062385095297188e-15
1.193857068117712575e-15
1.127313453558985556e-15
1.093189099684968876e-15
1.077649165411286459e-15
