# bin_4_2
1.385602974329661320e-08
1.407885151936066733e-08
1.433053715970487663e-08
1.461785865549255309e-08
1.494215875440822006e-08
1.530512412957128529e-08
1.571074162227171347e-08
1.615911837914148346e-08
1.666126895164017505e-08
1.721381813562010554e-08
1.780966986689114736e-08
1.845183291113503894e-08
1.913493618484728050e-08
1.986273203541338660e-08
2.062653177245514665e-08
2.141763055261085412e-08
2.222670096872054407e-08
2.303558301587124811e-08
2.381426549691824693e-08
2.452569392945077715e-08
2.512905276518169477e-08
2.560474577757205484e-08
2.595862184195912659e-08
2.617901076209024883e-08
2.619850436632020917e-08
2.594960556175282691e-08
2.546498748142991209e-08
2.475983398123410885e-08
2.380023321585711149e-08
2.258103597034932091e-08
2.115618950263919602e-08
1.956558166385860826e-08
1.781868682458949718e-08
1.601764155128501742e-08
1.418608057168409024e-08
1.240595497448045001e-08
1.071340188146389207e-08
9.159627777878650417e-09
7.757544941687986693e-09
6.519121973514006356e-09
5.438058303180895761e-09
4.500536537779130633e-09
3.694342913147372415e-09
3.009686764364776717e-09
2.437982363484633222e-09
1.968888671209732498e-09
1.588822606828933374e-09
1.282901004831704123e-09
1.037710804015981699e-09
8.421222944188383813e-10
6.862586938840434430e-10
5.616203133673628409e-10
4.615870127555599673e-10
3.808107407856660609e-10
3.150084969184228644e-10
2.609396143321169735e-10
2.161318501390099793e-10
1.787249441047299984e-10
1.473266547048215142e-10
1.208896193108922420e-10
9.861628594285007144e-11
7.988570990106497246e-11
6.419965935485301123e-11
5.114425899709259610e-11
4.036408869014557277e-11
3.154556527138688493e-11
2.440706216064784531e-11
1.869363100946602669e-11
1.417478405286944938e-11
1.064386171081494345e-11
7.918097773508903431e-12
5.838655590024291041e-12
4.270185571372551161e-12
3.099709333372633647e-12
2.234850184846623529e-12
1.601568717503701025e-12
1.141624161336465976e-12
8.099883275998765344e-13
5.724013265255931972e-13
4.031387947108319739e-13
2.831166738212740979e-13
1.983559402046519747e-13
1.387146499198309617e-13
9.687322222942918377e-14
6.758088602131060943e-14
4.713762443431656025e-14
3.288337256776716199e-14
2.296936175347812111e-14
1.608888513125467804e-14
1.132250308236795368e-14
8.030238355144207328e-15
5.767603849831057726e-15
4.219757145826355742e-15
3.171397419973229504e-15
2.469500404774645632e-15
2.009423144484568586e-15
1.715604914421875410e-15
1.535507601530796829e-15
1.431390427075805525e-15
1.375814601902484925e-15
