# bin_3_1
1.118297411672278285e-08
1.133830994334360222e-08
1.151332824220375805e-08
1.170807505170478412e-08
1.192739547676349591e-08
1.217090179136317600e-08
1.243970376605851706e-08
1.273237679793790702e-08
1.305542544459763799e-08
1.340416907071850752e-08
1.377725810492791801e-08
1.416840197465856653e-08
1.457918598071174535e-08
1.500445143726535499e-08
1.543609151176700265e-08
1.586417262698660642e-08
1.627615020549937252e-08
1.664714902178255202e-08
1.695277395370038212e-08
1.716645875355311410e-08
1.728406545459453465e-08
1.731582636459518608e-08
1.725069509886451313e-08
1.703801614347404239e-08
1.664500552300268640e-08
1.611482513653357777e-08
1.545484619879896918e-08
1.464837168062783131e-08
1.370036853669199846e-08
1.266460165582374938e-08
1.155697681816266915e-08
1.039458527779888588e-08
9.240644929835035671e-09
8.101738365595313036e-09
7.027437162095514065e-09
6.025077060538022026e-09
5.120913496771825637e-09
4.314507583594121886e-09
3.606945419781293143e-09
2.994179128716358942e-09
2.467828923917623638e-09
2.020216528043515119e-09
1.644464113028066720e-09
1.333666263252243689e-09
1.080132229491641554e-09
8.752061396533846364e-10
7.102905322794935827e-10
5.779805209470514331e-10
4.720725015117280682e-10
3.871947837529810749e-10
3.188265751114699994e-10
2.634202357297328621e-10
2.182209584168110059e-10
1.810147921863247892e-10
1.501396537635647217e-10
1.243377441366675793e-10
1.026575104583780083e-10
8.438307751037256671e-11
6.896759699898005820e-11
5.598517948896821334e-11
4.509444660024331795e-11
3.601244129113155504e-11
2.849665769074851936e-11
2.233341501359161054e-11
1.733086569242393555e-11
1.331522837560039729e-11
1.012915239377426236e-11
7.631232096213499147e-12
5.696089010515277107e-12
4.214396853725460824e-12
3.092627334238231761e-12
2.252365044303621918e-12
1.629187341339044507e-12
1.171202839084141871e-12
8.373876883875147214e-13
5.958652417384312937e-13
4.222539816693261649e-13
2.981779387644723582e-13
2.099426423048335278e-13
1.474512889798939996e-13
1.033508191279216153e-13
7.233439623889501101e-14
5.057484877528326854e-14
3.533867373042313367e-14
2.470210835962961765e-14
1.728381947122120261e-14
1.212094029213708498e-14
8.539726325878791342e-15
6.060225606539459956e-15
4.351038654170157812e-15
3.179344152769488838e-15
2.381147417572480264e-15
1.844315313334253161e-15
1.489361808004229711e-15
1.259336151596965255e-15
1.115386729553978008e-15
1.029213365529807464e-15
9.803391721239945987e-16
9.547237714954765257e-16
9.425131859109819217e-16
