# bin_3_3
1.530531981606435019e-08
1.555788089783161832e-08
1.584540789786717097e-08
1.616994639118986605e-08
1.653944136014999346e-08
1.695599559521745513e-08
1.742374741146951094e-08
1.794394419710057693e-08
1.852766099327703333e-08
1.917292917739715704e-08
1.988279728842243604e-08
2.065389370839977598e-08
2.149212154199953196e-08
2.239467584096684668e-08
2.335562832695580095e-08
2.436578958867190746e-08
2.541245431684770410e-08
2.646705843916104973e-08
2.749985415124071177e-08
2.847508843501959478e-08
2.937698068025938539e-08
3.020027991168079675e-08
3.091332977305308560e-08
3.143926508279536914e-08
3.171613351022880837e-08
3.175804374513843333e-08
3.154043301458802385e-08
3.101326258240644624e-08
3.015147607868890022e-08
2.898725174437536385e-08
2.751987757912841495e-08
2.576194243908503585e-08
2.378924566791966544e-08
2.163256927132416203e-08
1.938585283623444332e-08
1.711040842134768551e-08
1.489727455518777074e-08
1.280786616757222867e-08
1.089596197740308653e-08
9.192380276808905590e-09
7.701527965364267088e-09
6.409445898202836346e-09
5.292966259622880563e-09
4.330616131667207764e-09
3.510029866608486041e-09
2.826126830547422115e-09
2.271561795147342575e-09
1.829028545658436876e-09
1.475168518052579652e-09
1.191225924466017665e-09
9.652475324052076563e-10
7.862215216508861864e-10
6.435179842548083775e-10
5.291313169506784935e-10
4.368039799319184119e-10
3.615713512809640794e-10
2.996876886920199057e-10
2.483225931290918413e-10
2.053662472805661922e-10
1.692489921766621494e-10
1.387963246055476219e-10
1.131148443198273181e-10
9.150773624607054258e-11
7.341326275081261419e-11
5.836146126612942854e-11
4.594556828901547880e-11
3.580423495437735461e-11
2.761118877073523539e-11
2.107001196557440226e-11
1.591203848616218647e-11
1.189602200560157823e-11
8.808474479380606843e-12
6.463888615734878650e-12
4.704353985702012799e-12
3.398345166031428298e-12
2.438689918914229416e-12
1.739898305002212101e-12
1.235133702339793377e-12
8.730657792727669405e-13
6.149045548266743387e-13
4.317717683530952738e-13
3.024350542284533266e-13
2.114208104671149755e-13
1.475631417196065544e-13
1.028846946381273955e-13
7.168522490233030144e-14
4.994002790220166450e-14
3.481507578054208951e-14
2.431018155087744353e-14
1.702916004624602473e-14
1.199456395395858594e-14
8.522421686817671052e-15
6.139445159883187138e-15
4.515054335202734769e-15
3.417332826455751825e-15
2.687232120079280617e-15
2.212648096823031638e-15
1.913872175372754605e-15
1.735398870774819934e-15
1.636801232390718376e-15
