# bin_2_1
1.015959108385887233e-08
1.030319618096205209e-08
1.046515446922626999e-08
1.064615840951166454e-08
1.084735062752248807e-08
1.106622926777846626e-08
1.130822055866820041e-08
1.157428350476265218e-08
1.186412993477420769e-08
1.217260853235903275e-08
1.249991265640259355e-08
1.283272166655175298e-08
1.316929968157536902e-08
1.350643364548177611e-08
1.383667668453000492e-08
1.415327468889087930e-08
1.444688237787674763e-08
1.470915431675480050e-08
1.492436472780519052e-08
1.506799445708122063e-08
1.510738801374513995e-08
1.501399847994059800e-08
1.479026117111937369e-08
1.447049741994793157e-08
1.406288351208476383e-08
1.351433090563157205e-08
1.279665970729409958e-08
1.198681088764473341e-08
1.110914445344665413e-08
1.016018619035892321e-08
9.146025340174767161e-09
8.142571632692606028e-09
7.160667868502698938e-09
6.206591707232386987e-09
5.338271191902387340e-09
4.535493268881431273e-09
3.830085891680077080e-09
3.202969474660482469e-09
2.664124325905664576e-09
2.198561518884590427e-09
1.801594288684498548e-09
1.468378097617053195e-09
1.191832527866505684e-09
9.657059128979430555e-10
7.830186715010861267e-10
6.361886833922398423e-10
5.183276925707612860e-10
4.237917859251496426e-10
3.479180656693943985e-10
2.868088794774101810e-10
2.372969702119704017e-10
1.968570090457353893e-10
1.635415969770319046e-10
1.358648190193636839e-10
1.127029866579359186e-10
9.320985454802600022e-11
7.674873633833181199e-11
6.283472018502341233e-11
5.109161362486216932e-11
4.121860344300544561e-11
3.296676983557649529e-11
2.612283904054169865e-11
2.049859212773314148e-11
1.592447755750869628e-11
1.224619785023227017e-11
9.323264111053042954e-12
7.028720100516517768e-12
5.249310657303505539e-12
3.885791214214176358e-12
2.852885315571970368e-12
2.078842375325812845e-12
1.504561027065375870e-12
1.082352934543596923e-12
7.744795734757076804e-13
5.516040611027902793e-13
3.912861217012435277e-13
2.766052367716711532e-13
1.949619568988519307e-13
1.370767278291960549e-13
9.619968724889377795e-14
6.741193690798738863e-14
4.718305197719448584e-14
3.299805819958993190e-14
2.308618710597221453e-14
1.616567115700142811e-14
1.133917161715663421e-14
7.990412005870929300e-15
5.666025126861086546e-15
4.058630841273011753e-15
2.956855992300262412e-15
2.204668006594971785e-15
1.697294048450715714e-15
1.360621239564783252e-15
1.140774030931679696e-15
1.002412217550614940e-15
9.191512108225355388e-16
8.714737417722277491e-16
8.462875793861135058e-16
8.342105422499596910e-16
8.290019339549035710e-16
