# bin_1_1
8.503265567751388145e-09
8.623933212600169512e-09
8.759997616475319810e-09
8.912026961379451045e-09
9.080432787849166690e-09
9.262564083394880229e-09
9.460082503472806794e-09
9.678356247360753809e-09
9.915953707509982096e-09
1.016995491042590679e-08
1.042892555842219968e-08
1.068912731920912717e-08
1.094369357060620661e-08
1.118616469972501995e-08
1.140536728286673851e-08
1.158764246242233733e-08
1.172923028840049852e-08
1.182659421031271246e-08
1.187418826982610706e-08
1.186777459311747853e-08
1.179928670603476138e-08
1.164558632315173582e-08
1.137723469079467616e-08
1.096959873312634626e-08
1.044336395540219977e-08
9.866533272926742577e-09
9.262927209212922513e-09
8.569874969329936050e-09
7.776380473497613080e-09
6.987904505014303132e-09
6.217802152348475399e-09
5.466290445861716197e-09
4.720028984968721625e-09
4.059355009391882283e-09
3.455395864657933484e-09
2.905213103046231465e-09
2.438824435614828531e-09
2.020900173426801710e-09
1.672642755124343956e-09
1.368578883051282976e-09
1.117946412714889886e-09
9.092775352353504280e-10
7.376142425686184860e-10
5.994570353257316710e-10
4.883147007307860413e-10
3.988971721127343094e-10
3.269823039400393093e-10
2.690832357749423502e-10
2.222730871521843049e-10
1.841990126575779484e-10
1.530013545723381901e-10
1.272222339767318342e-10
1.057493381781355315e-10
8.773607111579295474e-11
7.255000047217109271e-11
5.971283105905780616e-11
4.885688475914943793e-11
3.969467932708060467e-11
3.199487608972995619e-11
2.556434523492769598e-11
2.023645972452544413e-11
1.586341560199097341e-11
1.231166049958721542e-11
9.459516383485519216e-12
7.196238281167907633e-12
5.421889453380745444e-12
4.047574492774424334e-12
2.995559334929183071e-12
2.199284531064458992e-12
1.602921855727966498e-12
1.160617458946991794e-12
8.354665397589024134e-13
5.983258699915576838e-13
4.265813926943736831e-13
3.029596107155685939e-13
2.144495726040320940e-13
1.513685560865708808e-13
1.065873843764792420e-13
7.490409120687876304e-14
5.255194891954420575e-14
3.682123971193802338e-14
2.580820462294828315e-14
1.808800136792496471e-14
1.268362620936770241e-14
8.905116672602137018e-15
6.291574234469825343e-15
4.471738497731926920e-15
3.212101795261764898e-15
2.348916508721929521e-15
1.759399065736764653e-15
1.359610683649680454e-15
1.094440746053763903e-15
9.229540016539748891e-16
8.151228653853218673e-16
7.494158453645212018e-16
7.115199549526243482e-16
6.911612376006731937e-16
6.811106050829788265e-16
6.765147811360733481e-16
6.746040701225867300e-16
