# bin_3_2
1.353070037466113444e-08
1.374027510694035731e-08
1.397797858882473959e-08
1.424491249102310982e-08
1.454766231174944930e-08
1.488713480200016691e-08
1.526603819659479003e-08
1.568425664229693012e-08
1.615079153187208448e-08
1.666217279623698275e-08
1.721930050579317435e-08
1.781709731688814248e-08
1.845920904920907771e-08
1.914119509871120641e-08
1.985551464659651993e-08
2.059184495054827788e-08
2.133667852356611377e-08
2.206197292842816833e-08
2.273923039028917422e-08
2.333555884507462962e-08
2.383929176915390189e-08
2.425117865023505307e-08
2.454804034984281713e-08
2.466428344827057070e-08
2.455122520382556303e-08
2.423725850851876115e-08
2.371411925948514667e-08
2.294953402381971531e-08
2.193597676005371237e-08
2.072095316285183389e-08
1.931750515405075136e-08
1.774724140796087643e-08
1.608771200739765394e-08
1.436488352917460645e-08
1.265704797208123574e-08
1.100143378495565891e-08
9.455809324495824767e-09
8.044813066800388341e-09
6.786414441259077529e-09
5.683247944468182465e-09
4.724887973286551178e-09
3.897554753354796320e-09
3.188992517454038394e-09
2.590077762001348772e-09
2.093069202224829068e-09
1.688175088696689369e-09
1.362345679086343179e-09
1.101335304040572767e-09
8.925894052398260803e-10
7.260495468266082803e-10
5.932513282059422628e-10
4.870014384722005907e-10
4.015055087688911688e-10
3.321482680922406614e-10
2.753802026995904170e-10
2.284892232399676045e-10
1.894286607095450224e-10
1.566698909801467173e-10
1.290706392896569504e-10
1.057710378296470562e-10
8.611217674875204140e-11
6.957515834758943941e-11
5.573704869533852578e-11
4.424032150718208161e-11
3.477272277992666720e-11
2.705486987876590507e-11
2.083335784904610441e-11
1.587747976731811359e-11
1.197824891769022105e-11
8.948487241783000647e-12
6.623236091751087682e-12
4.859897992141436808e-12
3.537772233392969356e-12
2.556879282880835949e-12
1.836150138059750945e-12
1.311171269821093760e-12
9.317201416812201514e-13
6.593160370257756952e-13
4.649052837476707362e-13
3.268430210710171753e-13
2.292128968516554686e-13
1.604327539305341461e-13
1.121213288710369689e-13
7.826819551241647232e-14
5.460899701845155542e-14
3.809839378363183861e-14
2.659751084678720621e-14
1.860492057481157514e-14
1.305880324812531872e-14
9.220902855525805660e-15
6.574055974874873360e-15
4.755709968955604297e-15
3.516154540716927562e-15
2.680256986177832087e-15
2.124186282161276330e-15
1.763265789640077798e-15
1.536912529415204886e-15
1.401352574869451914e-15
1.325860823154377932e-15
1.287812542223063725e-15
