# bin_4_4
1.656933687533984097e-08
1.685908415612597899e-08
1.718833981876405676e-08
1.756575542739350680e-08
1.799443475666999500e-08
1.847807818685071036e-08
1.902305313289106993e-08
1.963171872024805926e-08
2.031850359762453456e-08
2.108280197864907939e-08
2.192046287537561475e-08
2.283857123086032445e-08
2.383466611434833690e-08
2.491638761493292025e-08
2.607848336843273201e-08
2.731485806087571973e-08
2.861848851536629645e-08
2.997248558080342887e-08
3.134603005460835758e-08
3.269981172679831210e-08
3.398793809383645371e-08
3.518336685716101516e-08
3.628128916649739713e-08
3.725517375515047653e-08
3.801765169302934220e-08
3.847728928002496028e-08
3.864114615495828717e-08
3.849581603347235680e-08
3.797557732360950945e-08
3.704390069448463478e-08
3.572738437533449621e-08
3.404208754427050898e-08
3.198074528270300506e-08
2.964294465354334317e-08
2.706066544568998533e-08
2.434336121219492624e-08
2.156935871097406917e-08
1.884753151520575578e-08
1.625450441473999106e-08
1.386434297556884449e-08
1.171939950859269154e-08
9.832245666945793769e-09
8.192792927532759100e-09
6.776072466106022650e-09
5.555165801484306812e-09
4.511270211472865990e-09
3.634825228277338471e-09
2.917660580688883182e-09
2.343084293048213105e-09
1.885033764909145970e-09
1.517968699319716615e-09
1.224839506544828500e-09
9.928876280531808599e-10
8.087342449517796579e-10
6.616276697281098489e-10
5.435360257353654683e-10
4.479133975699572437e-10
3.698001993156795452e-10
3.054262243133248913e-10
2.519611003467740330e-10
2.072903067456591953e-10
1.698296151627871677e-10
1.383772202115898950e-10
1.120022903648670980e-10
8.996368094080936339e-11
7.165146642019576912e-11
5.654728319664498450e-11
4.419876016471179157e-11
3.420392629825620990e-11
2.620227338308679102e-11
1.987021488278872012e-11
1.491910075796224483e-11
1.109440486282584135e-11
8.175113565000133131e-12
5.972716185697224721e-12
4.329507998284197848e-12
3.116162959189789206e-12
2.228714966938404526e-12
1.585188034039451650e-12
1.122082582869373946e-12
7.910158426345089977e-13
5.556975160761415239e-13
3.892666237636429529e-13
2.720474886207258282e-13
1.897654191640122412e-13
1.321977263425603869e-13
9.200631635681184507e-14
6.401341594508447706e-14
4.455589234891833077e-14
3.105403029969171414e-14
2.170311234097638865e-14
1.524438471485912222e-14
1.079427435732170460e-14
7.742336601660567313e-15
5.660542935075578139e-15
4.254364697660815126e-15
3.316387888942893079e-15
2.703337488524320426e-15
2.314776189218483797e-15
2.079514750251231761e-15
