# bin_4_1
5.273886740213873481e-06
5.048626151225863802e-06
4.742920484790935779e-06
4.367841669540952709e-06
3.939273780884881651e-06
3.478092643354121490e-06
3.007835761988455522e-06
2.551237992139817176e-06
2.127542832414967272e-06
1.750687388785391623e-06
1.428489585734909057e-06
1.162900423133640693e-06
9.509509762191202455e-07
7.861504085457243553e-07
6.600068968482140902e-07
5.633727358870522529e-07
4.878131139365523009e-07
4.260345209318150645e-07
3.725412700233740600e-07
3.239406665231719197e-07
