# bin_3_2
9.235742742505885110e-06
8.803821097570727489e-06
8.222944292580388481e-06
7.518923745450468398e-06
6.726860505460505672e-06
5.889676498827473048e-06
5.052503313197513644e-06
4.255901072736614431e-06
3.531461960912468421e-06
2.899531949330315427e-06
2.368955364595429404e-06
1.938421975476000045e-06
1.598826998043786673e-06
1.336138147208938888e-06
1.134113226708726852e-06
9.766015781665263632e-07
8.496069922680196902e-07
7.418954879665950161e-07
6.455748245460220602e-07
5.559306166273540394e-07
