# bin_2_2
6.749217511085986760e-06
6.428964965882901036e-06
6.014329239914019736e-06
5.518751055430100895e-06
4.961343641782114285e-06
4.367718108996535702e-06
3.766867192558275484e-06
3.186663779649504783e-06
2.650399952001315337e-06
2.174532175002751195e-06
1.768127979028071961e-06
1.433006687990519155e-06
1.164911639121445714e-06
9.559132536658499886e-07
7.954940426298448417e-07
6.713492365881846757e-07
5.759024163648583215e-07
4.987684238900376660e-07
4.326147835351145401e-07
3.734400115269642115e-07
