# bin_4_3
2.023291176284670596e-05
1.887168358535145022e-05
1.723145794395105506e-05
1.540275168703522378e-05
1.348392980628130864e-05
1.157498208839612889e-05
9.765835923654696889e-06
8.125099897026236297e-06
6.695856057436270959e-06
5.495837800487166629e-06
4.520592628774455260e-06
3.748673096938380392e-06
3.148076322317021412e-06
2.682209411977643590e-06
2.315102019237910687e-06
2.015300856618928386e-06
1.758244594239514172e-06
1.527064653438768527e-06
1.311527511665597024e-06
1.106486511836716298e-06
