# bin_4_2
1.082113507358316958e-05
1.023372135760406687e-05
9.481568340691542176e-06
8.600831557960801231e-06
7.636354499316645129e-06
6.639509080345147746e-06
5.661731038237203612e-06
4.747117972429684795e-06
3.928123232035891456e-06
3.223717938752808369e-06
2.639727720976220376e-06
2.170917797783809894e-06
1.803994768047713452e-06
1.520986048599265779e-06
1.302395012345997210e-06
1.129732752363087418e-06
9.874537155725701262e-07
8.636646300416948852e-07
7.505677077185042974e-07
6.439440203690728010e-07
