# bin_1_1
2.235264167038065814e-06
2.181446515395751845e-06
2.096804295075912361e-06
1.981661043724502693e-06
1.838046229552747976e-06
1.670654174415834250e-06
1.486625238871174183e-06
1.294622509134065705e-06
1.103713040931687740e-06
9.222584390840748523e-07
7.569763814115833615e-07
6.123671271536748890e-07
4.905788198266598398e-07
3.916460307749212620e-07
3.138781548752500262e-07
2.542214193545766954e-07
2.095342916210987659e-07
1.761152997630444806e-07
1.505151084123578629e-07
1.300952007814462188e-07
