# bin_4_4
2.886827526434515689e-05
2.656007275001920104e-05
2.393351687838616749e-05
2.112966540901453730e-05
1.828775118517420663e-05
1.553955422170497208e-05
1.299640820596725043e-05
1.073665609673615806e-05
8.802878343709296847e-06
7.204134386868943352e-06
5.921358017697674177e-06
4.915519518249998027e-06
4.136476412372166478e-06
3.530835891963062486e-06
3.048936406703269297e-06
2.649292089028221638e-06
2.301280183743205872e-06
1.984222310493454956e-06
1.687116651869308283e-06
1.406581260069138221e-06
