# bin_3_3
1.728336456436833162e-05
1.623585150921997278e-05
1.493483227903294834e-05
1.344728587976145986e-05
1.185118932991162076e-05
1.023084946119546313e-05
8.666400289963600175e-06
7.222959261231657211e-06
5.945451079292084245e-06
4.857330781305123945e-06
3.962261575332519943e-06
3.247753866731591035e-06
2.690232566303271107e-06
2.260268651960943294e-06
1.927110877771114768e-06
1.662499790152085239e-06
1.443217601611981101e-06
1.252180998337054474e-06
1.078256378116319076e-06
9.153299068126397115e-07
