# bin_3_1
4.620661022916413343e-06
4.453253277072006290e-06
4.212102327344649608e-06
3.904819524521115384e-06
3.543846693865570826e-06
3.146885912714334255e-06
2.734858198070620148e-06
2.328741574055163099e-06
1.946969715889709956e-06
1.603537878759107066e-06
1.307034057991608261e-06
1.060626714334794623e-06
8.627808860032365510e-07
7.084945391547328696e-07
5.905851427690309567e-07
5.008891997678173011e-07
4.318713230678505652e-07
3.766170689003773868e-07
3.297270726657290868e-07
2.875999433935895947e-07
