# bin_2_1
3.361268259836435783e-06
3.273539966536738526e-06
3.132695836563089527e-06
2.941073990334220969e-06
2.704612883562177195e-06
2.433660982855501382e-06
2.142013441983418318e-06
1.844880064674453803e-06
1.556868886169720706e-06
1.290266678342430849e-06
1.053839113726342906e-06
8.524179936513647675e-07
6.871050174104390720e-07
5.558903635502962656e-07
4.545857221786318791e-07
3.777609330940081225e-07
3.196030184523096305e-07
2.747688459708002472e-07
2.386927848283580042e-07
2.079487183479774013e-07
