# bin_1_3
1.424291849085074658e-03
1.283156673303529173e-03
1.127208970633620990e-03
9.667733325975885576e-04
8.121115956600138443e-04
6.714763317316153283e-04
5.499084681128594502e-04
4.492227856794344786e-04
3.686824366351865081e-04
3.059326153433536617e-04
2.578122792370528640e-04
2.209347374908606941e-04
1.920974635889441298e-04
1.685622563562540991e-04
1.482127910545761424e-04
1.296060993796471631e-04
1.119271910151106172e-04
9.487896691270526609e-05
7.853963931302991206e-05
6.318884064905933473e-05
