# bin_3_2
1.752377668634884443e-04
1.422933414066545081e-04
1.131309752696474396e-04
8.849039563429357048e-05
6.862444062284220737e-05
5.337112974183964837e-05
4.223776377535711022e-05
3.453258428024649345e-05
2.946682842640310814e-05
2.624342189357220450e-05
2.413171820832633437e-05
2.252648378432989547e-05
2.099072345868471413e-05
1.926047401910171294e-05
1.723021947562710786e-05
1.493067134352193150e-05
1.247369487423457427e-05
1.001388724084267861e-05
7.624434403236681095e-06
5.678968771280165119e-06
