# bin_4_3
1.200380592468112923e-04
9.377595496668625677e-05
7.179533115135798939e-05
5.424102539919289895e-05
4.095109730850968085e-05
3.149502584560436610e-05
2.524233034469697734e-05
2.146516995430226114e-05
1.941303940275351954e-05
1.838113831949911994e-05
1.777104927514853983e-05
1.714192137872239669e-05
1.621899034684929662e-05
1.488524738114117672e-05
1.316854734827641016e-05
1.118743059748356746e-05
9.096947891276042393e-06
7.033583864917539760e-06
5.183984684019844890e-06
4.031671477865237016e-06
