# bin_5_2
2.388078898250778372e-05
1.956848083146041530e-05
1.595719413203076315e-05
1.303480300427588922e-05
1.075089023420432531e-05
9.024162117650113502e-06
7.751476229488853508e-06
6.822419027648800754e-06
6.129033699404443465e-06
5.575178850554644521e-06
5.083835639225250343e-06
4.601363490652068851e-06
4.097820383755793843e-06
3.567728090430953627e-06
3.022441575102191772e-06
2.478719588336055231e-06
1.964922690288989390e-06
1.476482954925191819e-06
1.127034716051973421e-06
8.647590254376418921e-07
