# bin_6_4
1.228353936139535364e-04
9.707325978584718242e-05
7.623699269442681602e-05
6.010322971369804542e-05
4.822206560846646113e-05
3.995192549406200008e-05
3.451408879888392446e-05
3.109411863628735550e-05
2.891501701448025182e-05
2.730385173315557851e-05
2.575121765893005862e-05
2.393656030268847840e-05
2.171363325415887169e-05
1.908693138221235865e-05
1.619938777419509390e-05
1.322358425931279876e-05
1.033853860370027321e-05
7.642773988129134401e-06
5.903954251845786001e-06
4.303347855762862018e-06
