# bin_3_1
5.901658144816896920e-05
4.843720476381814890e-05
3.898818196580712097e-05
3.091848868358458341e-05
2.432566364712007183e-05
1.917576065790036063e-05
1.532829337811149385e-05
1.257757636433548507e-05
1.068487748497916842e-05
9.406242358111694380e-06
8.516189055250674835e-06
7.825379071555587190e-06
7.194032211593059566e-06
6.534971585513475453e-06
5.808055701889252093e-06
5.016344194461465831e-06
4.189870204726934920e-06
3.370568936642743785e-06
2.575938017021043610e-06
1.934504931897265454e-06
