# bin_3_3
4.645069111487602287e-04
3.821156917047010410e-04
3.096639019722131252e-04
2.487511166883594050e-04
1.996902799170286098e-04
1.617799025780236025e-04
1.335723416368751358e-04
1.132306580212482467e-04
9.878638367774360089e-05
8.834550269638418894e-05
8.025371177499646493e-05
7.321089183246819816e-05
6.633110932785734020e-05
5.913432281461246387e-05
5.148815103208938791e-05
4.355517348059084667e-05
3.563052351109876562e-05
2.809661830635278306e-05
2.101842442211533294e-05
1.542336289386870044e-05
