# bin_6_2
2.167640563622009580e-05
1.805505812708891599e-05
1.495949172731069999e-05
1.239068662219214410e-05
1.032336058916916285e-05
8.707068377308672347e-06
7.470083175902123456e-06
6.530353834485726185e-06
5.803927871965210578e-06
5.213496977818362236e-06
4.695569949881860115e-06
4.205545897226719970e-06
3.717685806846421356e-06
3.221888353288796321e-06
2.725931001657302368e-06
2.242688443869614677e-06
1.786306515973191487e-06
1.361799473190404032e-06
1.075512789682326364e-06
8.079741544483165218e-07
