# bin_5_3
6.702756177282119413e-05
5.062267516642950983e-05
3.722607619006258587e-05
2.683448228976924221e-05
1.927198558531043927e-05
1.420614669910536361e-05
1.118284745646845675e-05
9.690551575787804392e-06
9.209087369327863455e-06
9.256568726843442243e-06
9.435578595032827068e-06
9.466845777609403861e-06
9.187235324268115279e-06
8.555120254158038177e-06
7.612173940103549415e-06
6.460285170143107060e-06
5.222810749875294331e-06
3.980742337682083878e-06
3.025597058211039115e-06
2.310284287186002505e-06
