# bin_4_1
1.612067504169542852e-05
1.346710126774613674e-05
1.119112414327457029e-05
9.301305297696106333e-06
7.778221032761726964e-06
6.580782604955336015e-06
5.653629460407608450e-06
4.936847860316760119e-06
4.371856813899883098e-06
3.906353713574274473e-06
3.497960548788176273e-06
3.116019131420705962e-06
2.742895449620950469e-06
2.371045588164125792e-06
2.002010054503222170e-06
1.646249007976417242e-06
1.311274188094233487e-06
1.003724900960165769e-06
7.390039427346998009e-07
5.834116384597404402e-07
