# bin_1_4
1.612601678000168560e-03
1.450788644453286907e-03
1.272828275918690610e-03
1.090504212360826359e-03
9.153839461610354528e-04
7.566424868420267317e-04
6.197707804340702982e-04
5.066295847162373195e-04
4.162466152455233091e-04
3.458726499625500877e-04
2.918877849613381228e-04
2.504483432512694878e-04
2.179432309226923283e-04
1.913033058544604459e-04
1.681720064055222869e-04
1.469568505713157800e-04
1.267723344558771223e-04
1.073120688295975715e-04
8.868511068498512563e-05
7.121397690106032771e-05
