# bin_3_4
7.300023859228838138e-04
6.099230688699298951e-04
5.044361254521251758e-04
4.155908366570781691e-04
3.435024773548027454e-04
2.868645496459333241e-04
2.434006115399509832e-04
2.104140377653921810e-04
1.851557562072475354e-04
1.650957336614715040e-04
1.481259218792044935e-04
1.326671904302460846e-04
1.177004556000637941e-04
1.027521660094686177e-04
8.774400839258359006e-05
7.296207067938929956e-05
5.883957014447122307e-05
4.584100647766915353e-05
3.385718649961054586e-05
2.472080714634461112e-05
