# bin_4_4
2.226492724423970680e-04
1.830449058156580948e-04
1.498308262113901500e-04
1.229917309061643975e-04
1.020580857765282051e-04
8.622568017906775452e-05
7.448782046111614076e-05
6.579677841308360247e-05
5.916030965620776907e-05
5.372051498462709343e-05
4.881085545081465898e-05
4.398205478395649865e-05
3.900357599999172085e-05
3.381815771343032182e-05
2.852028792564293067e-05
2.332136236217519741e-05
1.839082570845589583e-05
1.386847947664819954e-05
9.971084662355385138e-06
7.780690437089115313e-06
