# bin_1_1
4.808065198556929617e-04
4.325787597759224380e-04
3.788340215239521477e-04
3.228522283713018410e-04
2.681319858000734196e-04
2.177361576317654731e-04
1.737884781280241760e-04
1.373228395554434197e-04
1.084006194723806783e-04
8.638869507743761019e-05
7.024397683170936367e-05
5.873432720046870887e-05
5.060485805759940497e-05
4.470618822571511327e-05
4.008678710010395450e-05
3.604312440718138855e-05
3.212919078403459052e-05
2.813162984953182267e-05
2.402263210973320663e-05
1.989825746461671918e-05
