# bin_5_1
1.217981329665288685e-05
1.033597776244956806e-05
8.776263873487154767e-06
7.485443054078100725e-06
6.435313462873849114e-06
5.589254247518100988e-06
4.905998448001127823e-06
4.344983458960317500e-06
3.869238178376187182e-06
3.448123779242952381e-06
3.058673011963293800e-06
2.685806054643974076e-06
2.322211763238774753e-06
1.968534966453862568e-06
1.630997740074703211e-06
1.313950877516078581e-06
1.028667758051839825e-06
7.637512561148668757e-07
5.847757347767322395e-07
4.497975343991423784e-07
