# bin_1_2
9.245807614679962295e-04
8.335766491507475224e-04
7.323465064024518032e-04
6.274287592978003859e-04
5.255463476297789118e-04
4.323233228001415168e-04
3.514006492720980301e-04
2.842978927703539334e-04
2.307699765948703467e-04
1.893989140475671462e-04
1.581407523277241259e-04
1.347271785806297619e-04
1.169545077407096437e-04
1.028919562028503943e-04
9.101144062503638960e-05
8.023983387049880313e-05
6.994504564520320213e-05
5.986948713536060607e-05
5.003582102568540375e-05
4.063476093178867320e-05
