# bin_6_3
4.730179334884495858e-05
3.660422610741254155e-05
2.775335787148666306e-05
2.077102619431408722e-05
1.557109076737899891e-05
1.196420959840909492e-05
9.676059728757549014e-06
8.388672433760493383e-06
7.773469842138499059e-06
7.523998142743551479e-06
7.388237922694916809e-06
7.188418514844779521e-06
6.819673290171807501e-06
6.251976427816080417e-06
5.513696421983749862e-06
4.664124072924503453e-06
3.776547100832405470e-06
2.907414564592981718e-06
2.259996997093085930e-06
1.700601111438258422e-06
