# bin_2_4
1.232506925118112074e-03
1.064021621306367313e-03
9.008986516674543938e-04
7.515812352350625209e-04
6.213522785548911045e-04
5.123178809333422045e-04
4.240534588307231720e-04
3.544980031740856347e-04
3.006323026017887912e-04
2.590440992989936106e-04
2.263825515460239830e-04
1.996948539508421841e-04
1.766314353435510407e-04
1.555272259952831463e-04
1.353958486935717600e-04
1.158251012044039303e-04
9.688660861930895615e-05
7.888748565055176158e-05
6.227400913027290668e-05
4.707478148379696246e-05
