# bin_5_4
1.514961362786042742e-04
1.212100854530186167e-04
9.654153375076291702e-05
7.725505955046742669e-05
6.282825492259372444e-05
5.251881003476952008e-05
4.544210322176713528e-05
4.068748253734173390e-05
3.739559575851909986e-05
3.482718022435268450e-05
3.241760651304338638e-05
2.979976858911462134e-05
2.679718377401267803e-05
2.342538003931097154e-05
1.981470024759215390e-05
1.613945260295770206e-05
1.263642472315559386e-05
9.311472201936348312e-06
6.985619576689303922e-06
5.290270498085303321e-06
