# bin_4_2
3.922051355369698478e-05
3.176459140380158473e-05
2.542584305922244374e-05
2.025007520831396309e-05
1.619822864977526070e-05
1.315976794726075366e-05
1.097224647088261931e-05
9.449746276820815657e-06
8.402285236964392138e-06
7.653173320486238038e-06
7.053260026651483881e-06
6.491713712319847912e-06
5.900040812379738076e-06
5.247093262990310725e-06
4.536211859698704567e-06
3.797204175537666279e-06
3.062919820384153836e-06
2.363356052345080303e-06
1.744791630451593212e-06
1.365935432288465448e-06
