# bin_6_1
1.195821686472429141e-05
1.027491005351644745e-05
8.820329302159295404e-06
7.583675414634098060e-06
6.546762992866619897e-06
5.685246028044236191e-06
4.969753248289023807e-06
4.369731530923562889e-06
3.855912961633936091e-06
3.402786365365306928e-06
2.990084997382740803e-06
2.604575487175175871e-06
2.239570692081473669e-06
1.891954471496746882e-06
1.565791311448020539e-06
1.265572108575377880e-06
9.938363101765135325e-07
7.474200815534200218e-07
5.951139217793355552e-07
4.458337544697018729e-07
