# bin_2_2
4.934200810577836971e-04
4.245487421137464465e-04
3.569050717383101426e-04
2.940519620858181109e-04
2.385284316331027176e-04
1.916781009672301585e-04
1.537694637193486708e-04
1.242781730242338751e-04
1.021314245178374565e-04
8.594192632168694084e-05
7.421901237518184111e-05
6.554232054398397846e-05
5.869460972932255739e-05
5.274528322330578089e-05
4.707455426979244750e-05
4.136001726519799633e-05
3.553185737148970437e-05
2.968905343674265406e-05
2.402836468981354244e-05
1.868263654551176415e-05
