# bin_2_3
9.652203698362989874e-04
8.346605058165698166e-04
7.074434029392728590e-04
5.902923893163494144e-04
4.875779702102129480e-04
4.012114282094278819e-04
3.310878827447620359e-04
2.757604194756707811e-04
2.329661408117821345e-04
2.000742123681147479e-04
1.744523832165483272e-04
1.537438577261970559e-04
1.360447584973407151e-04
1.199802995148562895e-04
1.047110555291674806e-04
8.986232112338058699e-05
7.544603303741833700e-05
6.168330475568975827e-05
4.891754348180664993e-05
3.720404763886670625e-05
