# bin_2_1
2.044484665612366985e-04
1.764665951093154651e-04
1.485820376313646803e-04
1.222450675084958563e-04
9.858331893039535946e-05
7.829653146599555849e-05
6.166018075239346977e-05
4.860545286891715757e-05
3.879800743283887354e-05
3.172555955887674433e-05
2.678616975335726595e-05
2.336715678463282129e-05
2.091081113952636368e-05
1.896323586371611230e-05
1.719667513330461458e-05
1.541347093131080647e-05
1.353410184578563276e-05
1.156718198412607477e-05
9.578482166389706056e-06
7.633616717853722425e-06
