# theta_edges
# unit = radians
7.272205216643039781e-04
9.155163947014028627e-04
1.152566854203774822e-03
1.450995701548795465e-03
1.826695361083883855e-03
2.299673209675022912e-03
2.895117042482143240e-03
3.644736414899143670e-03
4.588451292008100327e-03
5.776517932288775803e-03
7.272205216643038046e-03
9.155163947014027109e-03
1.152566854203775082e-02
1.450995701548795334e-02
1.826695361083883681e-02
2.299673209675023172e-02
2.895117042482142633e-02
3.644736414899142629e-02
4.588451292008099980e-02
5.776517932288774415e-02
7.272205216643036485e-02
