# theta
# unit = radians
8.249656395543376441e-04
1.038570207491983392e-03
1.307482426143998563e-03
1.646022851746970720e-03
2.072219996458163956e-03
2.608770412369202426e-03
3.284247365668337311e-03
4.134622467257920847e-03
5.205181292206090618e-03
6.552935001753851588e-03
8.249656395543376874e-03
1.038570207491983262e-02
1.307482426143998303e-02
1.646022851746970633e-02
2.072219996458164043e-02
2.608770412369201819e-02
3.284247365668336444e-02
4.134622467257919459e-02
5.205181292206090271e-02
6.552935001753849853e-02
