# bin_4_3
3.674814600536225486e-12
3.774895391155635217e-12
3.891717653089674844e-12
4.028058272842902711e-12
4.187146538927563494e-12
4.372736332519894611e-12
4.589185436352890270e-12
4.841548779551496095e-12
5.135684839527198497e-12
5.478368893913594129e-12
5.877427381028423266e-12
6.341878868575043209e-12
6.882086595229716320e-12
7.509919189610521352e-12
8.238911141714715371e-12
9.084410740910361948e-12
1.006370192688852354e-11
1.119607182381495453e-11
1.250278289979486832e-11
1.400689036971593563e-11
1.573281558976063199e-11
1.770555870450310137e-11
1.994944826612932015e-11
2.248618129555905526e-11
2.533204097979710888e-11
2.849421548523048696e-11
3.196617211877293276e-11
3.572214969819086940e-11
3.970999683294516512e-11
4.384798606161458656e-11
4.801434648629292828e-11
5.210651952579968466e-11
5.594858500941967629e-11
5.935065076731577544e-11
6.211398854430343607e-11
6.403378415783246920e-11
6.490948883757785964e-11
6.453454629997716185e-11
6.277624380311557423e-11
5.968437133056364590e-11
5.546992913455609491e-11
5.056601331121531099e-11
4.564258501879064479e-11
4.147038374547875052e-11
3.864480275332039048e-11
3.728610257907364914e-11
3.690115213989649709e-11
3.669320271133818600e-11
3.624669040265962472e-11
3.587734367881374406e-11
3.589356108637789497e-11
3.588017058334233832e-11
3.537369898350986938e-11
3.442712320778208719e-11
3.307376022861931297e-11
3.127016176205316245e-11
2.909729804498843347e-11
2.664145729768688869e-11
2.401005687951324383e-11
2.130666781634271487e-11
1.862828595210033968e-11
1.605661531758126672e-11
1.365282677013887790e-11
1.146035722065322108e-11
9.503780614507394954e-12
7.791247875262594637e-12
6.318213638704089492e-12
5.071490207532110310e-12
4.031495967011986735e-12
3.175563242956643628e-12
2.479717026569921916e-12
1.920428319130510519e-12
1.475633241098260398e-12
1.125381646014022959e-12
8.521237594937600506e-13
6.408041165217562852e-13
4.787412030190943512e-13
3.554357298970480195e-13
2.623304695798820479e-13
1.925314060837394156e-13
1.405612170397442367e-13
1.021109742921019983e-13
7.383016165504592700e-14
5.314780568831642104e-14
3.809890319609008202e-14
2.720553731639445798e-14
1.935278464433882770e-14
1.371522239798119214e-14
9.687259806521930011e-15
6.819063946675499634e-15
4.788145995463896996e-15
3.343364272466050561e-15
2.326237606817673721e-15
1.613078171476911804e-15
1.119678038815425600e-15
7.721737534375650289e-16
5.324008870616532380e-16
3.600088676349644998e-16
2.440826393707528047e-16
1.724818017884085038e-16
