# bin_2_2
3.306981592233654771e-12
3.394480163447814873e-12
3.496521055301640389e-12
3.615439494143267535e-12
3.754049851657964042e-12
3.915509012187637112e-12
4.103439671792193530e-12
4.321940561994934727e-12
4.575639740613416473e-12
4.870087376375848141e-12
5.211873723769635699e-12
5.608553399231800345e-12
6.067887056198818628e-12
6.598916400039694833e-12
7.212411842820422683e-12
7.919581579589810514e-12
8.732699118319623173e-12
9.664942466767956329e-12
1.072977002608222714e-11
1.194048251852847440e-11
1.330944400740132068e-11
1.484666089767570062e-11
1.655831650668168031e-11
1.844496024502988078e-11
2.049886633932299195e-11
2.270242544097162010e-11
2.502831510451034742e-11
2.743907494125192703e-11
2.988709633940770554e-11
3.231334983865353380e-11
3.464504393001761198e-11
3.680440388193172990e-11
3.870933954973531803e-11
4.027888928154784038e-11
4.144211064951504252e-11
4.215329545038012052e-11
4.242764930928883687e-11
4.233433705320212464e-11
4.200539898438141372e-11
4.161353737005684269e-11
4.131322711554924018e-11
4.117850160497843296e-11
4.107432161380451384e-11
4.079989633654888382e-11
4.015120888359369478e-11
3.901944313463375797e-11
3.747789592452319071e-11
3.574005742679285663e-11
3.400987153104097436e-11
3.242706637736314697e-11
3.100246695778551473e-11
2.948151025106578567e-11
2.750097265816322535e-11
2.499680315285250213e-11
2.253931742640436836e-11
2.047830300187500782e-11
1.832403858067882788e-11
1.605551510055694764e-11
1.410835287584650970e-11
1.217505802502073737e-11
1.045705065746854643e-11
8.871051001594377728e-12
7.462692759537587498e-12
6.219712113061828875e-12
5.137725447050086486e-12
4.205810118575338165e-12
3.413063572672946706e-12
2.746552068748430485e-12
2.191868189643845952e-12
1.735372291850130536e-12
1.363474409909491423e-12
1.063175451285822695e-12
8.232829195630817577e-13
6.331472825408835326e-13
4.838100484315827234e-13
3.674751261653085384e-13
2.774969909079705495e-13
2.084189881670256229e-13
1.557394929603819008e-13
1.158018382187939482e-13
8.571113761778744266e-14
6.315592566274720249e-14
4.633525383793698733e-14
3.385131270515904553e-14
2.462649763391969773e-14
1.784185959252706626e-14
1.287183039047334956e-14
9.248001704046799730e-15
6.615263033855646404e-15
4.711070995922284174e-15
3.342532635081538854e-15
2.361324240408944611e-15
1.662471672731370801e-15
1.165210520244438768e-15
8.136294619248033211e-16
5.662623884286548667e-16
3.931093916068940872e-16
2.717194767808747449e-16
1.872174809616020161e-16
1.340251323035361582e-16
