# bin_4_4
7.073130012881675776e-12
7.265961835128117877e-12
7.491070544384933840e-12
7.753817385457504750e-12
8.060440874571203014e-12
8.418195735181358802e-12
8.835511197036016852e-12
9.322177433902071602e-12
9.889548906665665908e-12
1.055078062938109018e-11
1.132109445652050596e-11
1.221806740182902555e-11
1.326195760413464330e-11
1.447604632735056558e-11
1.588699426231297557e-11
1.752519972718080062e-11
1.942512789675285045e-11
2.162557729121661829e-11
2.416982019820240588e-11
2.710553066938827415e-11
3.048434908525169374e-11
3.436089273071366826e-11
3.879095518547864865e-11
4.382859564556513656e-11
4.952163067527941184e-11
5.590521804191487945e-11
6.299343375036171082e-11
7.076885622343964622e-11
7.917038810401407243e-11
8.808151977704754703e-11
9.729297180739271731e-11
1.065751533753963745e-10
1.156485403576010548e-10
1.241315982796958410e-10
1.315983074070763898e-10
1.376030014381495465e-10
1.416882118386057203e-10
1.433952815903090692e-10
1.422266156412504704e-10
1.379211881317704027e-10
1.305887239813137040e-10
1.207117760369969778e-10
1.092990588145916335e-10
9.790146398234854515e-11
8.826207922754170129e-11
8.165738629001731210e-11
7.819882894714369013e-11
7.654880753815631313e-11
7.487884203186609386e-11
7.265602852405843431e-11
7.096773306044138122e-11
7.032127309625324410e-11
6.957671782769035483e-11
6.791277472118779549e-11
6.558785209018026821e-11
6.260356261586926997e-11
5.883045422681277764e-11
5.446343208476237578e-11
4.964383755236071171e-11
4.455914938870080904e-11
3.939846627884928671e-11
3.433408561480766292e-11
2.950628911402867639e-11
2.502129389556196774e-11
2.095169876327563749e-11
1.733598217088186178e-11
1.418291628683095325e-11
1.148019250484524599e-11
9.199302081614465532e-12
7.301758404806440047e-12
5.743691650270057787e-12
4.479680011301308017e-12
3.465598996965625171e-12
2.660439747456163726e-12
2.027302833993772101e-12
1.533955159606438705e-12
1.152825817923168613e-12
8.607818293954634300e-13
6.387391590928493009e-13
4.711763518437801640e-13
3.456231482450327273e-13
2.521869556132457335e-13
1.830884588235840812e-13
1.322958022398358414e-13
9.516991139100200961e-14
6.817568146775928400e-14
4.864969355290801863e-14
3.458017440839868927e-14
2.448898477581890914e-14
1.728300976994008682e-14
1.216312588912800030e-14
8.528623122759422391e-15
5.951927931222883538e-15
4.137753336801615550e-15
2.867557437995065109e-15
1.991376758790330927e-15
1.372952801183250577e-15
9.405612527926557746e-16
6.336103478394977208e-16
4.399209176728166360e-16
