# bin_1_1
4.666415682843928929e-12
4.781091573958989440e-12
4.914223083306316475e-12
5.068616812358250851e-12
5.247358462924981296e-12
5.454118390912041738e-12
5.692912337196540997e-12
5.967988311959828173e-12
6.283288910034216353e-12
6.645193265366605465e-12
7.058125131484697305e-12
7.529594501735018404e-12
8.063669239104660590e-12
8.666392871691297174e-12
9.343258524146378558e-12
1.009802519863730395e-11
1.093279423368530063e-11
1.184723379221996807e-11
1.283880668585701171e-11
1.389966506345274592e-11
1.501863642094573000e-11
1.617860907520698431e-11
1.735641449014992047e-11
1.852518591411938115e-11
1.965458474194891858e-11
2.070926079796243303e-11
2.165604659162171220e-11
2.246362495353096866e-11
2.310333794991713897e-11
2.355267399051101491e-11
2.379949676404189482e-11
2.385214604564182127e-11
2.374132008681568102e-11
2.352363924106690063e-11
2.327604392594173148e-11
2.308910293522749324e-11
2.304714441666611899e-11
2.320660382962329003e-11
2.357732688026286544e-11
2.413340207679594979e-11
2.480123874598515645e-11
2.546639024209670187e-11
2.599956283440209951e-11
2.629029256482788104e-11
2.626465568019171673e-11
2.589450809553759507e-11
2.517651880723212164e-11
2.414910517039766393e-11
2.286725125386297450e-11
2.139375939011585283e-11
1.978511365249983552e-11
1.805169420088669945e-11
1.620479706720304452e-11
1.431197503497909613e-11
1.250443469806890622e-11
1.084003275270075700e-11
9.271661644931641678e-12
7.833211153737698961e-12
6.570522959713327724e-12
5.447409985037356596e-12
4.481162122195206517e-12
3.652193784225569373e-12
2.952509225200384367e-12
2.367969582662671830e-12
1.884772727159822917e-12
1.489137203183913753e-12
1.168204625239235390e-12
9.102005021156620256e-13
7.045020712582237234e-13
5.418418697229346528e-13
4.142094199954351964e-13
3.147816279237074644e-13
2.378968576892717777e-13
1.788306706144512810e-13
1.337494425768849908e-13
9.955183579742078464e-14
7.375715421225773162e-14
5.440672642198205830e-14
3.996568840793365526e-14
2.923881370128464977e-14
2.130823339620875235e-14
1.547017450802196073e-14
1.118966262809480309e-14
8.063711624868567034e-15
5.789414703533989845e-15
4.141773823492420892e-15
2.951129064051455567e-15
2.095520828730898353e-15
1.482278181414339281e-15
1.045058219468786973e-15
7.348971104397762462e-16
5.152504677930065620e-16
3.606692799368310094e-16
2.523176533151025649e-16
1.779251858539302382e-16
1.266413998930783030e-16
9.253696734413720711e-17
6.985870669691560104e-17
5.564114707828683574e-17
4.710897370786694171e-17
