# bin_3_2
1.716467521422751257e-12
1.762843373707930674e-12
1.816959465853059470e-12
1.880087490345160502e-12
1.953717573383942824e-12
2.039561701534202757e-12
2.139609928095748045e-12
2.256151855923415014e-12
2.391826179514799575e-12
2.549690715716728315e-12
2.733286612218146307e-12
2.946664372285546628e-12
3.194382329451691879e-12
3.481631745049773752e-12
3.814327377775461227e-12
4.199015902127133387e-12
4.642945196937638612e-12
5.154017945676964199e-12
5.740641543518575974e-12
6.411500666810189647e-12
7.175197031444296228e-12
8.039658443883174267e-12
9.011343571616760910e-12
1.009406892367806502e-11
1.128750718845691693e-11
1.258572862957527566e-11
1.397504669880127315e-11
1.543174157885402182e-11
1.692078515803758544e-11
1.840437579314209917e-11
1.983232534636364689e-11
2.114396905603726119e-11
2.227183071645309214e-11
2.314727184258784702e-11
2.370335123758561549e-11
2.387528229793722455e-11
2.361364640728338467e-11
2.291131837340008167e-11
2.181579938420822430e-11
2.043862508226649543e-11
1.895898450616647337e-11
1.760340376310215118e-11
1.657955156895232711e-11
1.599912926818670584e-11
1.581301535168022894e-11
1.583499704542981358e-11
1.588256177204821643e-11
1.590665013366219413e-11
1.594344244243695878e-11
1.597870087201980382e-11
1.592390429899419693e-11
1.567372281250005573e-11
1.519074689942144805e-11
1.448611273108470253e-11
1.360286311012014952e-11
1.259320379030827037e-11
1.147052071395303957e-11
1.027819349408137716e-11
9.083797321548653313e-12
7.908279459061297099e-12
6.793854282672018008e-12
5.759238930644895161e-12
4.822378311282385424e-12
3.990720043805253492e-12
3.265969547447549447e-12
2.644760181020427123e-12
2.120418186697571929e-12
1.684029319539872924e-12
1.325476579440924868e-12
1.034404209439892502e-12
8.007197194990254583e-13
6.150351282543773156e-13
4.689411608616557903e-13
3.550372468798329742e-13
2.670061258347753614e-13
1.995300215344481126e-13
1.482098137877174064e-13
1.094651110981425917e-13
8.041668384985355773e-14
5.877867789261564782e-14
4.275834521791005224e-14
3.096438699374699660e-14
2.232770535106460500e-14
1.603497372765056518e-14
1.147115316226891036e-14
8.175091424186173838e-15
5.805006834059149867e-15
4.107739374631128720e-15
2.897416903349908306e-15
2.035856446182641101e-15
1.424663960102714460e-15
9.927862350912719891e-16
6.905245943520919606e-16
4.792308383444599660e-16
3.311981826150043529e-16
2.274432491354624952e-16
1.552749128240514230e-16
1.069488483276508504e-16
7.269504082684851062e-17
4.981098987119541662e-17
