# bin_4_1
4.251829402748134036e-13
4.363426097957240610e-13
4.493446330320380768e-13
4.644804191581709155e-13
4.820848302404689397e-13
5.025497243301799543e-13
5.263006524534619848e-13
5.538725402055532855e-13
5.858255959351880454e-13
6.227846218013419901e-13
6.655206941589951445e-13
7.147942763489498969e-13
7.715304896875513506e-13
8.367167436084919665e-13
9.113972484126246140e-13
9.967007231087331150e-13
1.093816815675046000e-12
1.203938156302550772e-12
1.328235539619394907e-12
1.467771305674903549e-12
1.623408127009391723e-12
1.795799461618672353e-12
1.985192318808663454e-12
2.191242546543314930e-12
2.412893613699427131e-12
2.648221024217353031e-12
2.894442966120257357e-12
3.147651937618948138e-12
3.403114994798311154e-12
3.655079692833888825e-12
3.896592637502813108e-12
4.119834468837275007e-12
4.317155319012866203e-12
4.481349491323535138e-12
4.606447986078555625e-12
4.688050847204132445e-12
4.725620924554289339e-12
4.722364800930654958e-12
4.685448961803812606e-12
4.624835745784772297e-12
4.551566203050709135e-12
4.473336571783649999e-12
4.387513781246385643e-12
4.286818373041538399e-12
4.161929673288947855e-12
4.012047921888256060e-12
3.850355960578144252e-12
3.696574414679648775e-12
3.558065817224092708e-12
3.423251027671681666e-12
3.274914418898664463e-12
3.101171263480040726e-12
2.899545896950666279e-12
2.675182964510475414e-12
2.450288162941928313e-12
2.234436052398721248e-12
2.007987708893648536e-12
1.781744397958177112e-12
1.569903388544084839e-12
1.364481998983111089e-12
1.175137162589896677e-12
1.000674053977485184e-12
8.434300333301819194e-13
7.037243227258412145e-13
5.813820154309627799e-13
4.757124430508893995e-13
3.856408163678771826e-13
3.098362711277801859e-13
2.467944015425065720e-13
1.949554199400693923e-13
1.527894836104469446e-13
1.188343409011439189e-13
9.175917477522993359e-14
7.036486497754285051e-14
5.360522664194485074e-14
4.058329515408220123e-14
3.054250875784257705e-14
2.285592753236145775e-14
1.701164616566072242e-14
1.259613226643220953e-14
9.280386850156920893e-15
6.804688747929975310e-15
4.966301622617543788e-15
3.608286595095020592e-15
2.610058939095756205e-15
1.879968555979411757e-15
1.348465431057470838e-15
9.633398890000754259e-16
6.854200479485900868e-16
4.856631728977054164e-16
3.428806760312951562e-16
2.411722954742045670e-16
1.692228938240288158e-16
1.181848428640990173e-16
8.231037783017068779e-17
5.711002954036881270e-17
3.969132657317093905e-17
2.757681616015056372e-17
1.924182940968404738e-17
1.364181985685142693e-17
