# bin_2_1
2.304526460884406054e-12
2.362943920204689667e-12
2.430939391692448400e-12
2.509988159912060885e-12
2.601862315081300814e-12
2.708571639574788065e-12
2.832327032055740571e-12
2.975565345429154783e-12
3.140872697098552191e-12
3.331651627416410225e-12
3.551568362510485408e-12
3.805143648071626076e-12
4.096163356796827682e-12
4.429199853082132784e-12
4.809700363751409763e-12
5.242578293850110753e-12
5.732696849275622628e-12
6.284646212470888452e-12
6.902043615226870367e-12
7.587082991470087002e-12
8.340143645886835650e-12
9.158296267339884378e-12
1.003459287212227015e-11
1.095758417323160966e-11
1.191026132840218309e-11
1.286931925397388179e-11
1.380775473371722745e-11
1.469306348483011906e-11
1.548897350666783344e-11
1.615578640078552079e-11
1.665405062161302180e-11
1.695075303332265307e-11
1.702094688904066823e-11
1.685542949905773336e-11
1.646729867835020544e-11
1.589971088259181844e-11
1.522605381764825895e-11
1.454675903696378133e-11
1.397533207646548694e-11
1.361658062424504914e-11
1.352886166653019431e-11
1.369801807418310334e-11
1.404236218799767152e-11
1.444690397272341764e-11
1.481725414618033203e-11
1.509822182362153108e-11
1.526141801236483662e-11
1.527965269455801204e-11
1.510931328119931019e-11
1.471914409054343755e-11
1.410862914237648592e-11
1.329811499210254422e-11
1.232950255271841254e-11
1.125554278117706483e-11
1.012541120200071610e-11
8.970310260614104260e-12
7.828861276935768790e-12
6.745358603781785999e-12
5.733612837334376736e-12
4.814331449429544437e-12
3.994472927499749621e-12
3.277904901597627862e-12
2.661266305081243188e-12
2.139036874642876438e-12
1.702929242944555762e-12
1.343518192099074404e-12
1.050856962267106744e-12
8.152239831986829417e-13
6.275113100603637353e-13
4.794371109942232876e-13
3.637182498812681677e-13
2.740869680607250605e-13
2.052274680310235406e-13
1.527469419654631527e-13
1.130407311587938045e-13
8.320674892761778797e-14
6.093694581787053099e-14
4.441321392867882583e-14
3.222267303533595032e-14
2.327695065935681921e-14
1.674514420999090898e-14
1.199855013220764782e-14
8.564384370802754072e-15
6.090408709928297013e-15
4.315419943089622084e-15
3.047176113110081216e-15
2.143994583239964466e-15
1.503039110945752152e-15
1.049569751291452135e-15
7.305422302377993857e-16
5.072400728530881473e-16
3.511505351691668813e-16
2.423536577174174274e-16
1.664681408091181737e-16
1.144974217657215468e-16
7.878232756210669390e-17
5.511438289304479696e-17
3.888399433634396516e-17
2.917861949118661661e-17
2.382915552153523601e-17
