# bin_4_2
1.196743275659574232e-12
1.229205250920758907e-12
1.267089139071012593e-12
1.311289529531101816e-12
1.362845232362611105e-12
1.422964011039370009e-12
1.493040107037491017e-12
1.574699343118116780e-12
1.669809234700742547e-12
1.780523993208612565e-12
1.909333979420172663e-12
2.059080519299635510e-12
2.233025383427278098e-12
2.434877908228120468e-12
2.668831964895139804e-12
2.939603312890322629e-12
3.252442749893369427e-12
3.613120096250987156e-12
4.027874352642370678e-12
4.503299931020687366e-12
5.046147604593434601e-12
5.663021733430303324e-12
6.359906090910421108e-12
7.141485501891783391e-12
8.010270682662150126e-12
8.965533208485401988e-12
1.000203543026859024e-11
1.110894179784205779e-11
1.226870623758816904e-11
1.345805132095572330e-11
1.464305326921853073e-11
1.578456926535664890e-11
1.683752393612886996e-11
1.775120920489143258e-11
1.847166480301767768e-11
1.894667475295123624e-11
1.913271969384903883e-11
1.900171921038265097e-11
1.854664651682393877e-11
1.779349953488921624e-11
1.681366643321975569e-11
1.571163771247771114e-11
1.460885265657162383e-11
1.362599835565575793e-11
1.285394476316042776e-11
1.233099395442723018e-11
1.203425835999397709e-11
1.188054226445248337e-11
1.175134014108076790e-11
1.157212057700827063e-11
1.135942079925227572e-11
1.113435236459793305e-11
1.083917502737733265e-11
1.040760482577477638e-11
9.866071213498073056e-12
9.241326346755998048e-12
8.525342563663055893e-12
7.750264620759596703e-12
6.947853233735204952e-12
6.138621223048403710e-12
5.350231385489632343e-12
4.600929428273320833e-12
3.906370032905447568e-12
3.276301323181803338e-12
2.716006383252292441e-12
2.226759610043353021e-12
1.806545284939544523e-12
1.451084044802843627e-12
1.154596175133713626e-12
9.104758955186803992e-13
7.118815920245536509e-13
5.521114802192776269e-13
4.249080443009846683e-13
3.246158080825657231e-13
2.462614733561883025e-13
1.855720640516105044e-13
1.389473272668942741e-13
1.034028715088229584e-13
7.650374911681138251e-14
5.628842445245606209e-14
4.119655526607625701e-14
3.000030003293189581e-14
2.174322019517239046e-14
1.568775176872977601e-14
1.127025847431298629e-14
8.063727815345684550e-15
5.747248660659844975e-15
4.080981539149962163e-15
2.887236874867332257e-15
2.035229668267559492e-15
1.429869051711843028e-15
1.001066384402648859e-15
6.983055104003729626e-16
4.851986740786750679e-16
3.362299672369978650e-16
2.321550551301505740e-16
1.601058045671955747e-16
1.097880193590644347e-16
7.461323626912713083e-17
5.125806493756298760e-17
