# bin_3_3
5.164305141106474204e-12
5.304840703849662869e-12
5.468876044118174492e-12
5.660304790778233050e-12
5.883655433172081766e-12
6.144186688567750828e-12
6.448002855169494338e-12
6.802178617657284123e-12
7.214904276709396128e-12
7.695648703576982905e-12
8.255337370880097652e-12
8.906541393480471124e-12
9.663673775995079614e-12
1.054320518686718817e-11
1.156387145631943421e-11
1.274683629497683640e-11
1.411582432713609498e-11
1.569714869738640014e-11
1.751957393370269622e-11
1.961391689464903963e-11
2.201226308007457727e-11
2.474663781441673339e-11
2.784693574406437453e-11
3.133779357503158992e-11
3.523435469050453596e-11
3.953688131066494889e-11
4.422421479684261947e-11
4.924582674345702815e-11
5.450864560793573277e-11
5.987921757098272869e-11
6.521177042040456939e-11
7.033173547509410995e-11
7.499036070215832986e-11
7.893662917904952508e-11
8.191062041522703882e-11
8.365188549946983815e-11
8.389492016674296825e-11
8.240793088066994659e-11
7.915928076297222881e-11
7.433678187134316023e-11
6.837913099337709748e-11
6.204680010084900334e-11
5.633303869908725840e-11
5.216171555340385535e-11
4.997742909312389043e-11
4.943397853935361858e-11
4.955137708008929372e-11
4.951820775935015400e-11
4.936343138889435854e-11
4.954915997638810930e-11
4.992652316847269458e-11
4.982104411317807997e-11
4.895613828794036752e-11
4.745497381656757168e-11
4.530251957416917388e-11
4.253443111444927775e-11
3.928701083200720520e-11
3.569351963358316869e-11
3.192153147859776153e-11
2.811225152213656604e-11
2.439795859510819156e-11
2.087939856871926533e-11
1.763230023107353854e-11
1.470449585429160106e-11
1.211856216920068565e-11
9.876177132154727774e-12
7.964040114543783685e-12
6.358393752825131656e-12
5.028754966237303781e-12
3.941786435691215173e-12
3.063661183269696740e-12
2.361994367899753663e-12
1.807064189486576599e-12
1.372376410165353205e-12
1.034953779120195018e-12
7.752812636398232046e-13
5.770685024280481586e-13
4.269436169736775621e-13
3.140776353625054800e-13
2.298104011850725789e-13
1.673066427240130625e-13
1.212223706057380692e-13
8.743870796602032454e-14
6.280328640787224771e-14
4.492887720008168595e-14
3.202054085195448267e-14
2.273325458776023844e-14
1.608365171389016326e-14
1.134167441008426016e-14
7.973639841349339440e-15
5.584706927660322711e-15
3.891216627166718462e-15
2.701838142269226314e-15
1.874124358922011096e-15
1.299782018141835004e-15
8.926069444864597163e-16
6.121382192851096434e-16
4.133666889960127365e-16
2.860754366789890087e-16
1.947835287223894122e-16
