# bin_3_1
6.348677403880990957e-13
6.514767834246884525e-13
6.708333669343264447e-13
6.933734717394764610e-13
7.196181927567843715e-13
7.501411368062395437e-13
7.856260550360806453e-13
8.268281985629964275e-13
8.746061075584458648e-13
9.299623642861809762e-13
9.940535782411451001e-13
1.068160354705851876e-12
1.153674786032808793e-12
1.252135497797047364e-12
1.365286624945451116e-12
1.494940439247986458e-12
1.643027512851316991e-12
1.811555665440941236e-12
2.002500435816369839e-12
2.217667375706924263e-12
2.458616359068049650e-12
2.726445982051470020e-12
3.021626929345940055e-12
3.343639360089830070e-12
3.690557722181114155e-12
4.059085584439613589e-12
4.444031632288559520e-12
4.837858158669633844e-12
5.231526238369758072e-12
5.615502412738475436e-12
5.977396504160842432e-12
6.303717185746460420e-12
6.581447482515450579e-12
6.798420508420845161e-12
6.944335906420846858e-12
7.010483026204902019e-12
6.995006863479182628e-12
6.905693694056362317e-12
6.759929223136318269e-12
6.584998361076988606e-12
6.415008086233180821e-12
6.282248597401711609e-12
6.196317517150222171e-12
6.144862378142967137e-12
6.090394800781207673e-12
5.990715903333292097e-12
5.835103385212744211e-12
5.652547121832296232e-12
5.472244689700328294e-12
5.298163225918479822e-12
5.115999627185489733e-12
4.893968871539774002e-12
4.603012609636843644e-12
4.240794552284082707e-12
3.865892081607632415e-12
3.516029724847001633e-12
3.149170927191428159e-12
2.770624561284040027e-12
2.426126791650917165e-12
2.090758497273133085e-12
1.786687249717543429e-12
1.508204639410870041e-12
1.260677582719450465e-12
1.043267776257897137e-12
8.551335988332741361e-13
6.943859856072380308e-13
5.588367270840046084e-13
4.459042729944379426e-13
3.528448445936962127e-13
2.770031724009145010e-13
2.158128653252319014e-13
1.668981517036208485e-13
1.281820696826265999e-13
9.778609193639388232e-14
7.412895382539040429e-14
5.586140375328301446e-14
4.185700889239845736e-14
3.119729078615856214e-14
2.313605911133238692e-14
1.707575735822309248e-14
1.254636619391450480e-14
9.178566306465956238e-15
6.686789271990070518e-15
4.851968704762094607e-15
3.506513376668330020e-15
2.524137343268214163e-15
1.809928851550393714e-15
1.292914745356043962e-15
9.200053846335928226e-16
6.518385506784028483e-16
4.600310159318247051e-16
3.232801282246812784e-16
2.268274922800356894e-16
1.584986385306345558e-16
1.102755732041934973e-16
7.644892521799733405e-17
5.296854007937274863e-17
3.688411857021275002e-17
2.553920948141213639e-17
1.828320724832205725e-17
