# d_a
# unit = Mpc
0.000000000000000000e+00
4.640325644719253262e+01
9.167837408613803518e+01
1.358570520086332465e+02
1.789698367258604321e+02
2.210461767190517435e+02
2.621144738334567705e+02
3.022021317248772903e+02
3.413356015526313172e+02
3.795404250985961312e+02
4.168412754789957262e+02
4.532619956035715063e+02
4.888256345257800604e+02
5.235544818174867032e+02
5.574701000922545973e+02
5.905933557926838375e+02
6.229444483492892459e+02
6.545429378110003427e+02
6.854077710405800872e+02
7.155573065619225872e+02
7.450093381403585227e+02
7.737811171716804211e+02
8.018893739505811027e+02
8.293503378845369980e+02
8.561797567148506687e+02
8.823929148025514451e+02
9.080046505331152957e+02
9.330293728905047601e+02
9.574810772478011813e+02
9.813733604186928687e+02
1.004719435011281917e+03
1.027532143123091146e+03
1.049823969413688474e+03
1.071607053589112638e+03
1.092893202330152462e+03
1.113693900694568811e+03
1.134020323021512468e+03
1.153883343364659822e+03
1.173293545478994247e+03
1.192261232384661980e+03
1.210796435529909104e+03
1.228908923573830407e+03
1.246608210808391959e+03
1.263903565238076908e+03
1.280804016334407606e+03
1.297318362481593113e+03
1.313455178128628631e+03
1.329222820662253298e+03
1.344629437014387122e+03
1.359682970016861645e+03
1.374391164515542414e+03
1.388761573255259009e+03
1.402801562546337664e+03
1.416518317722876191e+03
1.429918848402410504e+03
1.443009993556041991e+03
1.455798426397607045e+03
1.468290659100026915e+03
1.480493047346509684e+03
1.492411794723873982e+03
1.504052956964900204e+03
1.515422446046196001e+03
1.526526034147791734e+03
1.537369357480296685e+03
1.547957919985183935e+03
1.558297096913463065e+03
1.568392138287760872e+03
1.578248172252532186e+03
1.587870208316935987e+03
1.597263140494643494e+03
1.606431750344666170e+03
1.615380709917077866e+03
1.624114584607307279e+03
1.632637835922529121e+03
1.640954824163476815e+03
1.649069811024884984e+03
1.656986962117569647e+03
1.664710349415072869e+03
1.672243953627601968e+03
1.679591666505929879e+03
1.686757293077741679e+03
1.693744553818865370e+03
1.700557086761654091e+03
1.707198449542738899e+03
1.713672121392243071e+03
1.719981505066467207e+03
1.726129928725981017e+03
1.732120647760953489e+03
1.737956846565496789e+03
1.743641640262707369e+03
1.749178076382045447e+03
1.754569136490593110e+03
1.759817737779689196e+03
1.764926734608394781e+03
1.769898920005136915e+03
1.774737027128888712e+03
1.779443730691128849e+03
1.784021648339831927e+03
1.788473342006646362e+03
1.792801319218410299e+03
1.797008034374084218e+03
1.801095889988158433e+03
1.805067237901545695e+03
1.808924380460938210e+03
1.812669571667559239e+03
1.816305018296232902e+03
1.819832880985630936e+03
1.823255275300551375e+03
1.826574272767038110e+03
1.829791901881131480e+03
1.832910149092012034e+03
1.835930959760257338e+03
1.838856239091949647e+03
1.841687853049279511e+03
1.844427629238358122e+03
1.847077357774826851e+03
1.849638797161536104e+03
1.852113655004136263e+03
1.854503618934341603e+03
1.856810337339898297e+03
1.859035425134555908e+03
1.861180464502976292e+03
1.863247005627404860e+03
1.865236567396610099e+03
1.867150661888769719e+03
1.868990699989392851e+03
1.870758134472003576e+03
1.872454365802590019e+03
1.874080766448575559e+03
1.875638681490904219e+03
1.877129429221460214e+03
1.878554301726196627e+03
1.879914565454350395e+03
1.881211461774126064e+03
1.882446215396625803e+03
1.883620003408831735e+03
1.884734002991526950e+03
1.885789360486773603e+03
1.886787199742801249e+03
1.887728622595502202e+03
1.888614709338623243e+03
1.889446519182992233e+03
1.890225090705028606e+03
1.890951442284817176e+03
1.891626572534025627e+03
1.892251483974661369e+03
1.892827090473102089e+03
1.893354356996268734e+03
1.893834207166740725e+03
1.894267546834451423e+03
1.894655264448753769e+03
1.894998231421963055e+03
1.895297302484615784e+03
1.895553316032620387e+03
1.895767094466529215e+03
1.895939444523106886e+03
1.896071157599391881e+03
1.896163010069436950e+03
1.896215773235763209e+03
1.896230175086331656e+03
1.896206958375854811e+03
1.896146842413598733e+03
1.896050532965842422e+03
1.895918722532284164e+03
1.895752090616312671e+03
1.895551303989241205e+03
1.895317016948698438e+03
1.895049871571277663e+03
1.894750497959609447e+03
1.894419514483975718e+03
1.894057528018606035e+03
1.893665134172772696e+03
1.893242917516820853e+03
1.892791451803244399e+03
1.892311322466078764e+03
1.891803037735365479e+03
1.891267162435677619e+03
1.890704229163921354e+03
1.890114760734291622e+03
1.889499270372010415e+03
1.888858261902882987e+03
1.888192229938758828e+03
1.887501660059005644e+03
1.886787028988075917e+03
1.886048804769272920e+03
1.885287446934780974e+03
1.884503406672082065e+03
1.883697126986804506e+03
1.882869042862112337e+03
1.882019581414702998e+03
1.881149162047503296e+03
1.880258196599120993e+03
1.879347089490142025e+03
1.878416237866348183e+03
1.877466038952667077e+03
1.876496861342480770e+03
1.875509088393089314e+03
1.874503089523858534e+03
1.873479227551520580e+03
1.872437858816279686e+03
1.871379333305314049e+03
1.870303994773691784e+03
1.869212180862783043e+03
1.868104223216219680e+03
1.866980447593463168e+03
1.865841173981013299e+03
1.864686716701343357e+03
1.863517384519579309e+03
1.862333480748001421e+03
1.861135303348398566e+03
1.859923145032329330e+03
1.858697293359334708e+03
1.857458030833154680e+03
1.856205634995980290e+03
1.854940378520799868e+03
1.853662529301862605e+03
1.852372350543323591e+03
1.851070100846090099e+03
1.849756034292918002e+03
1.848430421254251087e+03
1.847093465589393418e+03
1.845745429033145001e+03
1.844386548412945558e+03
1.843017056438623968e+03
1.841637181777756723e+03
1.840247149129539821e+03
1.838847179297182038e+03
1.837437489258868027e+03
1.836018292237311471e+03
1.834589797767936943e+03
1.833152202710750316e+03
1.831705727502281661e+03
1.830250561989651260e+03
1.828786911712492838e+03
1.827314948552473652e+03
1.825834871375363264e+03
1.824346865705105529e+03
1.822851113877694843e+03
1.821347795098228517e+03
1.819837085496852751e+03
1.818319158183627451e+03
1.816794183302322608e+03
1.815262328083173315e+03
1.813723756894622966e+03
1.812178631294072602e+03
1.810627110077639600e+03
1.809069349328980479e+03
1.807505502467158976e+03
1.805935720293617123e+03
1.804360151038230697e+03
1.802778944520904815e+03
1.801192235730312404e+03
1.799600169565685746e+03
1.798002884414016307e+03
1.796400516308240640e+03
1.794793198968304523e+03
1.793181063841450623e+03
1.791564240141740356e+03
1.789942854888841794e+03
1.788317032946082463e+03
1.786686897057790247e+03
1.785052567885941016e+03
1.783414164046112319e+03
1.781771802142772003e+03
1.780125596803910412e+03
1.778475660715026379e+03
1.776822104652482722e+03
1.775165037516244865e+03
1.773504566362014430e+03
1.771840796432765956e+03
1.770173840673025325e+03
1.768503781824112366e+03
1.766830729359409588e+03
1.765154781574920889e+03
1.763476035103128424e+03
1.761794584941207177e+03
1.760110524478736124e+03
1.758423945524890541e+03
1.756734938335152037e+03
1.755043591637525878e+03
1.753349992658286510e+03
1.751654227147249685e+03
1.749956379402600305e+03
1.748256532295260513e+03
1.746554767292821907e+03
1.744851164483047796e+03
1.743145802596956628e+03
1.741438759031484096e+03
1.739730109871746208e+03
1.738019929912895122e+03
1.736308292681597777e+03
1.734595270457120478e+03
1.732880934292041047e+03
1.731165357078868283e+03
1.729448601383815912e+03
1.727730737747414878e+03
1.726011832515373044e+03
1.724291950904893611e+03
1.722571157023287469e+03
1.720849513886249042e+03
1.719127083435818577e+03
1.717403926558023613e+03
1.715680103100214865e+03
1.713955671888094685e+03
1.712230690742454271e+03
1.710505216495612558e+03
1.708779305007569974e+03
1.707053011181884358e+03
1.705326388981270384e+03
1.703599491442920680e+03
1.701872370693576613e+03
1.700145077964322581e+03
1.698417663605134294e+03
1.696690177099177845e+03
1.694962667076850039e+03
1.693235181329592933e+03
1.691507766823462589e+03
1.689780469712463628e+03
1.688053335351663463e+03
1.686326408310073020e+03
1.684599741101586005e+03
1.682873359319832616e+03
1.681147313973537848e+03
1.679421646612010591e+03
1.677696398059710191e+03
1.675971608427872070e+03
1.674247317125939162e+03
1.672523562872793946e+03
1.670800383707804713e+03
1.669077817001684252e+03
1.667355899467167092e+03
1.665634667169504837e+03
1.663914155536790304e+03
1.662194399370101792e+03
1.660475432853484335e+03
1.658757289563755648e+03
1.657040002480159956e+03
1.655323603993850611e+03
1.653608125917220150e+03
1.651893599493072770e+03
1.650180055403648339e+03
1.648467523779489511e+03
1.646756034208169922e+03
1.645045615742875725e+03
1.643336296910839792e+03
1.641628105721645852e+03
1.639921069675390754e+03
1.638215215770709392e+03
1.636510570512677532e+03
1.634807159920573440e+03
1.633105009535521731e+03
1.631404144428005111e+03
1.629704589205258117e+03
1.628006371511118232e+03
1.626309508060627422e+03
1.624614025609240571e+03
1.622919946982739248e+03
1.621227294578849978e+03
1.619536090373942898e+03
1.617846355929623087e+03
1.616158112399210722e+03
1.614471380534128230e+03
1.612786180690166702e+03
1.611102532833669557e+03
1.609420456547602043e+03
1.607739971037534133e+03
1.606061095137518578e+03
1.604383847315880985e+03
1.602708245680913706e+03
1.601034307986478552e+03
1.599362051637524701e+03
1.597691493695509280e+03
1.596022650883741562e+03
1.594355539592635751e+03
1.592690175884882819e+03
1.591026575500535955e+03
1.589364753862024145e+03
1.587704726079076408e+03
1.586046506953573498e+03
1.584390110984321609e+03
1.582735552371753556e+03
1.581082845022546735e+03
1.579432002554182645e+03
1.577783038299419559e+03
1.576135965310704023e+03
1.574490796364513244e+03
1.572847543965622663e+03
1.571206220351316006e+03
1.569566837495518712e+03
1.567929407112874969e+03
1.566293940662759269e+03
1.564660449353221793e+03
1.563028944144877869e+03
1.561399443523072023e+03
1.559771942422572693e+03
1.558146458858444248e+03
1.556523002839222272e+03
1.554901584144553226e+03
1.553282212328723745e+03
1.551664896724151731e+03
1.550049646444813106e+03
