# d_l
# unit = Mpc
0.000000000000000000e+00
4.733596190178110419e+01
9.538218039921801505e+01
1.441307464759590289e+02
1.935737754026906714e+02
2.437034098327545735e+02
2.945118227992720676e+02
3.459912206118120253e+02
3.981338456509892580e+02
4.509319790596421171e+02
5.043779433295849230e+02
5.584641047831605647e+02
6.131828759491386336e+02
6.685267178327486590e+02
7.244881420798941463e+02
7.810597130358241884e+02
8.382340496988035738e+02
8.960038275694782897e+02
9.543617803969036686e+02
1.013300701822338397e+03
1.072813446922116100e+03
1.132892933651057319e+03
1.193532144188044867e+03
1.254724126185516070e+03
1.316461993924754324e+03
1.378738929378986541e+03
1.441548183186373990e+03
1.504883075535095259e+03
1.568736996962797548e+03
1.633103409072746672e+03
1.697975845169066588e+03
1.763347910813537055e+03
1.829213284306410969e+03
1.895565717093781586e+03
1.962399034104021894e+03
2.029707134015852034e+03
2.097483989460588873e+03
2.165723647161130430e+03
2.234420228010196297e+03
2.303567927090406101e+03
2.373161013638621625e+03
2.443193830957131922e+03
2.513660796274041331e+03
2.584556400555343316e+03
2.655875208271027532e+03
2.727611857117549334e+03
2.799761057698984587e+03
2.872317593169063002e+03
2.945276318836313294e+03
3.018632161734434703e+03
3.092380120159970829e+03
3.166515263179315752e+03
3.241032730107058796e+03
3.315927729957480551e+03
3.391195540871156936e+03
3.466831509518391158e+03
3.542831050481217062e+03
3.619189645615655536e+03
3.695902843395827404e+03
3.772966258241425294e+03
3.850375569830144741e+03
3.928126522396344171e+03
4.006214924017464909e+03
4.084636645889399460e+03
4.163387621592151845e+03
4.242463846346902756e+03
4.321861376265755098e+03
4.401576327595086696e+03
4.481604875953720693e+03
4.561943255566750850e+03
4.642587758496084462e+03
4.723534733868526928e+03
4.804780587102257414e+03
4.886321779132536903e+03
4.968154825637342583e+03
5.050276296263709810e+03
5.132682813855383756e+03
5.215371053682481943e+03
5.298337742673694265e+03
5.381579658651650789e+03
5.465093629571882957e+03
5.548876532765984848e+03
5.632925294189301894e+03
5.717236887673678211e+03
5.801808334185577223e+03
5.886636701089984854e+03
5.971719101420403604e+03
6.057052693155278575e+03
6.142634678501091003e+03
6.228462303182417600e+03
6.314532855739184015e+03
6.400843666831333394e+03
6.487392108551045567e+03
6.574175593742810634e+03
6.661191575331333297e+03
6.748437545657599003e+03
6.835911035823040947e+03
6.923609615042053520e+03
7.011530890002856722e+03
7.099672504236826171e+03
7.188032137496336873e+03
7.276607505141157162e+03
7.365396357533466471e+03
7.454396479441482370e+03
7.543605689451715079e+03
7.633021839389917659e+03
7.722642813750623645e+03
7.812466529135333985e+03
7.902490933699314155e+03
7.992714006606968724e+03
8.083133757495773352e+03
8.173748225948644176e+03
8.264555480974859165e+03
8.355553620499274984e+03
8.446740770859982149e+03
8.538115086314137443e+03
8.629674772036863942e+03
8.721417990048976208e+03
8.813342998623562380e+03
8.905448058915886577e+03
8.997731457651252640e+03
9.090191506678986116e+03
9.182826542534099644e+03
9.275634926006601745e+03
9.368615161093091956e+03
9.461765418696300912e+03
9.555084247629203674e+03
9.648570101544166391e+03
9.742221456306277105e+03
9.836036809606450333e+03
9.930014680581522043e+03
1.002415360944115855e+04
1.011845215710149751e+04
1.021290890482555369e+04
1.030752249702576228e+04
1.040229146882527311e+04
1.049721450306161205e+04
1.059229025891815945e+04
1.068751741422312261e+04
1.078289466512776562e+04
1.087842072579046908e+04
1.097409432806673976e+04
1.106991422120492825e+04
1.116587917154761453e+04
1.126198796223857426e+04
1.135823953255790730e+04
1.145463242070702472e+04
1.155116559659853374e+04
1.164783790775832131e+04
1.174464821712828234e+04
1.184159540280470901e+04
1.193867835778150766e+04
1.203589598969830513e+04
1.213324722059320266e+04
1.223073098666026090e+04
1.232834623801149974e+04
1.242609193844337460e+04
1.252396706520762746e+04
1.262197067296653586e+04
1.272010163749661842e+04
1.281835903862077976e+04
1.291674190520567936e+04
1.301524927849072992e+04
1.311388021188355560e+04
1.321263377075944845e+04
1.331150903226444461e+04
1.341050508512221313e+04
1.350962102944448088e+04
1.360885597654509547e+04
1.370820904875749511e+04
1.380767937925564001e+04
1.390726611187825984e+04
1.400696840095644620e+04
1.410678541114439940e+04
1.420671648454633396e+04
1.430676047287370056e+04
1.440691673657001411e+04
1.450718447995185306e+04
1.460756291685890392e+04
1.470805127050276678e+04
1.480864877331860225e+04
1.490935466681943399e+04
1.501016820145323982e+04
1.511108863646260215e+04
1.521211523974704505e+04
1.531324728772775961e+04
1.541448406521496509e+04
1.551582486527761284e+04
1.561726898911550234e+04
1.571881574593373807e+04
1.582046445281950037e+04
1.592221443462101888e+04
1.602406502382874532e+04
1.612601556045880898e+04
1.622806545429127436e+04
1.633021393583294048e+04
1.643246042886489158e+04
1.653480430238099871e+04
1.663724493234852343e+04
1.673978170160342415e+04
1.684241399974782689e+04
1.694514122304912235e+04
1.704796277434092553e+04
1.715087806292578898e+04
1.725388650447974942e+04
1.735698752095837335e+04
1.746018054050469800e+04
1.756346499735858379e+04
1.766684033176783851e+04
1.777030598990084036e+04
1.787386142376068528e+04
1.797750609110082223e+04
1.808123945534226368e+04
1.818506098549212038e+04
1.828897015606367859e+04
1.839296644699773242e+04
1.849704934358541141e+04
1.860121833639227407e+04
1.870547292118370751e+04
1.880981280972538298e+04
1.891423708763539253e+04
1.901874547530043128e+04
1.912333748856478633e+04
1.922801264811851797e+04
1.933277047943018260e+04
1.943761051268076335e+04
1.954253228269872852e+04
1.964753532889614871e+04
1.975261919520589072e+04
1.985778343001992835e+04
1.996302748752007028e+04
2.006835112108774774e+04
2.017375379447473097e+04
2.027923518528866407e+04
2.038479464007197384e+04
2.049043184401001417e+04
2.059614637506435975e+04
2.070193781519759432e+04
2.080780575032019988e+04
2.091374977023838437e+04
2.101976946860273165e+04
2.112586444285773905e+04
2.123203429419202803e+04
2.133827862748955158e+04
2.144459705128153655e+04
2.155098917769910622e+04
2.165745462242682333e+04
2.176399300465681881e+04
2.187060394704382270e+04
2.197728707566075536e+04
2.208404207038108143e+04
2.219086846342102217e+04
2.229776594098667192e+04
2.240473414239461272e+04
2.251177271016834857e+04
2.261888128999805485e+04
2.272605953070100804e+04
2.283330708418246286e+04
2.294062360539735528e+04
2.304800875231240207e+04
2.315546218586896430e+04
2.326298356994636924e+04
2.337057257132587256e+04
2.347822885965509340e+04
2.358595210741308983e+04
2.369374198987593627e+04
2.380159818508279932e+04
2.390952037380254842e+04
2.401750823950094855e+04
2.412556146830818398e+04
2.423367987881372028e+04
2.434186290340526466e+04
2.445011036516725653e+04
2.455842196057371621e+04
2.466679738860852376e+04
2.477523635073572586e+04
2.488373855087057746e+04
2.499230369535071804e+04
2.510093149290798465e+04
2.520962165464058489e+04
2.531837389398565574e+04
2.542718792669218965e+04
2.553606347079450279e+04
2.564500024658594702e+04
2.575399797659303294e+04
2.586305638554997495e+04
2.597217520037361101e+04
2.608135415013863530e+04
2.619059296605321288e+04
2.629989138143492164e+04
2.640924913168710191e+04
2.651866595427550419e+04
2.662814158870522078e+04
2.673767582354741535e+04
2.684726830844180222e+04
2.695691883570404389e+04
2.706662715277307143e+04
2.717639300901694151e+04
2.728621615571168513e+04
2.739609634602047663e+04
2.750603333497309723e+04
2.761602687944567515e+04
2.772607673814070586e+04
2.783618267156734510e+04
2.794634444202204031e+04
2.805656181356928209e+04
2.816683455202278856e+04
2.827716242492680249e+04
2.838754520153781777e+04
2.849798265280632040e+04
2.860847455135901691e+04
2.871902067148112837e+04
2.882962078909899355e+04
2.894027468176296316e+04
2.905098212863038862e+04
2.916174291044891652e+04
2.927255680954011405e+04
2.938342360978305442e+04
2.949434309659840073e+04
2.960531505693246436e+04
2.971633943303197884e+04
2.982741570792064522e+04
2.993854382616636212e+04
3.004972358066404922e+04
3.016095476575825160e+04
3.027223717722844231e+04
3.038357061227469239e+04
3.049495486950335908e+04
3.060638974891303951e+04
3.071787505188069917e+04
3.082941058114791667e+04
3.094099614080744504e+04
3.105263153628980217e+04
3.116431657435010493e+04
3.127605106305508525e+04
3.138783481177016074e+04
3.149966763114683999e+04
3.161154933311016794e+04
3.172347973084631667e+04
3.183545863879045646e+04
3.194748587261463763e+04
3.205956124921589071e+04
3.217168458670448672e+04
3.228385570439235744e+04
3.239607442278152666e+04
3.250834056355289795e+04
3.262065394955500233e+04
3.273301440479297526e+04
3.284542175441764994e+04
3.295787582471475616e+04
3.307037644309431926e+04
3.318292343808006262e+04
3.329551663929909409e+04
3.340815594914249959e+04
3.352084105634242587e+04
3.363357186517530499e+04
3.374634820958029013e+04
3.385916992454983119e+04
3.397203684611997596e+04
3.408494881136088952e+04
3.419790565836729365e+04
3.431090722624934278e+04
3.442395335512319434e+04
3.453704388610208844e+04
3.465017866128726018e+04
3.476335752375908487e+04
3.487658031756830314e+04
3.498984688772731897e+04
3.510315708020164311e+04
3.521651074190137297e+04
3.532990772067292710e+04
3.544334786529054691e+04
3.555683102544835856e+04
3.567035705175208568e+04
3.578392579571119131e+04
3.589753710973084526e+04
3.601119084710419702e+04
3.612488686200461234e+04
3.623862500947801891e+04
3.635240514543537574e+04
3.646622712664520077e+04
3.658009081072614936e+04
3.669399605613979656e+04
3.680794272218333208e+04
3.692193066898242978e+04
3.703595975748425553e+04
3.715002984945040953e+04
3.726414080745012325e+04
3.737829249485328182e+04
3.749248477582378837e+04
3.760671751531285554e+04
3.772099057905240625e+04
3.783530383354856895e+04
3.794965733488390833e+04
3.806405057410348672e+04
3.817848360817903449e+04
3.829295630664940836e+04
3.840746853979620209e+04
3.852202017863728543e+04
3.863661109492105606e+04
3.875124116112032789e+04
