# d_m
# unit = Mpc
0.000000000000000000e+00
4.686728901166446093e+01
9.351194156786080214e+01
1.399327635688922555e+02
1.861286301948948676e+02
2.320984855550043449e+02
2.778413422634641847e+02
3.233562809456187210e+02
3.686424496768418635e+02
4.136990633574698109e+02
4.585254030268953329e+02
5.031208151199643908e+02
5.474847106688737313e+02
5.916165644537599064e+02
6.355159141051702818e+02
6.791823591615863052e+02
7.226155600851755025e+02
7.658152372388703952e+02
8.087811698278844688e+02
8.515131948086877856e+02
8.940112057684301590e+02
9.362751517777332992e+02
9.783050362197088816e+02
1.020100915597980475e+03
1.061662898326414734e+03
1.102991143503189278e+03
1.144085859671725302e+03
1.184947303570941131e+03
1.225575778877185485e+03
1.265971634940113745e+03
1.306135265514666571e+03
1.346067107491249544e+03
1.385767639626068785e+03
1.425237381273519986e+03
1.464476891122404368e+03
1.503486765937667997e+03
1.542267639309256765e+03
1.580820180409584054e+03
1.619145092761011938e+03
1.657243113014680375e+03
1.695115009741872655e+03
1.732761582239100790e+03
1.770183659347916546e+03
1.807382098290449903e+03
1.844357783521546935e+03
1.881111625598309956e+03
1.917644560067797784e+03
1.953957546373512287e+03
1.990051566781292877e+03
2.025927625325123927e+03
2.061586746773313735e+03
2.097029975615440890e+03
2.132258375070433431e+03
2.167273026116000437e+03
2.202075026539712326e+03
2.236665490011865131e+03
2.271045545180267254e+03
2.305216334787041887e+03
2.339179014807485601e+03
2.372934753610959433e+03
2.406484731143840236e+03
2.439830138134375375e+03
2.472972175319422604e+03
2.505912052692883208e+03
2.538650988775701990e+03
2.571190209907214012e+03
2.603530949557683471e+03
2.635674447661728664e+03
2.667621949972452512e+03
2.699374707435947585e+03
2.730933975585932330e+03
2.762301013958202930e+03
2.793477085524568338e+03
2.824463456145975215e+03
2.855261394044449844e+03
2.885872169293548723e+03
2.916297053326922651e+03
2.946537318464679174e+03
2.976594237457131385e+03
3.006469083045614752e+03
3.036163127539934976e+03
3.065677642412146270e+03
3.095013897906210332e+03
3.124173162663212224e+03
3.153156703361727068e+03
3.181965784372964663e+03
3.210601667430324596e+03
3.239065611312983037e+03
3.267358871543133773e+03
3.295482700096516965e+03
3.323438345125886372e+03
3.351227050697033064e+03
3.378850056537003184e+03
3.406308597794202342e+03
3.433603904809965570e+03
3.460737202901332694e+03
3.487709712154612589e+03
3.514522647229468930e+03
3.541177217173159988e+03
3.567674625244636445e+03
3.594016068748168436e+03
3.620202738876198055e+03
3.646235820561122182e+03
3.672116492335705061e+03
3.697845926201820930e+03
3.723425287507277062e+03
3.748855734830399797e+03
3.774138419872141640e+03
3.799274487355439305e+03
3.824265074931564413e+03
3.849111313093225363e+03
3.873814325094143442e+03
3.898375226874933560e+03
3.922795126994965358e+03
3.947075126570086013e+03
3.971216319215877775e+03
3.995219801868918239e+03
4.019086631358975410e+03
4.042817889276864207e+03
4.066414638774377181e+03
4.089877935296023225e+03
4.113208826551577658e+03
4.136408352492838276e+03
4.159477545294440461e+03
4.182417482630844461e+03
4.205229074976134143e+03
4.227913383906728086e+03
4.250471410371879756e+03
4.272904147502752494e+03
4.295212580614170292e+03
4.317397687209358082e+03
4.339460436987514186e+03
4.361401791854093062e+03
4.383222705933713769e+03
4.404924144028103910e+03
4.426507008010754362e+03
4.447972247060004520e+03
4.469320784353653835e+03
4.490553535387866759e+03
4.511671408003249780e+03
4.532675302412695601e+03
4.553566111231011746e+03
4.574344719506168985e+03
4.595012004752104986e+03
4.615568836983022265e+03
4.636016135737921104e+03
4.656354642563831476e+03
4.676585261780783185e+03
4.696708833773516744e+03
4.716726191617784025e+03
4.736638161121883968e+03
4.756445560869126894e+03
4.776149202261231949e+03
4.795749889562530370e+03
4.815248419944984562e+03
4.834645583533922036e+03
4.853942163454443289e+03
4.873138935878453594e+03
4.892236694948269360e+03
4.911236153473598279e+03
4.930138091777223053e+03
4.948943258699493526e+03
4.967652396370507631e+03
4.986266240259907136e+03
5.004785519227064469e+03
5.023210955571488739e+03
5.041543265083538245e+03
5.059783157095311253e+03
5.077931334531752327e+03
5.095988493961894164e+03
5.113955325650236773e+03
5.131832513608213958e+03
5.149620735645752575e+03
5.167320663422857251e+03
5.184933023557056003e+03
5.202458353772254668e+03
5.219897368322469447e+03
5.237250714784062438e+03
5.254519034841331631e+03
5.271702964337909179e+03
5.288803133328072363e+03
5.305820166127912671e+03
5.322754681366396653e+03
5.339607292036254876e+03
5.356378605544734455e+03
5.373069223764126036e+03
5.389679743082155255e+03
5.406210754452129549e+03
5.422662843442883059e+03
5.439036590288491425e+03
5.455332569937759217e+03
5.471551352103442696e+03
5.487693501311214277e+03
5.503759576948399626e+03
5.519750154520841534e+03
5.535665740960318544e+03
5.551506901643544552e+03
5.567274175885859222e+03
5.582968098103531702e+03
5.598589197860676904e+03
5.614137999915941691e+03
5.629615024268811794e+03
5.645020786205604963e+03
5.660355796345144881e+03
5.675620560684127668e+03
5.690815580642090026e+03
5.705941353106110910e+03
5.720998370475108459e+03
5.735987120703844084e+03
5.750908087346550928e+03
5.765761749600221265e+03
5.780548582347531010e+03
5.795269056199443185e+03
5.809923637537418472e+03
5.824512788555312000e+03
5.839036967300867218e+03
5.853496627716902367e+03
5.867892219682105861e+03
5.882224189051479698e+03
5.896493043801060594e+03
5.910699089886059483e+03
5.924842827196395774e+03
5.938924685889684952e+03
5.952945092296755320e+03
5.966904468959932274e+03
5.980803234671004248e+03
5.994641804508813038e+03
6.008420589876498525e+03
6.022139998538381406e+03
6.035800434656513062e+03
6.049402268945475953e+03
6.062945958032551971e+03
6.076431865805641792e+03
6.089860416002601596e+03
6.103231928165261706e+03
6.116546819107466945e+03
6.129805468769154686e+03
6.143008253767831775e+03
6.156155547432012099e+03
6.169247719834331292e+03
6.182285137824333106e+03
6.195268165060920182e+03
6.208197162044452853e+03
6.221072486148556891e+03
6.233894491651609314e+03
6.246663529767856744e+03
6.259379948678272740e+03
6.272044093561042246e+03
6.284656306621787735e+03
6.297216927123425194e+03
6.309726305823166513e+03
6.322184747413396508e+03
6.334592596871213573e+03
6.346950181981476817e+03
6.359257827731172256e+03
6.371515856337480727e+03
6.383724587275563863e+03
6.395884337306012640e+03
6.407995420502054003e+03
6.420058148276435531e+03
6.432072829408045436e+03
6.444039770068246980e+03
6.455959273846926408e+03
6.467831641778262565e+03
6.479657172366233681e+03
6.491436161609845840e+03
6.503168903028086788e+03
6.514855687684618715e+03
6.526496804212213647e+03
6.538092538836905987e+03
6.549643210490194178e+03
6.561149030567456975e+03
6.572610313217003750e+03
6.584027335274455254e+03
6.595400371285701112e+03
6.606729693529527140e+03
6.618015572040047118e+03
6.629258274628837171e+03
6.640458066906874592e+03
6.651615212306222929e+03
6.662729972101488784e+03
6.673802605431021220e+03
6.684833369317932920e+03
6.695822518690847573e+03
6.706770306404436269e+03
6.717676983259733788e+03
6.728542798024252079e+03
6.739367997451843621e+03
6.750152826302374706e+03
6.760897527361162247e+03
6.771602341458231422e+03
6.782267507487341391e+03
6.792893262424800923e+03
6.803479853319952781e+03
6.814027489452234477e+03
6.824536414102289200e+03
6.835006856760876872e+03
6.845439045092428387e+03
6.855833204952684355e+03
6.866189560406133751e+03
6.876508333743274306e+03
6.886789745497674630e+03
6.897034014462862615e+03
6.907241357709020122e+03
6.917411990599514866e+03
6.927546126807230394e+03
6.937643978330735081e+03
6.947705755510270137e+03
6.957731667043583002e+03
6.967721920001545186e+03
6.977676719843663705e+03
6.987596270433365135e+03
6.997480774053153254e+03
7.007330431419603883e+03
7.017145441698160539e+03
7.026926002517810957e+03
7.036672309985604443e+03
7.046384558700972775e+03
7.056062941769952886e+03
7.065707650819204900e+03
7.075318912626661586e+03
7.084896842736495273e+03
7.094441664968330770e+03
7.103953565168805653e+03
7.113432727773171791e+03
7.122879335818456639e+03
7.132293570956500844e+03
7.141675613466829418e+03
7.151025642269402852e+03
7.160343834937225438e+03
7.169630367708818085e+03
7.178885415500566523e+03
7.188109151918934913e+03
7.197301749272541201e+03
7.206463378584121529e+03
7.215594209602336377e+03
7.224694410813496688e+03
7.233764149453127175e+03
7.242803591517424138e+03
7.251812901774590500e+03
7.260792243776053510e+03
7.269741779867548757e+03
7.278661671200110504e+03
7.287552077740939239e+03
7.296413158284128258e+03
7.305245070461324758e+03
7.314047970752242691e+03
7.322822014495071926e+03
7.331567355896796471e+03
7.340284148043375353e+03
7.348972542909848016e+03
7.357632691370302382e+03
7.366264743207765605e+03
7.374868862945364526e+03
7.383445166595248338e+03
7.391993816522044654e+03
7.400514958241291424e+03
7.409008736225345274e+03
7.417475293912658344e+03
7.425914773716969648e+03
7.434327317036369095e+03
7.442713064262330590e+03
7.451072154788570515e+03
7.459404727019889833e+03
7.467710918380874318e+03
7.475990865324533843e+03
7.484244703340837077e+03
7.492472566965164333e+03
7.500674589786675824e+03
7.508850904456583521e+03
7.517001642696366616e+03
7.525126935305848747e+03
7.533226912171261574e+03
7.541301702273167393e+03
7.549351433694344450e+03
7.557376233627545844e+03
7.565376228383234775e+03
7.573351543397193382e+03
7.581302303238080640e+03
7.589228631614900223e+03
7.597130651384416524e+03
7.605008484558450618e+03
7.612862252311160773e+03
7.620692074986196531e+03
7.628498072103807317e+03
7.636280362367888301e+03
7.644039063672925295e+03
7.651774293110908729e+03
7.659486166978131223e+03
7.667174800781959675e+03
7.674840309247520963e+03
7.682482806324319426e+03
7.690102405192798869e+03
7.697699256568744204e+03
7.705273395567508487e+03
7.712824971349299631e+03
7.720354094082542360e+03
7.727860873198430454e+03
7.735345417397044912e+03
7.742807834653517602e+03
7.750248232224065760e+03
