# h
# unit = 1.0/Mpc
2.128647274564713905e-04
2.138754907570653105e-04
2.149015737905610255e-04
2.159429560397209413e-04
2.169996141438514429e-04
2.180715219830714512e-04
2.191586507630179949e-04
2.202609690998381465e-04
2.213784431053252119e-04
2.225110364720566823e-04
2.236587105584025143e-04
2.248214244732716846e-04
2.259991351604764820e-04
2.271917974825941899e-04
2.283993643042164659e-04
2.296217865744780255e-04
2.308590134087678365e-04
2.321109921695247596e-04
2.333776685460336358e-04
2.346589866331369272e-04
2.359548890087870754e-04
2.372653168103695364e-04
2.385902098097314960e-04
2.399295064868580687e-04
2.412831441021422065e-04
2.426510587672017489e-04
2.440331855142000299e-04
2.454294583636333149e-04
2.468398103905530567e-04
2.482641737891948339e-04
2.497024799359915314e-04
2.511546594509518138e-04
2.526206422573903411e-04
2.541003576399986129e-04
2.555937343012502070e-04
2.571007004161382438e-04
2.586211836852446975e-04
2.601551113861460532e-04
2.617024104231615439e-04
2.632630073754545393e-04
2.648368285434978182e-04
2.664237999939195320e-04
2.680238476027447104e-04
2.696368970970528574e-04
2.712628740950721266e-04
2.729017041447325204e-04
2.745533127607027247e-04
2.762176254599360559e-04
2.778945677957532241e-04
2.795840653904881480e-04
2.812860439667286988e-04
2.830004293771791512e-04
2.847271476331780077e-04
2.864661249319000349e-04
2.882172876822754171e-04
2.899805625296587711e-04
2.917558763792789216e-04
2.935431564185031548e-04
2.953423301379496171e-04
2.971533253514769667e-04
2.989760702150901493e-04
3.008104932447882630e-04
3.026565233333924606e-04
3.045140897663826192e-04
3.063831222367770940e-04
3.082635508590850985e-04
3.101553061823643484e-04
3.120583192024150828e-04
3.139725213731398468e-04
3.158978446170983083e-04
3.178342213352895805e-04
3.197815844161864987e-04
3.217398672440536741e-04
3.237090037065757774e-04
3.256889282018222368e-04
3.276795756445754549e-04
3.296808814720500838e-04
3.316927816490247705e-04
3.337152126724141294e-04
3.357481115753044678e-04
3.377914159304742990e-04
3.398450638534252291e-04
3.419089940049422466e-04
3.439831455932079707e-04
3.460674583754878809e-04
3.481618726594102177e-04
3.502663293038561125e-04
3.523807697194833118e-04
3.545051358688965592e-04
3.566393702664868081e-04
3.587834159779530350e-04
3.609372166195242695e-04
3.631007163568981608e-04
3.652738599039105530e-04
3.674565925209495685e-04
3.696488600131323595e-04
3.718506087282530382e-04
3.740617855545185378e-04
3.762823379180833534e-04
3.785122137803964993e-04
3.807513616353700066e-04
3.829997305063837605e-04
3.852572699431333994e-04
3.875239300183343943e-04
3.897996613242912540e-04
3.920844149693411248e-04
3.943781425741807846e-04
3.966807962680859762e-04
3.989923286850314806e-04
4.013126929597194141e-04
4.036418427235239324e-04
4.059797321003579267e-04
4.083263157024711438e-04
4.106815486261845014e-04
4.130453864475675365e-04
4.154177852180639748e-04
4.177986219046136767e-04
4.201880119555791550e-04
4.225858339166642993e-04
4.249920456962490980e-04
4.274066056556418704e-04
4.298294726045095711e-04
4.322606057962912352e-04
4.346999649235989559e-04
4.371475101136081272e-04
4.396032019234445980e-04
4.420670013355694396e-04
4.445388697531631726e-04
4.470187689955162805e-04
4.495066612934254711e-04
4.520025092846001826e-04
4.545062760090816129e-04
4.570179249046748128e-04
4.595374198023999702e-04
4.620647249219607161e-04
4.645998048672340605e-04
4.671426246217828251e-04
4.696931495443927964e-04
4.722513453646359533e-04
4.748171781784605834e-04
4.773906144438108895e-04
4.799716209762769532e-04
4.825601649447747317e-04
4.851562138672611281e-04
4.877597356064803410e-04
4.903706983657444207e-04
4.929890706847516639e-04
4.956148214354386735e-04
4.982479198178704728e-04
5.008883353561669957e-04
5.035360378944686620e-04
5.061909975929408754e-04
5.088531849238156013e-04
5.115225706674739279e-04
5.141991259085685250e-04
5.168828220321853521e-04
5.195736307200461311e-04
5.222715239467513697e-04
5.249764739760637159e-04
5.276884533572334885e-04
5.304074349213636725e-04
5.331333917778161144e-04
5.358662973106605425e-04
5.386061251751619698e-04
5.413528492943122218e-04
5.441064438553988710e-04
5.468668833066182974e-04
5.496341423537276722e-04
5.524081959567386834e-04
5.551890193266509430e-04
5.579765879222260520e-04
5.607708774468016721e-04
5.635718638451459300e-04
5.663795233003520455e-04
5.691938322307694975e-04
5.720147672869789913e-04
5.748423053488028794e-04
5.776764235223553730e-04
5.805170991371311337e-04
5.833643097431320292e-04
5.862180331080316196e-04
5.890782472143766147e-04
5.919449302568266036e-04
5.948180606394285874e-04
5.976976169729304343e-04
6.005835780721288132e-04
6.034759229532517125e-04
6.063746308313805325e-04
6.092796811179015601e-04
6.121910534179976666e-04
6.151087275281698222e-04
6.180326834337941709e-04
6.209629013067144519e-04
6.238993615028639098e-04
6.268420445599235270e-04
6.297909311950100706e-04
6.327460023023972081e-04
6.357072389512688233e-04
6.386746223835024737e-04
6.416481340114843978e-04
6.446277554159543380e-04
6.476134683438820221e-04
6.506052547063711838e-04
6.536030965765946997e-04
6.566069761877578069e-04
6.596168759310908113e-04
6.626327783538686839e-04
6.656546661574593883e-04
6.686825221954006146e-04
6.717163294715004741e-04
6.747560711379702860e-04
6.778017304935770974e-04
6.808532909818285116e-04
6.839107361891790925e-04
6.869740498432640912e-04
6.900432158111569157e-04
6.931182180976530561e-04
6.961990408435753683e-04
6.992856683241075464e-04
7.023780849471461356e-04
7.054762752516810596e-04
7.085802239061943621e-04
7.116899157070850782e-04
7.148053355771148134e-04
7.179264685638759831e-04
7.210532998382801094e-04
7.241858146930707290e-04
7.273239985413536496e-04
7.304678369151505150e-04
7.336173154639718868e-04
7.367724199534107093e-04
7.399331362637553977e-04
7.430994503886222255e-04
7.462713484336084202e-04
7.494488166149617389e-04
7.526318412582718364e-04
7.558204087971771368e-04
7.590145057720919805e-04
7.622141188289503592e-04
7.654192347179690579e-04
7.686298402924251084e-04
7.718459225074530842e-04
7.750674684188585493e-04
7.782944651819478791e-04
7.815269000503735847e-04
7.847647603749980695e-04
7.880080336027703953e-04
7.912567072756210469e-04
7.945107690293702488e-04
7.977702065926531956e-04
8.010350077858590517e-04
8.043051605200845881e-04
8.075806527961034310e-04
8.108614727033483212e-04
8.141476084189077939e-04
8.174390482065369522e-04
8.207357804156824440e-04
8.240377934805193658e-04
8.273450759190025851e-04
8.306576163319305322e-04
8.339754034020226527e-04
8.372984258930082435e-04
8.406266726487283004e-04
8.439601325922506999e-04
8.472987947249948151e-04
8.506426481258712010e-04
8.539916819504306039e-04
8.573458854300254400e-04
8.607052478709835246e-04
8.640697586537901499e-04
8.674394072322851252e-04
8.708141831328664300e-04
8.741940759537085047e-04
8.775790753639895391e-04
8.809691711031270023e-04
8.843643529800262896e-04
8.877646108723394542e-04
8.911699347257306600e-04
8.945803145531561629e-04
8.979957404341492797e-04
9.014162025141169571e-04
9.048416910036471842e-04
9.082721961778218245e-04
9.117077083755430016e-04
9.151482179988637122e-04
9.185937155123322095e-04
9.220441914423385546e-04
9.254996363764788399e-04
9.289600409629169197e-04
9.324253959097646800e-04
9.358956919844620918e-04
9.393709200131720094e-04
9.428510708801778962e-04
9.463361355272919585e-04
9.498261049532702189e-04
9.533209702132351780e-04
9.568207224181057412e-04
9.603253527340359277e-04
9.638348523818583485e-04
9.673492126365353843e-04
9.708684248266201194e-04
9.743924803337211801e-04
9.779213705919740773e-04
9.814550870875227411e-04
9.849936213580040914e-04
9.885369649920404140e-04
9.920851096287390015e-04
9.956380469571962395e-04
9.991957687160107991e-04
1.002758266692798999e-03
1.006325532723720577e-03
1.009897558693006623e-03
1.013474336532496417e-03
1.017055858221177066e-03
1.020642115784732703e-03
1.024233101295094319e-03
1.027828806870000663e-03
1.031429224672561094e-03
1.035034346910822765e-03
1.038644165837348437e-03
1.042258673748792334e-03
1.045877862985486418e-03
1.049501725931032727e-03
1.053130255011892891e-03
1.056763442696993273e-03
1.060401281497325328e-03
1.064043763965559193e-03
1.067690882695653595e-03
1.071342630322477891e-03
1.074998999521433688e-03
1.078659983008084695e-03
1.082325573537786358e-03
1.085995763905325253e-03
1.089670546944559787e-03
1.093349915528064788e-03
1.097033862566781101e-03
1.100722381009671671e-03
1.104415463843377637e-03
1.108113104091878326e-03
1.111815294816163391e-03
1.115522029113895841e-03
1.119233300119090464e-03
1.122949101001790521e-03
1.126669424967747905e-03
1.130394265258109375e-03
1.134123615149105818e-03
1.137857467951742607e-03
1.141595817011499276e-03
1.145338655708024638e-03
1.149085977454843621e-03
1.152837775699061497e-03
1.156594043921074398e-03
1.160354775634282872e-03
1.164119964384807389e-03
1.167889603751208830e-03
1.171663687344210716e-03
1.175442208806425342e-03
1.179225161812083806e-03
1.183012540066767562e-03
1.186804337307143008e-03
1.190600547300701062e-03
1.194401163845496949e-03
1.198206180769896068e-03
1.202015591932318337e-03
1.205829391220990341e-03
1.209647572553697054e-03
1.213470129877536156e-03
1.217297057168678859e-03
1.221128348432126611e-03
1.224963997701478211e-03
1.228803999038694103e-03
1.232648346533863053e-03
1.236497034304978810e-03
1.240350056497705909e-03
1.244207407285162839e-03
1.248069080867696959e-03
1.251935071472665053e-03
1.255805373354218881e-03
1.259679980793089850e-03
1.263558888096374998e-03
1.267442089597330341e-03
1.271329579655162056e-03
1.275221352654820053e-03
1.279117403006797176e-03
1.283017725146926458e-03
1.286922313536184017e-03
1.290831162660490425e-03
1.294744267030517940e-03
1.298661621181495781e-03
1.302583219673023865e-03
1.306509057088878299e-03
1.310439128036831836e-03
1.314373427148462625e-03
1.318311949078976178e-03
1.322254688507024318e-03
1.326201640134523890e-03
1.330152798686481128e-03
1.334108158910818831e-03
1.338067715578198117e-03
1.342031463481852113e-03
1.345999397437412691e-03
