# mu
-inf
3.337595603364187724e+01
3.489733623006385699e+01
3.579378317959002231e+01
3.643423260243036310e+01
3.693430802879579034e+01
3.734551366833925101e+01
3.769532539442315056e+01
3.800014549423369914e+01
3.827055517782652316e+01
3.851378043213313163e+01
3.873497632060117724e+01
3.893795009013674502e+01
3.912559384314679534e+01
3.930015640817045153e+01
3.946342118763632811e+01
3.961682649112641741e+01
3.976154932447553847e+01
3.989856519346710684e+01
4.002869171724145048e+01
4.015262104218692230e+01
4.027094433960081687e+01
4.038417059956056221e+01
4.049274124404298192e+01
4.059704162800794336e+01
4.069741019141559946e+01
4.079414581545339757e+01
4.088751378993980268e+01
4.097775069517510360e+01
4.106506842695272042e+01
4.114965753912623825e+01
4.123169003807018385e+01
4.131132173349735837e+01
4.138869422758028804e+01
4.146393660718968022e+01
4.153716689090467185e+01
4.160849327225825789e+01
4.167801519272532573e+01
4.174582427170284404e+01
4.181200511577522860e+01
4.187663602560525078e+01
4.193978961561997210e+01
4.200153335910137287e+01
4.206193006921365196e+01
4.212103832480421772e+01
4.217891284842437472e+01
4.223560484287034456e+01
4.229116229159627949e+01
4.234563022756203310e+01
4.239905097442019155e+01
4.245146436339399543e+01
4.250290792873374812e+01
4.255341708424638369e+01
4.260302528306020520e+01
4.265176416250428559e+01
4.269966367574008359e+01
4.274675221157667693e+01
4.279305670372346526e+01
4.283860273058170520e+01
4.288341460654422121e+01
4.292751546565897058e+01
4.297092733841269308e+01
4.301367122230529105e+01
4.305576714681001249e+01
4.309723423324936675e+01
4.313809075005882931e+01
4.317835416386019176e+01
4.321804118672196182e+01
4.325716781994503890e+01
4.329574939467738659e+01
4.333380060963082769e+01
4.337133556614607954e+01
4.340836780082776869e+01
4.344491031595026698e+01
4.348097560781546633e+01
4.351657569322722452e+01
4.355172213423132632e+01
4.358642606125683017e+01
4.362069819478183774e+01
4.365454886563621528e+01
4.368798803404350650e+01
4.372102530749578619e+01
4.375366995754681199e+01
4.378593093560183291e+01
4.381781688777576278e+01
4.384933616888543639e+01
4.388049685563650826e+01
4.391130675906030234e+01
4.394177343625196386e+01
4.397190420145672363e+01
4.400170613654785967e+01
4.403118610093629570e+01
4.406035074094880599e+01
4.408920649870910324e+01
4.411775962055335754e+01
4.414601616500948467e+01
4.417398201036743899e+01
4.420166286186546500e+01
4.422906425851608248e+01
4.425619157959316397e+01
4.428305005080051160e+01
4.430964475014079795e+01
4.433598061350217279e+01
4.436206243997910548e+01
4.438789489694248402e+01
4.441348252487337334e+01
4.443882974197352098e+01
4.446394084856515860e+01
4.448882003129163820e+01
4.451347136712977459e+01
4.453789882722404059e+01
4.456210628055219303e+01
4.458609749743122563e+01
4.460987615287200470e+01
4.463344582979057407e+01
4.465681002208332728e+01
4.467997214348261537e+01
4.470293550676623795e+01
4.472570336185013673e+01
4.474827887481858824e+01
4.477066513630121847e+01
4.479286516386441974e+01
4.481488190430753349e+01
4.483671823586850280e+01
4.485837699801200529e+01
4.487986088288917585e+01
4.490117260301438051e+01
4.492231478276973178e+01
4.494328998778759399e+01
4.496410072669525704e+01
4.498474945279454573e+01
4.500523856567943426e+01
4.502557041279432326e+01
4.504574729093576479e+01
4.506577145679142404e+01
4.508564509199749182e+01
4.510537035894996905e+01
4.512494936582144334e+01
4.514438417687756555e+01
4.516367681368670617e+01
4.518282925628793123e+01
4.520184344431889656e+01
4.522072127810558584e+01
4.523946461971514310e+01
4.525807529397355466e+01
4.527655511614256056e+01
4.529490578616922392e+01
4.531312904955196785e+01
4.533122659167176494e+01
4.534920006527521252e+01
4.536705109130838309e+01
4.538478125972386579e+01
4.540239213026242027e+01
4.541988523320991789e+01
4.543726207013068574e+01
4.545452411457803521e+01
4.547167281278291995e+01
4.548870958432139844e+01
4.550563583380335331e+01
4.552245290735898209e+01
4.553916215942170709e+01
4.555576490922771882e+01
4.557226245240538276e+01
4.558865606153140249e+01
4.560494698667053370e+01
4.562113645589968058e+01
4.563722567581675094e+01
4.565321583203483868e+01
4.566910808966233759e+01
4.568490359376929177e+01
4.570060346984064381e+01
4.571620882421665755e+01
4.573172074452109115e+01
4.574714030007740462e+01
4.576246856788398532e+01
4.577770653077358531e+01
4.579285523107552081e+01
4.580791566885009303e+01
4.582288882777334038e+01
4.583777567548970922e+01
4.585257716395526018e+01
4.586729422977178672e+01
4.588192779451205183e+01
4.589647876503653379e+01
4.591094803380180878e+01
4.592533647916101813e+01
4.593964496565646272e+01
4.595387434430470819e+01
4.596802545287438591e+01
4.598209911615693102e+01
4.599609614623044962e+01
4.601001734271690680e+01
4.602386349303291979e+01
4.603763537263421313e+01
4.605133375359753956e+01
4.606495937149201580e+01
4.607851297562881143e+01
4.609199529594651779e+01
4.610540705155784735e+01
4.611874895096028126e+01
4.613202169224163640e+01
4.614522596328079374e+01
4.615836244194345284e+01
4.617143179627345262e+01
4.618443468467938828e+01
4.619737175611693658e+01
4.621024365026687519e+01
4.622305099770896675e+01
4.623579442009179274e+01
4.624847453029868660e+01
4.626109193260981556e+01
4.627364722286061038e+01
4.628614098859651449e+01
4.629857380922428689e+01
4.631094625615985905e+01
4.632325889297285215e+01
4.633551227552793250e+01
4.634770695212289127e+01
4.635984346362383235e+01
4.637192236794119538e+01
4.638394414281150091e+01
4.639590933190199706e+01
4.640781844764426012e+01
4.641967199567036317e+01
4.643147047493122415e+01
4.644321437781237449e+01
4.645490419024731210e+01
4.646654039182831042e+01
4.647812345591499650e+01
4.648965384974058423e+01
4.650113202378970811e+01
4.651255845475666462e+01
4.652393358143172009e+01
4.653525785955101668e+01
4.654653170326444922e+01
4.655775555713390190e+01
4.656892984830095372e+01
4.658005499855455867e+01
4.659113142441903221e+01
4.660215953724027571e+01
4.661313974327016751e+01
4.662407244374936965e+01
4.663495803498837233e+01
4.664579690844699655e+01
4.665658945081226250e+01
4.666733604407473024e+01
4.667803706560333410e+01
4.668869288821872487e+01
4.669930388026521939e+01
4.670987040568129345e+01
4.672039282902700563e+01
4.673087149572311461e+01
4.674130676185397704e+01
4.675169897441290345e+01
4.676204847632000394e+01
4.677235560648490775e+01
4.678262069986831051e+01
4.679284408754237035e+01
4.680302609674993874e+01
4.681316705096267583e+01
4.682326726993809984e+01
4.683332706977559212e+01
4.684334676297123679e+01
4.685332665847181488e+01
4.686326706172769718e+01
4.687316827474476355e+01
4.688303059613539858e+01
4.689285432116854935e+01
4.690263974181888784e+01
4.691238714681501421e+01
4.692209683332006875e+01
4.693176906045417240e+01
4.694140411911311617e+01
4.695100228550664667e+01
4.696056383282702029e+01
4.697008903129226098e+01
4.697957814818865074e+01
4.698903144791258057e+01
4.699844919201147064e+01
4.700783163922418595e+01
4.701717904552059935e+01
4.702649166414048665e+01
4.703576974563183910e+01
4.704501353788835161e+01
4.705422328618645622e+01
4.706339923322154561e+01
4.707254161914367785e+01
4.708165068159264166e+01
4.709072665573243199e+01
4.709976977428512868e+01
4.710878026756421377e+01
4.711775836350732050e+01
4.712670428770842079e+01
4.713561826727059412e+01
4.714450051555523657e+01
4.715335125513193759e+01
4.716217070253149757e+01
4.717095907209416339e+01
4.717971657599882462e+01
4.718844342429162708e+01
4.719713982491411741e+01
4.720580598373098979e+01
4.721444210455736368e+01
4.722304838918554992e+01
4.723162503741151852e+01
4.724017224706079077e+01
4.724869021401401881e+01
4.725717913223212463e+01
4.726563919378101986e+01
4.727407058885596314e+01
4.728247350580549835e+01
4.729084813115504460e+01
4.729919464963009545e+01
4.730751324417905579e+01
4.731580409599572334e+01
4.732406738454142214e+01
4.733230328756678773e+01
4.734051198113319714e+01
4.734869363963390754e+01
4.735684843581483960e+01
4.736497655203298507e+01
4.737307813533041667e+01
4.738115336486480089e+01
4.738920240699421527e+01
4.739722542652867787e+01
4.740522258674901934e+01
4.741319404942564830e+01
4.742113997483683363e+01
4.742906052178688014e+01
4.743695584762393480e+01
4.744482610825758684e+01
4.745267145817611265e+01
4.746049205046358566e+01
4.746828803681665221e+01
4.747605956756106593e+01
4.748380679166801599e+01
4.749152985677015693e+01
4.749922890917748930e+01
4.750690409389289215e+01
4.751455555462755598e+01
4.752218343381608179e+01
4.752978787263144511e+01
4.753736901099964740e+01
4.754492698761431058e+01
4.755246193995085946e+01
4.755997400428070421e+01
4.756746331568505326e+01
4.757493000806861971e+01
4.758237421417314295e+01
4.758979606559064734e+01
4.759719569277657314e+01
4.760457322506270827e+01
4.761192879066991424e+01
4.761926252137919846e+01
4.762657453391203433e+01
4.763386495788783748e+01
4.764113391720773905e+01
4.764838153472305748e+01
4.765560793224700831e+01
4.766281323056628594e+01
4.766999754945241108e+01
4.767716100767301413e+01
4.768430372300287701e+01
4.769142581223492527e+01
4.769852739119095020e+01
4.770560857473228822e+01
4.771266947677028725e+01
4.771971021027668769e+01
4.772673088729380453e+01
4.773373161894461703e+01
4.774071251544270922e+01
4.774767368610208251e+01
4.775461523934680486e+01
4.776153728272058885e+01
4.776843992289619223e+01
4.777532326568473309e+01
4.778218741604482034e+01
4.778903247809166999e+01
4.779585855510597270e+01
4.780266574954275427e+01
4.780945416304007267e+01
4.781622389642756588e+01
4.782297504973497126e+01
4.782970772220046740e+01
4.783642201227895896e+01
4.784311801765017691e+01
4.784979583522676450e+01
4.785645556116222110e+01
4.786309729085871112e+01
4.786972111897483018e+01
4.787632713943323637e+01
4.788291544542820333e+01
4.788948612943305250e+01
4.789603929401113191e+01
4.790257500861195439e+01
4.790909337439004645e+01
4.791559448100757379e+01
4.792207841744161811e+01
4.792854527199108361e+01
4.793499513228348974e+01
4.794142808528175692e+01
