# k_h
9.999999999999997430e-06
1.023326701264995645e-05
1.047197537521897919e-05
1.071625201645110582e-05
1.096622682591925133e-05
1.122203272309165542e-05
1.148380572800922301e-05
1.175168503361174317e-05
1.202581307975112661e-05
1.230633562893116226e-05
1.259340184381399316e-05
1.288716436653469098e-05
1.318777939986574527e-05
1.349540679027508142e-05
1.381021011292142592e-05
1.413235675863236901e-05
1.446201802291130679e-05
1.479936919702074563e-05
1.514458966119003131e-05
1.549786297999755573e-05
1.585937699997779730e-05
1.622932394950522819e-05
1.660790054100815016e-05
1.699530807556701265e-05
1.739175254995233672e-05
1.779744476615980380e-05
1.821260044350028046e-05
1.863744033330454238e-05
1.907219033630369075e-05
1.951708162274778897e-05
1.997235075532616927e-05
2.043823981495537613e-05
2.091499652950118778e-05
2.140287440550328824e-05
2.190213286297269018e-05
2.241303737333346280e-05
2.293585960058240213e-05
2.347087754574107442e-05
2.401837569467787836e-05
2.457864516937806668e-05
2.515198388274243930e-05
2.573869669699716491e-05
2.633909558579835685e-05
2.695349980011844449e-05
2.758223603800193677e-05
2.822563861828101051e-05
2.888404965834338574e-05
2.955781925604681690e-05
3.024730567587736478e-05
3.095287553944957293e-05
3.167490402045090733e-05
3.241377504413338746e-05
3.316988149145866382e-05
3.394362540800517918e-05
3.473541821774863889e-05
3.554568094182876099e-05
3.637484442241965723e-05
3.722334955182214514e-05
3.809164750690001807e-05
3.898019998898493614e-05
3.988947946937778581e-05
4.081996944057614480e-05
4.177216467336272715e-05
4.274657147989047596e-05
4.374370798290467405e-05
4.476410439124511279e-05
4.580830328177469313e-05
4.687685988788498672e-05
4.797034239473074876e-05
4.908933224135220456e-05
5.023442442984435896e-05
5.140622784173825584e-05
5.260536556176280171e-05
5.383247520915794896e-05
5.508820927671727162e-05
5.637323547773883374e-05
5.768823710106931525e-05
5.903391337443021598e-05
6.041097983621908498e-05
6.182016871598425896e-05
6.326222932377366663e-05
6.473792844856701115e-05
6.624805076600140830e-05
6.779339925560808663e-05
6.937479562778224823e-05
7.099308076071167894e-05
7.264911514749852587e-05
7.434377935371051706e-05
7.607797448560528421e-05
7.785262266927699224e-05
7.966866754097952125e-05
8.152707474888822524e-05
8.342883246656452852e-05
8.537495191839947878e-05
8.736646791731336563e-05
8.940443941499822994e-05
9.148995006499648682e-05
9.362410879891187952e-05
9.580805041606557030e-05
9.804293618690280163e-05
1.003299544704777462e-04
1.026703213463412242e-04
1.050652812611682706e-04
1.075161076904703161e-04
1.100241038157410403e-04
1.125906032173997276e-04
1.152169705838977063e-04
1.179046024373661076e-04
1.206549278761906500e-04
1.234694093349079762e-04
1.263495433618288578e-04
1.292968614147988837e-04
1.323129306755234803e-04
1.353993548828875309e-04
1.385577751857135611e-04
1.417898710154131636e-04
1.450973609789920152e-04
1.484820037728882441e-04
1.519455991181264032e-04
1.554899887172857525e-04
1.591170572337914787e-04
1.628287332940491058e-04
1.666269905129570694e-04
1.705138485433381457e-04
1.744913741498533319e-04
1.785616823079655933e-04
1.827269373285382982e-04
1.869893540086690670e-04
1.913511988093635351e-04
1.958147910606883822e-04
2.003825041950286709e-04
2.050567670091178773e-04
2.098400649555054486e-04
2.147349414641494861e-04
2.197439992948400727e-04
2.248699019211662967e-04
2.301153749467702752e-04
2.354832075546361113e-04
2.409762539901861200e-04
2.465974350789729955e-04
2.523497397797739715e-04
2.582362267739161726e-04
2.642600260916710812e-04
2.704243407765915272e-04
2.767324485886705153e-04
2.831877037472287973e-04
2.897935387144605682e-04
2.965534660205788073e-04
3.034710801315399485e-04
3.105500593603340172e-04
3.177941678228592744e-04
3.252072574394211180e-04
3.327932699829185188e-04
3.405562391748111922e-04
3.485002928299725240e-04
3.566296550515808662e-04
3.649486484772076177e-04
3.734616965772991591e-04
3.821733260072763248e-04
3.910881690144975948e-04
4.002109659013730635e-04
4.095465675459298476e-04
4.190999379811782225e-04
4.288761570346430658e-04
4.388804230294696888e-04
4.491180555485327656e-04
4.595944982630292158e-04
4.703153218270465785e-04
4.812862268396565280e-04
4.925130468761018286e-04
5.040017515896935999e-04
5.157584498860605382e-04
5.277893931714501205e-04
5.401009786767939662e-04
5.526997528593195113e-04
5.655924148835053331e-04
5.787858201832405064e-04
5.922869841070706014e-04
6.061030856484811262e-04
6.202414712631954593e-04
6.347096587755135348e-04
6.495153413757769620e-04
6.646663917110814945e-04
6.801708660714086150e-04
6.960370086734093660e-04
7.122732560441153013e-04
7.288882415069023856e-04
7.458907997721014394e-04
7.632899716346940380e-04
7.810950087815838466e-04
7.993153787110104545e-04
8.179607697667192878e-04
8.370410962895536528e-04
8.565665038892239774e-04
8.765473748390498632e-04
8.969943335965368126e-04
9.179182524527364391e-04
9.393302573133885261e-04
9.612417336149097543e-04
9.836643323783906320e-04
1.006609976404813011e-03
1.030090866614772564e-03
1.054119488536096189e-03
1.078708618942787051e-03
1.103871332648841824e-03
1.129621009460534276e-03
1.155971341290882269e-03
1.182936339440071203e-03
1.210530342045697564e-03
1.238768021706809861e-03
1.267664393285794500e-03
1.297234821892244558e-03
1.327495031053073891e-03
1.358461111073215556e-03
1.390149527591334798e-03
1.422577130335131749e-03
1.455761162080874624e-03
1.489719267821918531e-03
1.524469504151107447e-03
1.560030348862036708e-03
1.596420710774268956e-03
1.633659939787751288e-03
1.671767837171771361e-03
1.710764666093905545e-03
1.750671162394587012e-03
1.791508545613008799e-03
1.833298530270210686e-03
1.876063337415378269e-03
1.919825706441478019e-03
1.964608907176498050e-03
2.010436752256752543e-03
2.057333609788814660e-03
2.105324416306793723e-03
2.154434690031882538e-03
2.204690544441200058e-03
2.256118702153141285e-03
2.308746509136636038e-03
2.362601949251868279e-03
2.417713659130163797e-03
2.474110943400993461e-03
2.531823790274163270e-03
2.590882887485498366e-03
2.651319638614462598e-03
2.713166179782436696e-03
2.776455396740511693e-03
2.841220942355863251e-03
2.907497254506046219e-03
2.975319574390704411e-03
3.044723965270411392e-03
3.115747331642645078e-03
3.188427438865081183e-03
3.262802933236602990e-03
3.338913362546762787e-03
3.416799197104594243e-03
3.496501851257930848e-03
3.578063705414726882e-03
3.661528128578060357e-03
3.746939501406780157e-03
3.834343239814105679e-03
3.923785819116705834e-03
4.015314798747068349e-03
4.108978847542354984e-03
4.204827769623162466e-03
4.302912530875921231e-03
4.403285286053067356e-03
4.505999406505379820e-03
4.611109508561179668e-03
4.718671482567563837e-03
4.828742522609072788e-03
4.941381156919557108e-03
5.056647279003495705e-03
5.174602179483264557e-03
5.295308578689266951e-03
5.418830660010317581e-03
5.545234104021978111e-03
5.674586123410966902e-03
5.806955498714265126e-03
5.942412614891892826e-03
6.081029498752819375e-03
6.222879857253854445e-03
6.368039116691970140e-03
6.516584462810851887e-03
6.668594881842954472e-03
6.824151202508979726e-03
6.983336138997069641e-03
7.146234334944503996e-03
7.312932408445404521e-03
7.483518998108317985e-03
7.658084810188111810e-03
7.836722666817366040e-03
8.019527555362837568e-03
8.206596678933189212e-03
8.398029508064962928e-03
8.593927833614215320e-03
8.794395820881867679e-03
8.999540065001700520e-03
9.209469647620356289e-03
9.424296194899444215e-03
9.644133936870691315e-03
9.869099768175683754e-03
1.009931331022235861e-02
1.033489697479150239e-02
1.057597602912697422e-02
1.082267866254417801e-02
1.107513605459238028e-02
1.133348244480704252e-02
1.159785520408913168e-02
1.186839490774958816e-02
1.214524541025766013e-02
1.242855392173280310e-02
1.271847108622094734e-02
1.301515106179671095e-02
1.331875160253403849e-02
1.362943414238903389e-02
1.394736388103946789e-02
1.427270987172666802e-02
1.460564511114639460e-02
1.494634663143664180e-02
1.529499559431124305e-02
1.565177738738916802e-02
1.601688172277099947e-02
1.639050273791485199e-02
1.677283909886528868e-02
1.716409410589034984e-02
1.756447580158273028e-02
1.797419708148249862e-02
1.839347580728038778e-02
1.882253492266174749e-02
1.926160257185263042e-02
1.971091222093129466e-02
2.017070278196951907e-02
2.064121874006954321e-02
2.112271028336456039e-02
2.161543343605166340e-02
2.211965019452784634e-02
2.263562866670178544e-02
2.316364321455531561e-02
2.370397460003019832e-02
2.425691013431813259e-02
2.482274383063322321e-02
2.540177656054792496e-02
2.599431621397597578e-02
2.660067786288723354e-02
2.722118392884119442e-02
2.785616435442875641e-02
2.850595677871314501e-02
2.917090671676307242e-02
2.985136774337406734e-02
3.054770168107528994e-02
3.126027879252189084e-02
3.198947797737553694e-02
3.273568697377694098e-02
3.349930256451865568e-02
3.428073078802688911e-02
3.508038715426493870e-02
3.589869686567281892e-02
3.673609504326100922e-02
3.759302695797765714e-02
3.846994826747333895e-02
3.936732525838854135e-02
4.028563509429290007e-02
4.122536606940802734e-02
4.218701786824920891e-02
4.317110183132290280e-02
4.417814122702289070e-02
4.520867152986845355e-02
4.626324070523302190e-02
4.734240950071458981e-02
4.844675174430278231e-02
4.957685464950155330e-02
5.073331912756859352e-02
5.191676010703909216e-02
5.312780686070245340e-02
5.436710334020646018e-02
5.563530851846651415e-02
5.693309674006266641e-02
5.826115807980922212e-02
5.962019870968963270e-02
6.101094127435025688e-02
6.243412527535324025e-02
6.389050746439262074e-02
6.538086224568349925e-02
6.690598208773640421e-02
6.846667794473820789e-02
7.006377968776179854e-02
7.169813654603469921e-02
7.337061755850081413e-02
7.508211203591622085e-02
7.683353003372299372e-02
7.862580283595474451e-02
8.045988345042952294e-02
8.233674711549408831e-02
8.425739181858858673e-02
8.622283882690850998e-02
8.823413323044369816e-02
9.029234449768609727e-02
9.239856704429971757e-02
9.455392081505580026e-02
9.675955187934251467e-02
9.901663304056680659e-02
1.013263644597698354e-01
1.036899742937909819e-01
1.061087193483173513e-01
1.085838857461668416e-01
1.111167896111601300e-01
1.137087777679448575e-01
1.163612284581455186e-01
1.190755520732166284e-01
1.218531919043930184e-01
1.246956249101330017e-01
1.276043625014636751e-01
1.305809513456453186e-01
1.336269741885841578e-01
1.367440506964265889e-01
1.399338383167875732e-01
1.431980331600675171e-01
1.465383709013274027e-01
1.499566277032015615e-01
1.534546211603403654e-01
1.570342112658807410e-01
1.606973014004642042e-01
1.644458393443238298e-01
1.682818183129803913e-01
1.722072780170972872e-01
1.762243057470602170e-01
1.803350374828532054e-01
1.845416590298275539e-01
1.888464071809630718e-01
1.932515709062411768e-01
1.977594925697618855e-01
2.023725691752538969e-01
2.070932536406347724e-01
2.119240561023058855e-01
2.168675452498706191e-01
2.219263496919873235e-01
2.271031593540829285e-01
2.324007269086723892e-01
2.378218692390388911e-01
2.433694689370608788e-01
2.490464758359763886e-01
2.548559085789022238e-01
2.608008562239413908e-01
2.668844798867319734e-01
2.731100144213135517e-01
2.794807701401982869e-01
2.860001345745696866e-01
2.926715742755393035e-01
2.994986366574208803e-01
3.064849518840015441e-01
3.136342347988163026e-01
3.209502869004438597e-01
3.284369983638852353e-01
3.360983501090915593e-01
3.439384159177443223e-01
3.519613645994128515e-01
3.601714622082436423e-01
3.685730743113521113e-01
3.771706683101341828e-01
3.859688158157235094e-01
3.949721950798611436e-01
4.041855934824680197e-01
4.136139100772486255e-01
4.232621581966675151e-01
4.331354681176985966e-01
4.432390897897543480e-01
4.535783956262486316e-01
4.641588833612774190e-01
4.749861789729400430e-01
4.860660396748436862e-01
4.974043569773984319e-01
5.090071598205175851e-01
5.208806177793948722e-01
5.330310443450603231e-01
5.454649002814663250e-01
5.581887970608728766e-01
5.712095003793793424e-01
5.845339337544567249e-01
5.981691822063998076e-01
6.121224960256553826e-01
6.264012946280284044e-01
6.410131704998230928e-01
6.559658932350004301e-01
6.712674136665194302e-01
6.869258680940447670e-01
7.029495826102725164e-01
7.193470775281747276e-01
7.361270719115222683e-01
7.532984882110784763e-01
7.708704570089514041e-01
7.888523218736100961e-01
8.072536443281541629e-01
8.260842089344748729e-01
8.453540284960198159e-01
8.650733493819072750e-01
8.852526569752484642e-01
9.059026812485539981e-01
9.270344024691978824e-01
9.486590570379691556e-01
9.707881434638265805e-01
9.934334284780071966e-01
1.016606953290774440e+00
1.040321039994105856e+00
1.064588298113738229e+00
1.089421631314045902e+00
1.114834244259333307e+00
1.140839649635158271e+00
1.167451675333460059e+00
1.194684471805282699e+00
1.222552519585013986e+00
1.251070636990139429e+00
1.280253988000616738e+00
1.310118090322026640e+00
1.340678823636835659e+00
1.371952438048118061e+00
1.403955562720249350e+00
1.436705214721153867e+00
1.470218808070813399e+00
1.504514163000859828e+00
1.539609515430136133e+00
1.575523526661320117e+00
1.612275293303721435e+00
1.649884357427551018e+00
1.688370716955050366e+00
1.727754836294027818e+00
1.768057657219410439e+00
1.809300610008656163e+00
1.851505624836903063e+00
1.894695143437933105e+00
1.938892131037144750e+00
1.984120088562899564e+00
2.030403065142683428e+00
2.077765670890799221e+00
2.126233089994332470e+00
2.175831094104379471e+00
2.226586056039637551e+00
2.278524963809679615e+00
2.331675434965303939e+00
2.386065731283668612e+00
2.441724773795967085e+00
2.498682158165645095e+00
2.556968170425345743e+00
2.616613803080961365e+00
2.677650771591295609e+00
2.740111531232191755e+00
2.804029294354015267e+00
2.869438048041708988e+00
2.936372572186785490e+00
3.004868457980914176e+00
3.074962126840844245e+00
3.146690849774837151e+00
3.220092767200830597e+00
3.295206909226898517e+00
3.372073216404785079e+00
3.450732560967546991e+00
3.531226768562631513e+00
3.613598640491848979e+00
3.697891976470197406e+00
3.784151597915542897e+00
3.872423371781576140e+00
3.962754234946705978e+00
4.055192219171905421e+00
4.149786476640664468e+00
4.246587306094780523e+00
4.345646179579777169e+00
4.447015769814205655e+00
4.550749978197379697e+00
4.656903963470476526e+00
4.765534171046128087e+00
4.876698363022250682e+00
4.990455648895965268e+00
5.106866516993973093e+00
5.225992866636092415e+00
5.347898041049112372e+00
5.472646861048321654e+00
5.600305659504813072e+00
5.730942316616747689e+00
5.864626296003390138e+00
6.001428681641090002e+00
6.141422215660910844e+00
6.284681337027842041e+00
6.431282221122385678e+00
6.581302820245386265e+00
6.734822905067725962e+00
6.891924107046880188e+00
7.052689961832986576e+00
7.217205953687300557e+00
7.385559560936913570e+00
7.557840302489723605e+00
7.734139785434448022e+00
7.914551753750997065e+00
8.099172138157081591e+00
8.288099107117650632e+00
8.481433119044062607e+00
8.679276975711045949e+00
8.881735876919615080e+00
9.088917476435115717e+00
9.300931939230101975e+00
9.517892000062580848e+00
9.739913023420536220e+00
9.967113064864909333e+00
1.019961293380345069e+01
1.043753625772887261e+01
1.068100954795545832e+01
1.093016226688918380e+01
1.118512689686683892e+01
1.144603901060112250e+01
1.171303734326890478e+01
1.198626386628107987e+01
1.226586386277321239e+01
1.255198600485723048e+01
1.284478243267494513e+01
1.314440883529582216e+01
1.345102453350173910e+01
1.376479256450286570e+01
1.408587976862963664e+01
1.441445687804711007e+01
1.475069860753847983e+01
1.509478374740652207e+01
1.544689525854198919e+01
1.580722036970968070e+01
1.617595067710382750e+01
1.655328224622593680e+01
1.693941571613881081e+01
1.733455640615275684e+01
1.773891442500030280e+01
1.815270478255761333e+01
1.857614750417199545e+01
1.900946774765628078e+01
1.945289592301243431e+01
1.990666781494760329e+01
2.037102470824839529e+01
2.084621351607955475e+01
2.133248691127546337e+01
2.183010346069418262e+01
2.233932776270575005e+01
2.286043058788721538e+01
2.339368902300003583e+01
2.393938661832577353e+01
2.449781353843869880e+01
2.506926671649538463e+01
2.565405001212358016e+01
2.625247437299364961e+01
2.686485800015943326e+01
2.749152651725568930e+01
2.813281314364242647e+01
2.878905887158807175e+01
2.946061264758598597e+01
3.014783155789998759e+01
3.085108101843853490e+01
3.157073496905783827e+01
3.230717607239741085e+01
3.306079591735378642e+01
3.383199522730090081e+01
3.462118407316691560e+01
3.542878209148211255e+01
3.625521870751275344e+01
3.710093336359999228e+01
3.796637575282514376e+01
3.885200605812588037e+01
3.975829519698959302e+01
4.068572507185529474e+01
4.163478882635621403e+01
4.260599110753981478e+01
4.359984833420447359e+01
4.461688897149551281e+01
4.565765381190707473e+01
4.672269626283803490e+01
4.781258264085639809e+01
4.892789247282758680e+01
5.006921880406707714e+01
5.123716851368117631e+01
5.243236263726407032e+01
5.365543669712145913e+01
5.490704104019811638e+01
5.618784118388768434e+01
5.749851816990926778e+01
5.883976892643857326e+01
6.021230663868699651e+01
6.161686112812397909e+01
6.305417924054646761e+01
6.452502524320020427e+01
6.603018123116466143e+01
6.757044754321745472e+01
6.914664318740015858e+01
7.075960627650991341e+01
7.241019447375079210e+01
7.409928544878023615e+01
7.582777734439358142e+01
7.759658925409473795e+01
7.940666171080759739e+01
8.125895718698620840e+01
8.315446060639212078e+01
8.509417986780930221e+01
8.707914638097551574e+01
8.911041561501538411e+01
9.118906765966632122e+01
9.331620779959702361e+01
9.549296710212033190e+01
9.772050301861939658e+01
1.000000000000000426e+02
1.008120420908390145e+02
1.016306783052508393e+02
1.024559621902946276e+02
1.032879477278537905e+02
1.041266893381677221e+02
1.049722418833906801e+02
1.058246606711811211e+02
1.066840014583185337e+02
1.075503204543513363e+02
1.084236743252727706e+02
1.093041201972281584e+02
1.101917156602507646e+02
1.110865187720296063e+02
1.119885880617061247e+02
1.128979825337034413e+02
1.138147616715851456e+02
1.147389854419463830e+02
1.156707142983365912e+02
1.166100091852130731e+02
1.175569315419281935e+02
1.185115433067472992e+02
1.194739069209009443e+02
1.204440853326683225e+02
1.214221420014956010e+02
1.224081409021459024e+02
1.234021465288848134e+02
1.244042238996980245e+02
1.254144385605451362e+02
1.264328565896460219e+02
1.274595446018040263e+02
1.284945697527622315e+02
1.295379997435971120e+02
1.305899028251459981e+02
1.316503478024717708e+02
1.327194040393637522e+02
1.337971414628738955e+02
1.348836305678917995e+02
1.359789424217547094e+02
1.370831486688970529e+02
1.381963215355357306e+02
1.393185338343954527e+02
1.404498589694703412e+02
1.415903709408264035e+02
1.427401443494408397e+02
1.438992544020825903e+02
1.450677769162308266e+02
1.462457883250350221e+02
1.474333656823135641e+02
1.486305866675943719e+02
1.498375295911961302e+02
1.510542733993497961e+02
1.522808976793635054e+02
1.535174826648272131e+02
1.547641092408620409e+02
1.560208589494096998e+02
1.572878139945674150e+02
1.585650572479636935e+02
1.598526722541800495e+02
1.611507432362147370e+02
1.624593551009926387e+02
1.637785934449181013e+02
1.651085445594748649e+02
1.664492954368694200e+02
1.678009337757215746e+02
1.691635479868012624e+02
1.705372271988105126e+02
1.719220612642145340e+02
1.733181407651177892e+02
1.747255570191900631e+02
1.761444020856385748e+02
1.775747687712306231e+02
1.790167506363628149e+02
1.804704420011823345e+02
1.819359379517550792e+02
1.834133343462858363e+02
1.849027278213887371e+02
1.864042157984078187e+02
1.879178964897892001e+02
1.894438689055053260e+02
1.909822328595318481e+02
1.925330889763751827e+02
1.940965386976558023e+02
1.956726842887421469e+02
1.972616288454411801e+02
1.988634763007405297e+02
2.004783314316081260e+02
2.021062998658442780e+02
2.037474880889921565e+02
2.054020034513018800e+02
2.070699541747528087e+02
2.087514493601325682e+02
2.104465989941732573e+02
2.121555139567450396e+02
2.138783060281093640e+02
2.156150878962310173e+02
2.173659731641476753e+02
2.191310763574022928e+02
2.209105129315326792e+02
2.227043992796249938e+02
2.245128527399254494e+02
2.263359916035169590e+02
2.281739351220550702e+02
2.300268035155697817e+02
2.318947179803276697e+02
2.337778006967600390e+02
2.356761748374551644e+02
2.375899645752145375e+02
2.395192950911746834e+02
2.414642925829956255e+02
2.434250842731161129e+02
2.454017984170738487e+02
2.473945643118962892e+02
2.494035123045563580e+02
2.514287738005000961e+02
2.534704812722402494e+02
2.555287682680229580e+02
2.576037694205614343e+02
2.596956204558441641e+02
2.618044582020110624e+02
2.639304205983040674e+02
2.660736467040904358e+02
2.682342767079578039e+02
2.704124519368838833e+02
2.726083148654808497e+02
2.748220091253153896e+02
2.770536795143020186e+02
2.793034720061762641e+02
2.815715337600408361e+02
2.838580131299932532e+02
2.861630596748277640e+02
2.884868241678199752e+02
2.908294586065870249e+02
2.931911162230316563e+02
2.955719514933632581e+02
2.979721201482032598e+02
3.003917791827716997e+02
3.028310868671558183e+02
3.052902027566622678e+02
3.077692877022537346e+02
3.102685038610713377e+02
3.127880147070392809e+02
3.153279850415600549e+02
3.178885810042916660e+02
3.204699700840172341e+02
3.230723211295982651e+02
3.256958043610210325e+02
3.283405913805287923e+02
3.310068551838483017e+02
3.336947701715035350e+02
3.364045121602242148e+02
3.391362583944464291e+02
3.418901875579057901e+02
3.446664797853242703e+02
3.474653166741937866e+02
3.502868812966551673e+02
3.531313582114708538e+02
3.559989334760993529e+02
3.588897946588627974e+02
3.618041308512183036e+02
3.647421326801239729e+02
3.677039923205103378e+02
3.706899035078478164e+02
3.737000615508219425e+02
3.767346633441057406e+02
3.797939073812400466e+02
3.828779937676173404e+02
3.859871242335702277e+02
3.891215021475657636e+02
3.922813325295085178e+02
3.954668220641520975e+02
3.986781791146159435e+02
4.019156137360170078e+02
4.051793376892068750e+02
4.084695644546258109e+02
4.117865092462636198e+02
4.151303890257398166e+02
4.185014225164920276e+02
4.218998302180857536e+02
4.253258344206348056e+02
4.287796592193420224e+02
4.322615305291586196e+02
4.357716760995601248e+02
4.393103255294430483e+02
4.428777102821434255e+02
4.464740637005783128e+02
4.500996210225058576e+02
4.537546193959152561e+02
4.574392978945358550e+02
4.611538975334777888e+02
4.648986612849936364e+02
4.686738340943746834e+02
4.724796628959693976e+02
4.763163966293387830e+02
4.801842862555365059e+02
4.840835847735257289e+02
4.880145472367285038e+02
4.919774307697079507e+02
4.959724945849861797e+02
4.999999999999998295e+02
