# bin_1_2
3.057943770340839881e-11
3.115032552996410801e-11
3.181533982956005317e-11
3.257998731964709824e-11
3.346662507308636888e-11
3.449404316874624368e-11
3.567529098701554773e-11
3.701852637801824484e-11
3.851348715696883801e-11
4.018003561934720361e-11
4.204477222580746606e-11
4.416464389803378012e-11
4.652277685795289246e-11
4.909515690580380576e-11
5.192786445425432739e-11
5.500530015788974115e-11
5.829735692401883469e-11
6.178182815430236270e-11
6.541471471297044520e-11
6.915412643211131197e-11
7.295920177614749477e-11
7.674699077765856370e-11
8.038222439607708553e-11
8.374314864225057771e-11
8.675595495617322199e-11
8.926049687845836519e-11
9.105137512078114919e-11
9.199287518224061577e-11
9.189162339775978056e-11
9.059512610375249524e-11
8.790434134494603167e-11
8.382026203623731939e-11
7.828823918167069866e-11
7.145914107615989523e-11
6.354815672937380577e-11
5.490367832139358503e-11
4.591382911565027329e-11
3.703419169836024360e-11
2.868744613276939234e-11
2.126257754092439995e-11
1.494006124664006704e-11
9.729470473615592493e-12
5.573397579895221619e-12
2.344498189198176070e-12
-2.546469902694546508e-14
-1.616588539679895407e-12
-2.522712093999782755e-12
-2.870690007902767007e-12
-2.819180911730833335e-12
-2.513047938517378133e-12
-2.066429629538698719e-12
-1.554380308009374249e-12
-1.039643016982835176e-12
-5.717884437722306207e-13
-1.764614862864204605e-13
1.366133010937595044e-13
3.662814253443886458e-13
5.198566860353109001e-13
6.076943329433224061e-13
6.427946736347496103e-13
6.377892343627001453e-13
6.044705081806248454e-13
5.529699362206922589e-13
4.914684177865356472e-13
4.262768884739159078e-13
3.619673054859087532e-13
3.016191905331839299e-13
2.470935108163737957e-13
1.993144545887321233e-13
1.585182099537174895e-13
1.244429130836991490e-13
9.654769547577717807e-14
7.410016106641515619e-14
5.631365281176088168e-14
4.242073114974052781e-14
3.169778086566789496e-14
2.351407911038908655e-14
1.732947934330704005e-14
1.269608566666161162e-14
9.249981407669072440e-15
6.708892974973192433e-15
4.843010845409742664e-15
3.482781265588909054e-15
2.496598149170778130e-15
1.784273389899045803e-15
1.272274407635292267e-15
9.040223670062732714e-16
6.413592835666892987e-16
4.550122509562282590e-16
3.234610539306926745e-16
2.302505973461416391e-16
1.647720544958366417e-16
1.184010507354341609e-16
8.732815207627744683e-17
6.652481426571518175e-17
5.305211392664717163e-17
4.500886160731171070e-17
4.077656727341039352e-17
3.951042790783413939e-17
3.985492637181259490e-17
