# bin_3_1
2.123497058988407940e-10
2.169691559620404027e-10
2.223082463086970463e-10
2.284513997592399358e-10
2.355530920490067596e-10
2.437183791570386762e-10
2.530793162059329330e-10
2.637296338114668869e-10
2.758691544776482739e-10
2.895737304716544395e-10
3.050660613039678665e-10
3.224635652482071752e-10
3.419231716317640998e-10
3.634607767330879776e-10
3.871483739991052560e-10
4.129205002376974432e-10
4.406472261021834948e-10
4.700458324904708176e-10
5.007456646601285222e-10
5.321933050571421935e-10
5.636923511340847502e-10
5.942501270925573927e-10
6.226012000240605857e-10
6.475096362999989097e-10
6.677335555116864254e-10
6.816602377917912436e-10
6.878815317442269523e-10
6.852188767214366710e-10
6.726368071621179797e-10
6.492182387343880979e-10
6.145885596322049358e-10
5.692627886374651760e-10
5.142062807845022276e-10
4.517020551287804460e-10
3.842986179435448947e-10
3.153926604245951107e-10
2.482928302646502024e-10
1.860945174376085201e-10
1.309394640150909440e-10
8.430768265075800359e-11
4.676309404243105458e-11
1.777347283373832086e-11
-3.595479313430128602e-12
-1.843018391018254564e-11
-2.768027683911341605e-11
-3.205522798095056866e-11
-3.252057334941304846e-11
-3.008634072938120375e-11
-2.591045203323762604e-11
-2.093294327889431395e-11
-1.574315369119189663e-11
-1.082115058924420738e-11
-6.465135710372035066e-12
-2.845459220945689572e-12
-8.253936967592449296e-15
2.070017204857563720e-12
3.471201748389403205e-12
4.300428487737583012e-12
4.673884309941089651e-12
4.704857221523328201e-12
4.494053330380307560e-12
4.127879512271730158e-12
3.675081472934121035e-12
3.187982927818300863e-12
2.704352657167733869e-12
2.249368439134470160e-12
1.838266232695417389e-12
1.478481594343404032e-12
1.171958740140977129e-12
9.167418508707938387e-13
7.084631199060107305e-13
5.415573791650467057e-13
4.098678001947837088e-13
3.074642456270163050e-13
2.288098045533583554e-13
1.690800626727928583e-13
1.241465070996045164e-13
9.065277194992576355e-14
6.585709203190273669e-14
4.761874875356995175e-14
3.430724292769822101e-14
2.462098764840735982e-14
1.760688121151077437e-14
1.255842082380476381e-14
8.931898375524623409e-15
6.326986611153947809e-15
4.482922238149908453e-15
3.174657958572439609e-15
2.234541665324091586e-15
1.581270621052601602e-15
1.119379313445653699e-15
7.991158948534796438e-16
5.779498604019179057e-16
4.296109384129455428e-16
3.424511627648499031e-16
2.898093525097753059e-16
2.680265322577379780e-16
2.576973238474659985e-16
2.607180517677312661e-16
2.682316890072549996e-16
