# bin_4_4
2.653950889726647548e-11
2.722082911126664698e-11
2.801439936403944926e-11
2.893736506964052303e-11
3.000939609047127225e-11
3.125394912532241265e-11
3.269543973891022877e-11
3.436663558370669041e-11
3.629981656852682214e-11
3.853140949823284920e-11
4.110676758498744329e-11
4.406968064183330161e-11
4.747427765454153599e-11
5.137890697078133475e-11
5.584476146945789724e-11
6.093975705231423037e-11
6.673711791263625729e-11
7.331196494830314418e-11
8.074252926262323017e-11
8.910581056832659024e-11
9.847295885148439240e-11
1.089092149542057637e-10
1.204608406444679024e-10
1.331431508496864790e-10
1.469284870839050032e-10
1.617304485984058943e-10
1.773890618537573715e-10
1.936475126791334387e-10
2.101259646755425078e-10
2.263539138367902566e-10
2.417048680866157834e-10
2.555098761812779086e-10
2.669684996214356196e-10
2.752004360409873260e-10
2.793609543792747962e-10
2.786295008625012705e-10
2.723393310642798644e-10
2.600307227773969244e-10
2.416894704117518316e-10
2.180191127586551271e-10
1.904009560303605196e-10
1.608014479807565078e-10
1.315486813677423040e-10
1.048572583611958404e-10
8.213493996794222782e-11
6.359192215692484260e-11
4.831170432658162738e-11
3.501251222940767944e-11
2.322055862083303584e-11
1.379315401212680537e-11
7.582395512086539665e-12
3.800056311949233177e-12
1.241774294895906796e-12
-1.554131110037513355e-13
-6.194596912792574463e-13
-5.811721999614789443e-13
-2.405362621410707279e-13
2.269808885076201026e-13
7.007199322844307834e-13
1.110089377786546323e-12
1.418818130816492471e-12
1.617107445701957123e-12
1.710254477998864820e-12
1.713624360493818642e-12
1.647345156388166298e-12
1.531677251947761765e-12
1.384908615282116987e-12
1.222541340226355516e-12
1.056658879927639733e-12
8.961426852437683407e-13
7.469551685236241508e-13
6.126840113915453286e-13
4.950426910833090687e-13
3.943530355349011555e-13
3.099549338051473071e-13
2.405452412981997086e-13
1.844691305017017156e-13
1.398994478199979338e-13
1.050199034919858282e-13
7.810847117418828688e-14
5.761074205696642184e-14
4.217867968641474013e-14
3.067719418729634359e-14
2.218335480265079211e-14
1.595943468287165547e-14
1.143275448195477310e-14
8.158389269084908491e-15
5.799859439265838356e-15
4.113124894232254509e-15
2.908339442051118368e-15
2.054393398685056848e-15
1.442466559952362836e-15
1.011186075447196063e-15
7.070306984453206640e-16
4.988054901627833581e-16
3.478984695801867865e-16
2.419490912769337160e-16
1.656908281187030265e-16
1.138005565395276246e-16
8.659897522199002349e-17
