# bin_2_1
1.690407651017307180e-10
1.725563128793380598e-10
1.766164073593123238e-10
1.812890502819524048e-10
1.866501667416114684e-10
1.927991818821711481e-10
1.998365441358512584e-10
2.078394340909571672e-10
2.168357803666473069e-10
2.269947202572524923e-10
2.383394082218673615e-10
2.510622759622527038e-10
2.651204865141554555e-10
2.805285197478851057e-10
2.973031965146438147e-10
3.153344214864602890e-10
3.344135052570622849e-10
3.542417016259159656e-10
3.744501634584595881e-10
3.945281638179871070e-10
4.139011499666723681e-10
4.317921355621589372e-10
4.471968692559857615e-10
4.591371502009298221e-10
4.668184883869054109e-10
4.692858550029643897e-10
4.656001165758076775e-10
4.552650044573249544e-10
4.378641265032919347e-10
4.133320294226307804e-10
3.816548846841309154e-10
3.438843959498955349e-10
3.011485537506798219e-10
2.554059650123085158e-10
2.087259127817379769e-10
1.633781047885013884e-10
1.213945823377849181e-10
8.429267745251339474e-11
5.278830136221114668e-11
2.728749932600294701e-11
7.636192010078374584e-12
-6.794032411240541645e-12
-1.660948965129297290e-11
-2.247543453541277884e-11
-2.508116509246286541e-11
-2.502287372971530604e-11
-2.306345397189362672e-11
-1.989845419810563028e-11
-1.613744115544904886e-11
-1.227863083817945479e-11
-8.617843785279250808e-12
-5.379947845494834185e-12
-2.675064869721479097e-12
-5.398091730819131861e-13
1.046059903355954979e-12
2.133651543507168554e-12
2.802109009147962748e-12
3.132982981529600527e-12
3.207266482024649507e-12
3.099170417614531486e-12
2.870582650706804818e-12
2.572414952318100937e-12
2.243333598456299983e-12
1.911448194062687061e-12
1.595952901539452124e-12
1.308679449825139672e-12
1.055808008402466309e-12
8.393102830340872638e-13
6.583289895996993373e-13
5.101239390659073271e-13
3.909158754106437339e-13
2.966211807927988149e-13
2.230550159420636564e-13
1.663899244693920289e-13
1.232472897289518869e-13
9.069478657635845014e-14
6.636708605433154504e-14
4.831140764192147296e-14
3.501387908763302706e-14
2.526557943336027445e-14
1.816531857016532175e-14
1.301547239072309399e-14
9.297800909983399576e-15
6.625683651308209996e-15
4.705918304115761143e-15
3.344834562623842808e-15
2.356647329456220263e-15
1.664439406960356221e-15
1.179771805829539809e-15
8.365787819439008866e-16
5.986414048017176858e-16
4.371468084303567624e-16
3.266830438480678445e-16
2.560110961899246356e-16
2.173762046977949919e-16
1.965749162902241749e-16
1.898974273392284061e-16
1.901320762476690058e-16
1.937479839336457202e-16
1.975130770738779892e-16
