# bin_1_4
6.603697240005926544e-12
6.750644011164141171e-12
6.920961007434083199e-12
7.117374195355950350e-12
7.342863036959430414e-12
7.601448089163605003e-12
7.895541406265915455e-12
8.231700976800293081e-12
8.612986615935794538e-12
9.042459073324203664e-12
9.526440177495317189e-12
1.006594834013880287e-11
1.066562300294356468e-11
1.132863766989024116e-11
1.205543595890216325e-11
1.284679737266880132e-11
1.370288916654981358e-11
1.462153450347710618e-11
1.560030870418577326e-11
1.663554390788484054e-11
1.772216252124210710e-11
1.885744644542496194e-11
2.003752838614120683e-11
2.125747958239322335e-11
2.251075506139643532e-11
2.379002723361765625e-11
2.508993221992983478e-11
2.639709715010649975e-11
2.768418980591004400e-11
2.892888655504805625e-11
3.008740021184714703e-11
3.110488934214836404e-11
3.193581340198142892e-11
3.250652120028272229e-11
3.276406483204684373e-11
3.263935996072880108e-11
3.207345096757556102e-11
3.099554993699556513e-11
2.934930371116740626e-11
2.712295876218822790e-11
2.437725436348564896e-11
2.123566209815622977e-11
1.789484979613380681e-11
1.462629474568378185e-11
1.169398878698790214e-11
9.269348416384429425e-12
7.352192579236273705e-12
5.764453641308432254e-12
4.306741010707214929e-12
2.972040213992893841e-12
1.940458007324469098e-12
1.275008403102470863e-12
8.245660863489324895e-13
4.985833456860989151e-13
3.049931891786218087e-13
2.080057922466190120e-13
1.648246350029188896e-13
1.591120329383568658e-13
1.704660598007299308e-13
1.877142516887535104e-13
2.032258179742667681e-13
2.131336412091682398e-13
2.158989383633078283e-13
2.115571345954631424e-13
2.011921721230887935e-13
1.863382736841029471e-13
1.685578745045232820e-13
1.492903081451087376e-13
1.297301025983197581e-13
1.107891860658764192e-13
9.310795923935513002e-14
7.708292088336542191e-14
6.291695905716147659e-14
5.066502535454276722e-14
4.027281618816272502e-14
3.161421137248548729e-14
2.452188270917480368e-14
1.880267639578411939e-14
1.426100640596906359e-14
1.070772958491068224e-14
7.964219393196659217e-15
5.873568507452410763e-15
4.298915959019097205e-15
3.124165136458261575e-15
2.256874348819235299e-15
1.622097007017561875e-15
1.160958153074650827e-15
8.269828290653265015e-16
5.872754857208856229e-16
4.160384091114406765e-16
2.946890454481908663e-16
2.080955970375300952e-16
1.464782849443424158e-16
1.029571171409156578e-16
7.307092908808966413e-17
5.251246190751514164e-17
3.778851430521777353e-17
2.717367678089439448e-17
1.959771208144183849e-17
1.548633255097256874e-17
