# bin_3_2
8.089462738146993321e-11
8.278565085632990355e-11
8.498651122546941877e-11
8.753450243776360773e-11
9.050591888489378118e-11
9.395420952434081006e-11
9.794585025917486972e-11
1.025429123401220659e-10
1.078259363730957155e-10
1.138674534258993095e-10
1.208003945874618037e-10
1.287570148832767172e-10
1.378410704878017419e-10
1.481361479672438459e-10
1.598035448617918242e-10
1.729464586963015549e-10
1.876625385156705002e-10
2.040370882711219389e-10
2.221253980977893751e-10
2.419454071528316156e-10
2.634671129465662035e-10
2.865323440126871419e-10
3.108443974194624691e-10
3.360271079941231786e-10
3.615667630643492207e-10
3.866754111389896816e-10
4.104407554559725945e-10
4.318042630305324608e-10
4.495252703745164856e-10
4.622066121102196275e-10
4.684207443957048902e-10
4.668876505941685936e-10
4.564320616703611416e-10
4.364078193481671018e-10
4.066896413096362564e-10
3.680936658078925263e-10
3.223714605331770838e-10
2.722846840025384671e-10
2.212550629157654778e-10
1.728460903569367912e-10
1.298202624931929274e-10
9.347609740417130302e-11
6.367003376148728336e-11
3.936156856981736960e-11
1.971111251790640022e-11
4.493581853266223806e-12
-6.124376415683215312e-12
-1.229558733365375535e-11
-1.496433174003547267e-11
-1.525694737086823974e-11
-1.399004501222704463e-11
-1.172857822403087095e-11
-9.005206460140407257e-12
-6.231635369721581632e-12
-3.670066939230136887e-12
-1.479542436163620824e-12
2.685336520657661514e-13
1.565122821630799575e-12
2.443921292864773049e-12
2.963025753157677693e-12
3.191044770969505952e-12
3.198313196532744185e-12
3.049206528685126487e-12
2.798741576959550833e-12
2.491554591807895282e-12
2.161858912857979795e-12
1.834462269824267840e-12
1.526105433169496881e-12
1.247031872425384653e-12
1.002448611052010484e-12
7.938248535059619274e-13
6.200440972610833133e-13
4.782729197702323793e-13
3.647628000292913051e-13
2.753723739952394263e-13
2.060129695528091725e-13
1.528841355707774628e-13
1.126529589722808498e-13
8.248321631341063295e-14
6.005223623133539957e-14
4.350880287507951794e-14
3.138301486838016824e-14
2.254523787417755796e-14
1.613941409684885660e-14
1.151912116601233484e-14
8.198535253620656359e-15
5.823367709126542655e-15
4.122897463235664922e-15
2.907135796292897773e-15
2.048589431159099093e-15
1.442268518350047852e-15
1.016750173944891610e-15
7.109717054459533078e-16
4.943700785687426116e-16
3.470905361073623498e-16
2.466823997652002934e-16
1.841145808145203187e-16
1.442505836757615037e-16
1.266717869711203289e-16
1.284312852976308976e-16
