# bin_1_3
7.379782216423893954e-12
7.527366434237070587e-12
7.698758786803141845e-12
7.896670567571134180e-12
8.125930294194505635e-12
8.389635052108928228e-12
8.693347405873623357e-12
9.040996989988824324e-12
9.435858961589085476e-12
9.883193811327321834e-12
1.039079218961479028e-11
1.096670655943496167e-11
1.161503257458883500e-11
1.233775188980882375e-11
1.314273011473452315e-11
1.403221291790482529e-11
1.500879149323589085e-11
1.607614034252747410e-11
1.723619059570976134e-11
1.848589541026990410e-11
1.981614585155493048e-11
2.121677544843602784e-11
2.268337296076046926e-11
2.420147562768819390e-11
2.574119972947294045e-11
2.728418418121541347e-11
2.880039881389772729e-11
3.025487995669455364e-11
3.158979473594128067e-11
3.276291808081942605e-11
3.371176208769098878e-11
3.438127351812541117e-11
3.470731027562903332e-11
3.463013321768096642e-11
3.409711964544872324e-11
3.305561348659697074e-11
3.145275732155675067e-11
2.925948249219103967e-11
2.650197417575379297e-11
2.327911031889515700e-11
1.976198394366973342e-11
1.619175569343575316e-11
1.284883588775970569e-11
9.965294726713416732e-12
7.634869012671608873e-12
5.777815379322808589e-12
4.209859714707731557e-12
2.817159434842577837e-12
1.654472733475254464e-12
8.428201318406992603e-13
3.602636964377555142e-13
6.528897413789783439e-14
-1.068632807213177775e-13
-1.568987284994836472e-13
-1.377777098003603736e-13
-8.183543701763433803e-14
-9.195787450554601508e-15
6.362628197765114436e-14
1.268763381128813013e-13
1.756446224938964072e-13
2.083923277599232910e-13
2.258728536536833776e-13
2.301205905397324620e-13
2.239219246206767205e-13
2.101711567354227061e-13
1.915006026439968333e-13
1.701477897861357883e-13
1.478984445346452236e-13
1.260740004934293395e-13
1.055839601830579593e-13
8.699137469899067347e-14
7.058698364177335850e-14
5.645784057173957937e-14
4.454511103148612715e-14
3.469707807428803697e-14
2.670044626727749518e-14
2.031651239492792615e-14
1.529955151298461304e-14
1.141405135687513412e-14
8.443383029578596614e-15
6.199637896145016895e-15
4.521928171211265975e-15
3.278567470774834176e-15
2.365222820676389544e-15
1.698618972975159487e-15
1.214875475179573494e-15
8.659795346150226719e-16
6.154972141879247438e-16
4.364789000325888749e-16
3.093310869325111065e-16
2.185458188791925244e-16
1.536387126364727669e-16
1.083663168180459276e-16
7.710287854384297114e-17
5.547987254790318603e-17
3.966118395066559560e-17
2.867587247328531367e-17
2.103147896705624761e-17
1.646342991933195489e-17
1.324633034671172581e-17
