# bin_4_2
9.774513502424224805e-11
1.000936945488468476e-10
1.028300701962223086e-10
1.060071634927829897e-10
1.097008845353239176e-10
1.139941335760015456e-10
1.189716379814996979e-10
1.247232267015673925e-10
1.313304055473348340e-10
1.389214441015881999e-10
1.476383258387856748e-10
1.576739884512700747e-10
1.691543990414903893e-10
1.822148798213407326e-10
1.970721032389796425e-10
2.138879746493843221e-10
2.328102808170743026e-10
2.539883807314500586e-10
2.775288186973336771e-10
3.035037597774600177e-10
3.319295759637823350e-10
3.626862893684108775e-10
3.954785439642223709e-10
4.298644825509021765e-10
4.652427533483146086e-10
5.007067744633150096e-10
5.350798472370464900e-10
5.670084497813089675e-10
5.948580113189545598e-10
6.168243179824461616e-10
6.308838759630560831e-10
6.352084388427959338e-10
6.280124236855061264e-10
6.080428456674697776e-10
5.747092200653545198e-10
5.285021582900778709e-10
4.712124060734013968e-10
4.060717252563049182e-10
3.374275636989319586e-10
2.701946174462788256e-10
2.086234359488142111e-10
1.553214913843667400e-10
1.109101374861564991e-10
7.440633710322472498e-11
4.455480513423751816e-11
2.069247914649182989e-11
2.949975270025874207e-12
-8.579187330338914065e-12
-1.478436496265041304e-11
-1.716070082889616149e-11
-1.694779105660399335e-11
-1.497487979858955405e-11
-1.200925143871906265e-11
-8.689576556739175195e-12
-5.440741160741704382e-12
-2.542429557706749522e-12
-1.468605106114657158e-13
1.692592071140630067e-12
2.989995013961198327e-12
3.803411364595083930e-12
4.212532779183198579e-12
4.305643226826299745e-12
4.167688381965739088e-12
3.873677426926513580e-12
3.486176425738858434e-12
3.054389256214472076e-12
2.615001744457930150e-12
2.193592312514436350e-12
1.806561038888036050e-12
1.463074641470081821e-12
1.166774103044850653e-12
9.174066103983867908e-13
7.120315958649545727e-13
5.461303243093012625e-13
4.144267400306704459e-13
3.114692397519034928e-13
2.320865959867331575e-13
1.716168747655948346e-13
1.260413870888010448e-13
9.200839743593088073e-14
6.680785501539132884e-14
4.827748810357753926e-14
3.473921485171365815e-14
2.490291713039180522e-14
1.779187162549242811e-14
1.267611948826350639e-14
9.006436257923052648e-15
6.380905708422662135e-15
4.505789987263108816e-15
3.173526377995772237e-15
2.233185633217712262e-15
1.572518472875399815e-15
1.101846049345694970e-15
7.676013095347550323e-16
5.341874109962289505e-16
3.742279088287472024e-16
2.717965780916995915e-16
2.055505009290393344e-16
1.700746206730909102e-16
1.634440193329421179e-16
