# bin_4_3
4.096049886775121390e-11
4.201237418070849319e-11
4.323862757263170206e-11
4.466666091426593888e-11
4.632988837629957271e-11
4.826437103536035522e-11
5.051417120464903223e-11
5.312719773385216900e-11
5.615737294289591474e-11
5.966827504775597234e-11
6.373426406955345775e-11
6.843892459060464146e-11
7.387225908686437308e-11
8.013274606743109866e-11
8.733590082686689530e-11
9.560302632694183185e-11
1.050665659781490810e-10
1.158692856416888665e-10
1.281584573354841205e-10
1.420773589984194866e-10
1.577578096596619611e-10
1.753132583953016210e-10
1.948309001119752490e-10
2.163348091349651360e-10
2.397527568123135796e-10
2.649193623209304983e-10
2.915118809700811392e-10
3.190178194404309359e-10
3.466861371657545934e-10
3.736617553807398013e-10
3.989123711123258288e-10
4.211708660165028998e-10
4.389806648774913283e-10
4.508486161009575763e-10
4.552792927155453854e-10
4.507984062029466509e-10
4.361106053705156648e-10
4.106001838028787876e-10
3.747955892865545386e-10
3.304851547689565534e-10
2.808477167565840734e-10
2.302526256281680816e-10
1.832946250935449463e-10
1.432672719118753203e-10
1.108467930094010634e-10
8.403041073644975327e-11
6.013299632570169497e-11
3.865303082785708609e-11
2.154213462009641301e-11
1.014244159146483930e-11
3.161519892682554703e-12
-1.275144644373964603e-12
-3.626008943049654904e-12
-4.184781067496558312e-12
-3.754934707488632817e-12
-2.753470265846241765e-12
-1.517256561194594059e-12
-2.840015186922737790e-13
7.986217690083435859e-13
1.657137523966089191e-12
2.268365000215553148e-12
2.641876602243859187e-12
2.808390950006946676e-12
2.809575812794847717e-12
2.688139669859248702e-12
2.483359804000486082e-12
2.228978842620141156e-12
1.952149700862735389e-12
1.673289185211352367e-12
1.406803763951558970e-12
1.162003753643376422e-12
9.441437034413114336e-13
7.553987704927587702e-13
5.956975293526500925e-13
4.634381544699865242e-13
3.560363052289747342e-13
2.703859730171855898e-13
2.032058284344890551e-13
1.512979048401074253e-13
1.117213263810867415e-13
8.189697728449371608e-14
5.964721176924489489e-14
4.319703566081128538e-14
3.113079488066969662e-14
2.233992592709738163e-14
1.596715080673104618e-14
1.137116675352747628e-14
8.077086530837793454e-15
5.727936659648575439e-15
4.052215098544325521e-15
2.850471870503858091e-15
1.994519788806434078e-15
1.400083314048289665e-15
9.886418531807306458e-16
6.948610220514346854e-16
4.781229312543447812e-16
3.240377072721300377e-16
2.249159078435924217e-16
1.605789105820543749e-16
1.103847880319652890e-16
