# bin_2_2
5.105892842341633072e-11
5.216095355751604762e-11
5.344415797582178979e-11
5.492785564660806763e-11
5.664958417075586817e-11
5.864699851371276266e-11
6.095351903887569467e-11
6.360022862347342275e-11
6.660196756092228809e-11
7.000935687177893637e-11
7.387913824403044388e-11
7.830554534976497835e-11
8.330754434945210306e-11
8.890107468949149876e-11
9.517324080321905347e-11
1.021483723575307329e-10
1.098324505751939356e-10
1.182334575622898642e-10
1.273262198771244949e-10
1.370719152854178159e-10
1.474116728591718684e-10
1.582109610017232446e-10
1.692439968707015653e-10
1.802524161100981240e-10
1.909703118071007185e-10
2.009938558162745766e-10
2.098241075273534686e-10
2.169742698654550386e-10
2.218554179011723651e-10
2.238895095302877155e-10
2.224519547798634728e-10
2.171671839477747770e-10
2.076825873874029840e-10
1.940114657165105640e-10
1.764560553769245252e-10
1.557340184321509412e-10
1.328877168626393567e-10
1.092744320340338685e-10
8.634151158089462497e-11
6.543923343882484568e-11
4.737714876448431301e-11
3.235315891345991647e-11
2.016177710473136293e-11
1.040325201641558269e-11
2.876512810338492076e-12
-2.514763180518817675e-12
-5.884720517620870683e-12
-7.515602165961433442e-12
-7.864443396899205537e-12
-7.359092950129267150e-12
-6.325703313761636115e-12
-5.008761509175121093e-12
-3.616625742400431279e-12
-2.299354491627378475e-12
-1.145730224146961849e-12
-2.021537293609952516e-13
5.183967788469470731e-13
1.026893953329607890e-12
1.347748355821789486e-12
1.513554175288003988e-12
1.558394098642384095e-12
1.514899350345082713e-12
1.411743126004302870e-12
1.272611007626997571e-12
1.116156115590631858e-12
9.562276761997104958e-13
8.024923211913545845e-13
6.611355559370782483e-13
5.356159741123137234e-13
4.273345662322810463e-13
3.361919133315615272e-13
2.611364326054427145e-13
2.004949685173590146e-13
1.523267083328037351e-13
1.146489832995714144e-13
8.556426562419527815e-14
6.337938703598410511e-14
4.663266420167587422e-14
3.410565765727731456e-14
2.480862662063551423e-14
1.796267477221245151e-14
1.294858599884117277e-14
9.298590388744775793e-15
6.655116668419718892e-15
4.749451532585927478e-15
3.381332190134148619e-15
2.399543065071601924e-15
1.697988429325657927e-15
1.198917555629986302e-15
8.469611152419580929e-16
5.982606184884475163e-16
4.227396296928552906e-16
2.970334480436360847e-16
2.107117313309979305e-16
1.522914477454848030e-16
1.138491917453474450e-16
9.023000264841261849e-17
7.694559322726161950e-17
7.320527295277307534e-17
7.530075898810645731e-17
