# bin_3_3
2.323897199461098599e-11
2.380959623863990304e-11
2.447420762374307848e-11
2.524691887627766384e-11
2.614570852042157311e-11
2.718873278225657904e-11
2.839926394334687017e-11
2.980117724276190072e-11
3.142061171612410316e-11
3.328907859498682682e-11
3.544404578613513968e-11
3.792679287347698867e-11
4.077893458996410119e-11
4.404391053097356738e-11
4.777498921543048374e-11
5.202358061338027719e-11
5.684442413338138311e-11
6.229500658314322274e-11
6.843066017463569848e-11
7.529799210152284146e-11
8.293062023199673631e-11
9.134763804956530204e-11
1.005535602261254766e-10
1.105127594501835079e-10
1.211314029793667954e-10
1.322780956130627137e-10
1.437427165525108733e-10
1.552313326520864938e-10
1.663495517733969466e-10
1.766971055014722466e-10
1.857691604577075723e-10
1.929828218154787554e-10
1.977366319920490378e-10
1.994421683526499939e-10
1.975568491225797376e-10
1.915921308577880104e-10
1.812298356134396423e-10
1.665638289015193124e-10
1.481719110006048648e-10
1.271476809694402976e-10
1.050949891541653344e-10
8.388059660168127116e-11
6.513524869481460630e-11
4.968135458509533301e-11
3.722126100067842325e-11
2.669203472991696312e-11
1.732721997261487170e-11
9.465773559160912590e-12
3.879803783165999149e-12
4.892405080754773813e-13
-1.492100248893432084e-12
-2.539918468265077150e-12
-2.788882718405526411e-12
-2.502714929750909790e-12
-1.945302202334253867e-12
-1.265998505536475340e-12
-5.861409338345864053e-13
2.004647989758181307e-14
5.119690176811679697e-13
8.762861191972713360e-13
1.116426652839300284e-12
1.246194265577464482e-12
1.285787145534793314e-12
1.256943938545320969e-12
1.179881315487954458e-12
1.072272907542579260e-12
9.485684054140907286e-13
8.198895570418103609e-13
6.942664027149554762e-13
5.770718666567116722e-13
4.715324684494051933e-13
3.792166246131346798e-13
3.004750155155484635e-13
2.348017766098724830e-13
1.811402215695840065e-13
1.381043553488150486e-13
1.041747403949522915e-13
7.783364566551626894e-14
5.766255752738501051e-14
4.240037219863247841e-14
3.097215844056316056e-14
2.249289576232153234e-14
1.625103780509984326e-14
1.169014143657868029e-14
8.376214350044081241e-15
5.978129493789025212e-15
4.254233238527247093e-15
3.020370144633940716e-15
2.141303641785550018e-15
1.512458224978343058e-15
1.061821827299868978e-15
7.435572016661102317e-16
5.244617876214472269e-16
3.705778966748522155e-16
2.590352721915599988e-16
1.785238387515922308e-16
1.216590570967894623e-16
8.911310293430101459e-17
6.396541616915010836e-17
4.686446349975349698e-17
