# bin_4_1
2.281468725151010959e-10
2.331872360128517295e-10
2.390209545330907504e-10
2.457552200347361507e-10
2.535091353995731204e-10
2.624338837274014256e-10
2.726876954032752458e-10
2.844112461563162611e-10
2.977000500046511137e-10
3.128090083538392502e-10
3.298387881335941861e-10
3.490825514154099781e-10
3.705846983823670162e-10
3.944607143008044228e-10
4.208229853100145869e-10
4.496471374126998863e-10
4.807922054461930625e-10
5.139968602451396846e-10
5.488991467492357945e-10
5.849262009101098054e-10
6.213750903003344170e-10
6.572443919281748724e-10
6.911928451236021100e-10
7.217910464605759155e-10
7.476620503444481535e-10
7.671276478721898460e-10
7.784405202316548179e-10
7.801878959885205391e-10
7.709946092490970239e-10
7.498271460384941204e-10
7.157917863713619099e-10
6.692939167898775411e-10
6.111434736465149614e-10
5.434390182779301281e-10
4.689497458332668216e-10
3.912390351259704854e-10
3.141395105291793378e-10
2.412615631754835298e-10
1.753816705891272999e-10
1.187088822426915449e-10
7.225544126738379637e-11
3.574367751513983908e-11
8.272706263336622568e-12
-1.143320020948755999e-11
-2.454567323516718811e-11
-3.184791603843394952e-11
-3.430845717780904820e-11
-3.300592611058163192e-11
-2.922751532530819422e-11
-2.420295533080019714e-11
-1.866870163578548637e-11
-1.322932461334644796e-11
-8.274509845966011368e-12
-4.064535601040341432e-12
-6.912008295259501193e-13
1.838136640331374370e-12
3.594384458151452984e-12
4.682479047795596699e-12
5.227256729616544083e-12
5.355515814032271901e-12
5.182758591717738219e-12
4.810300588240133734e-12
4.320300579190028470e-12
3.776393101851015337e-12
3.225415359483358691e-12
2.699490138017408662e-12
2.218787458714810439e-12
1.794036593721010662e-12
1.429126203723752061e-12
1.123016273633219409e-12
8.715048333386245181e-13
6.687182915686318553e-13
5.078491687093576102e-13
3.821147588214605644e-13
2.851451360489289338e-13
2.111921058078911335e-13
1.553966753101854326e-13
1.136623572723160879e-13
8.270716824536017771e-14
5.989271259083803853e-14
4.319026264072300065e-14
3.102851088091642723e-14
2.221518533204083329e-14
1.585835960973185520e-14
1.128406801130089783e-14
8.020958635746300606e-15
5.668952551404944984e-15
4.005163077935822401e-15
2.827220922015818129e-15
1.993230164994409163e-15
1.411323128177634923e-15
1.005998168456853284e-15
7.237890155998894263e-16
5.311778855496646427e-16
4.131693594678070041e-16
3.399489183565639848e-16
3.043492963843282544e-16
2.878274552406562677e-16
2.882139321079913852e-16
2.952891025438518665e-16
