# bin_3_4
1.513018630398406176e-11
1.550263549084591618e-11
1.593490558605790782e-11
1.643581023765486913e-11
1.701599344357879608e-11
1.768538294627086422e-11
1.845899430661573030e-11
1.935055220464891199e-11
2.037424514283327766e-11
2.154979158707975076e-11
2.289307123653622858e-11
2.442647417953839853e-11
2.616843815847965147e-11
2.814231855794495503e-11
3.037041028903298923e-11
3.287497695997516245e-11
3.567637314253514893e-11
3.879585273217857112e-11
4.224930278991269492e-11
4.604937674301611001e-11
5.019999788007326484e-11
5.469968982366573853e-11
5.953336616206394436e-11
6.466541890908158677e-11
7.003787422630442620e-11
7.556640720426425592e-11
8.113630764845858437e-11
8.659364948928737614e-11
9.174438899301336601e-11
9.637597603901032679e-11
1.002249388623945294e-10
1.030093664270903178e-10
1.044472084455881235e-10
1.042570344160962927e-10
1.022260957797600605e-10
9.819017850616618748e-11
9.212107094865311764e-11
8.413567057571678979e-11
7.456943825495583733e-11
6.397905011696900216e-11
5.309279083669960267e-11
4.266609547285085101e-11
3.330523304075340554e-11
2.534123108638452602e-11
1.875583588647181190e-11
1.331874759465182154e-11
8.814554556097631799e-12
5.179295807575913730e-12
2.457725399632816667e-12
6.438662128357026452e-13
-3.981752850560733036e-13
-9.076468345047823006e-13
-1.066335395322160601e-12
-9.695586952615197084e-13
-7.294934093434547562e-13
-4.282536409333549985e-13
-1.240151663898248278e-13
1.479672225631837364e-13
3.672180276210647456e-13
5.269550872542446600e-13
6.284613563375703816e-13
6.785112234293262935e-13
6.864880339159310293e-13
6.626203676901713753e-13
6.166364594894503753e-13
5.569942448463445565e-13
4.905871643268840303e-13
4.227251836197844077e-13
3.571985353389868597e-13
2.965282264315201463e-13
2.421833218547253742e-13
1.948269140523131169e-13
1.545345901496571050e-13
1.209704587021198496e-13
9.354293314326638614e-14
7.151610461424182519e-14
5.410936838257903182e-14
4.055066313661882101e-14
3.012897180614288732e-14
2.221369727197850667e-14
1.626423168278490630e-14
1.183577418431774997e-14
8.566460123188184452e-15
6.169853189892885389e-15
4.424704778277412780e-15
3.161985891180022202e-15
2.251635131984763516e-15
1.598792631450815007e-15
1.133005834681343587e-15
7.997113991909330899e-16
5.635926011224894880e-16
3.960091262871020604e-16
2.790331744339002901e-16
1.955649993307372895e-16
1.378034316966094001e-16
9.608323239035239935e-17
6.782554795243164562e-17
4.906613315393809411e-17
3.641718841329253010e-17
2.914236800646661956e-17
