# bin_2_4
9.990147166010110006e-12
1.022472007841198888e-11
1.049706802490071318e-11
1.081213298679879480e-11
1.117543175219413694e-11
1.159397000502998647e-11
1.207330248708225166e-11
1.262407117364087381e-11
1.325340941719854687e-11
1.396887609126110211e-11
1.478235585824602868e-11
1.570004895575198026e-11
1.673288950566134439e-11
1.789055189415277438e-11
1.917987048844365820e-11
2.060821531349880012e-11
2.218220502141313505e-11
2.390514383202389618e-11
2.577906064054772251e-11
2.780270628261096904e-11
2.997041084676884250e-11
3.227601955304656615e-11
3.470744881650554540e-11
3.724503935748199225e-11
3.986083895799002816e-11
4.251807425895727110e-11
4.517346511598395769e-11
4.776780184000737663e-11
5.021822111650372612e-11
5.244145640389015542e-11
5.432622628973922913e-11
5.575316486985080744e-11
5.661384750660202585e-11
5.678220347289506739e-11
5.617591856765664635e-11
5.471959797328089013e-11
5.238090745882523817e-11
4.914810339020597163e-11
4.506456273733827160e-11
4.026312058174430174e-11
3.496892209879596551e-11
2.945838648192252676e-11
2.404278460331649675e-11
1.905641540500393407e-11
1.475659358097750586e-11
1.126009206094065904e-11
8.496228500782448620e-12
6.232474320786477741e-12
4.267522780866896394e-12
2.630700500725148989e-12
1.495722335789974072e-12
8.285233674429750782e-13
4.090860449584852930e-13
1.616243384111352055e-13
7.093325335601530740e-14
7.185058370197713493e-14
1.190681244304500193e-13
1.878448385034582092e-13
2.562191873346409493e-13
3.129714247270256450e-13
3.522623552820777188e-13
3.728393295470884856e-13
3.760020068817600615e-13
3.645976390485466603e-13
3.422379031241354741e-13
3.125339261018497377e-13
2.786748434854819201e-13
2.433099020788877871e-13
2.084645301283300564e-13
1.755744386941316597e-13
1.455595390383901380e-13
1.189155169518539941e-13
9.581569444455054208e-14
7.620134947062421429e-14
5.985411730635304920e-14
4.646049336243896655e-14
3.566254262741819176e-14
2.708453382772281026e-14
2.036658325308537139e-14
1.517615789613240949e-14
1.121379375107240163e-14
8.223950379003530411e-15
5.990896990731705697e-15
4.337184700065708904e-15
3.123360855900650953e-15
2.239308740495662927e-15
1.599497451689982558e-15
1.137550704936699421e-15
8.068714612500814178e-16
5.707587575394338317e-16
4.037140486673503206e-16
2.844748172832398929e-16
2.000542636263120710e-16
1.402805920861811710e-16
9.945601264933713399e-17
7.101704499656573878e-17
5.091725199432065886e-17
3.673169534559692821e-17
2.697580406399331082e-17
2.205355894982339998e-17
