# bin_2_3
1.256661297523860486e-11
1.285028339994850800e-11
1.318020394963857516e-11
1.356267594899525809e-11
1.400664097125478543e-11
1.451984347668335419e-11
1.511340997187755627e-11
1.579735993598262886e-11
1.658190325184851695e-11
1.748024849442393864e-11
1.850902600199727854e-11
1.968595326593141176e-11
2.102595882194527363e-11
2.254266787307325088e-11
2.425632571467258205e-11
2.618215464029818452e-11
2.833592224951839587e-11
3.073408969724546169e-11
3.339019432970134118e-11
3.631036169754378467e-11
3.949150977049463224e-11
4.292420442420836082e-11
4.659783277277068318e-11
5.048217562638779700e-11
5.451865720380589340e-11
5.864747143667547575e-11
6.277960292918063349e-11
6.680201870414291814e-11
7.056066756645505776e-11
7.390959043361883278e-11
7.666808903569272120e-11
7.865316953142025392e-11
7.967323071811748026e-11
7.955483932788797865e-11
7.815226951280214941e-11
7.534441231928747310e-11
7.105552891713532954e-11
6.531396175526418339e-11
5.829984299381660664e-11
5.036102476519862276e-11
4.199910875410963487e-11
3.381787414238931954e-11
2.640764130890138215e-11
2.015943551181521705e-11
1.512167828785484439e-11
1.102551705197068346e-11
7.531433761038971745e-12
4.551235801192648941e-12
2.253818097585674157e-12
7.615063128630743755e-13
-8.664884000282421915e-14
-5.538592415372594410e-13
-7.456192548785212989e-13
-7.071524465574882261e-13
-5.491934442317415011e-13
-3.354972398350068779e-13
-1.102730450220436080e-13
9.537220996838117506e-14
2.641746167716515713e-13
3.893117789469988700e-13
4.707588770356675185e-13
5.128429432684422932e-13
5.222778465673813460e-13
5.067533022567370513e-13
4.736592632696686404e-13
4.294876781290528449e-13
3.795916132069756519e-13
3.281266069435432294e-13
2.780982217421233905e-13
2.315204956188834178e-13
1.895955754752721004e-13
1.528983703001041584e-13
1.215425090270597733e-13
9.531871609022333005e-14
7.381381398524585040e-14
5.649160850390511234e-14
4.276916857674532892e-14
3.206292606071926253e-14
2.382548934953349040e-14
1.756483111836835569e-14
1.285951693575796371e-14
9.356472537748851200e-15
6.770240419451644705e-15
4.876025432907824628e-15
3.496974577209358861e-15
2.498181858207515501e-15
1.778911096195926295e-15
1.263358901006233582e-15
8.953185154014242892e-16
6.332727513209166540e-16
4.460178185245397038e-16
3.128150221969596569e-16
2.203227029441679899e-16
1.558227225091740960e-16
1.105911946137157888e-16
7.766038216922566140e-17
5.494663773240009846e-17
4.011177487289721573e-17
3.066665828908233965e-17
2.416001316165855890e-17
