# bin_1_1
1.205018654525016656e-10
1.228047881358151239e-10
1.254571312264214126e-10
1.284969969138210285e-10
1.319689059257002458e-10
1.359330149067573626e-10
1.404471225089441166e-10
1.455435682065406792e-10
1.512063267539238941e-10
1.575407117224592979e-10
1.645266129392246905e-10
1.722866520131696329e-10
1.807363412306324711e-10
1.898353992413993757e-10
1.995598120252486817e-10
2.097762790137465808e-10
2.202778855397238222e-10
2.308037185119816384e-10
2.410521071602937656e-10
2.506488613934145861e-10
2.592090571193266914e-10
2.662218102771705267e-10
2.710282015782173771e-10
2.730604491520464263e-10
2.720003677976116485e-10
2.674309383108871344e-10
2.589621374691876381e-10
2.466511722346981271e-10
2.305874881303053994e-10
2.111129206023414068e-10
1.884606375925781680e-10
1.636509673288980695e-10
1.374770456154953939e-10
1.112045350318053161e-10
8.591025779227112551e-11
6.265466340342514355e-11
4.223363969735558435e-11
2.509147389522313389e-11
1.122377495798833276e-11
6.017819874888683247e-13
-7.012895381546037052e-12
-1.205609301351021967e-11
-1.488137852644075607e-11
-1.588291033994729262e-11
-1.550420110726216751e-11
-1.411202479291663696e-11
-1.210573597934542590e-11
-9.802092033578332529e-12
-7.452789459726574766e-12
-5.255252429093398616e-12
-3.318876882284147934e-12
-1.708524332352230637e-12
-4.382325353933141031e-13
5.086097342196674957e-13
1.164480553303570561e-12
1.570508374365518957e-12
1.778194511801597736e-12
1.834231624564265729e-12
1.781292860460625592e-12
1.656550628008532832e-12
1.489201636633486598e-12
1.302342572715108190e-12
1.112561187764297268e-12
9.312192842056646935e-13
7.654551214862526407e-13
6.190578881318098636e-13
4.933608547775916703e-13
3.879740699574983944e-13
3.014343267633131211e-13
2.316494615303089716e-13
1.762450882328298673e-13
1.329193959739876949e-13
9.943801147943729775e-14
7.385301629376799750e-14
5.450944172782153595e-14
3.999066881212808765e-14
2.919280227687861640e-14
2.120683107904251663e-14
1.534758968770940572e-14
1.105909350200712855e-14
7.943836562635602378e-15
5.686109918332246706e-15
4.059572120317857527e-15
2.893319089184872011e-15
2.054587794322965774e-15
1.464458172710294807e-15
1.030307012270386767e-15
7.297645076487413276e-16
5.231357480280104718e-16
3.763773664172636521e-16
2.760046721593437745e-16
2.105803730337494456e-16
1.669977813343574642e-16
1.408503237775672146e-16
1.281791448407465604e-16
1.225538417311631336e-16
1.217277245315842536e-16
1.228240590779105958e-16
1.242644763503233160e-16
1.253953159594463881e-16
