# bin_4_1
1.759213146740977717e-05
1.446855282115497369e-05
1.182226591748243038e-05
9.632130416279711322e-06
7.856091598374100848e-06
6.438071443349891620e-06
5.315832713261145733e-06
4.427144127045868546e-06
3.715285544738331409e-06
3.132637633650234068e-06
2.642301588039195530e-06
2.218133985721742719e-06
1.843525400707256663e-06
1.509427521500413186e-06
1.212074511684480316e-06
9.506563075896182198e-07
7.256433019319705936e-07
5.371952429707412802e-07
3.841162590925265537e-07
2.641105048662442128e-07
