# bin_2_1
1.392048869774980281e-05
1.150627173092762305e-05
9.407987169894651346e-06
7.628399777940628422e-06
6.153953829042592190e-06
4.957725994009803604e-06
4.003919029834048144e-06
3.252089692605379153e-06
2.661573853518399811e-06
2.194986828586149577e-06
1.820470606525547597e-06
1.512799033132629405e-06
1.253491178634447922e-06
1.030121427179465321e-06
8.351937548879730823e-07
6.647785891013515333e-07
5.170578715092508775e-07
3.913413036012245922e-07
2.870492114360024964e-07
2.032093346674029057e-07
