# bin_4_3
6.435638210593255272e-05
5.266004306076686693e-05
4.297238837022846804e-05
3.508315400113321214e-05
2.873133612838229590e-05
2.364072846267349092e-05
1.954959135752552452e-05
1.622636304073654507e-05
1.348058011655156204e-05
1.116664247246041139e-05
9.181646515309072756e-06
7.458901330360312802e-06
5.959426698244109106e-06
4.662649679217882655e-06
3.557862975570386384e-06
2.637358857254872726e-06
1.891897237854650397e-06
1.308488251533236987e-06
8.695144788783163092e-07
5.502348330811670179e-07
