# bin_2_2
2.581845663405945180e-05
2.108031456371243771e-05
1.706431440871140180e-05
1.373661945760400021e-05
1.103433267273912296e-05
8.875921242126678633e-06
7.171731003997369652e-06
5.832384415523641015e-06
4.775793242300097764e-06
3.931724477482580656e-06
3.244210250421599126e-06
2.671643371508450438e-06
2.184905669987818036e-06
1.765781366670274382e-06
1.403751969696574434e-06
1.091108610404801408e-06
8.264989709216783793e-07
6.084114063030315936e-07
4.330484481441831244e-07
2.966911199001126651e-07
