# bin_3_1
1.625580778752731766e-05
1.337084093222381129e-05
1.091172660078811842e-05
8.866115732571510508e-06
7.201401631719063929e-06
5.870586784632613844e-06
4.819212200144369731e-06
3.991178690700325565e-06
3.334060788636420360e-06
2.802793170872850595e-06
2.361589272366488305e-06
1.984338811822733763e-06
1.653763668721242703e-06
1.359900545176151155e-06
1.098102975085730122e-06
8.668101430500229668e-07
6.663405744363546219e-07
4.971165198976579552e-07
3.585659729904521031e-07
2.489717945078033803e-07
