# bin_3_3
5.956740418252878241e-05
4.856099208185305210e-05
3.937290379262707097e-05
3.184975597099516686e-05
2.578237953634252079e-05
2.093644542049955378e-05
1.707963218203907530e-05
1.399768304917696261e-05
1.150668061124842074e-05
9.459085294028307003e-06
7.744430857873409066e-06
6.285771470681183978e-06
5.033544588241760700e-06
3.958284986714617378e-06
3.043168704378053584e-06
2.277610853527830164e-06
1.652628016951623145e-06
1.157853743781152187e-06
7.802820320437816595e-07
5.032634573652305630e-07
