# bin_1_1
1.033542331568020658e-05
8.576988552137862425e-06
7.028900020366059074e-06
5.697246236322433960e-06
4.577897378930554051e-06
3.657649796817227274e-06
2.916369843003841845e-06
2.329265192453817623e-06
1.869662735131523566e-06
1.511499286882091012e-06
1.231213772258995937e-06
1.008915860282051305e-06
8.288701041275642108e-07
6.795081862309578916e-07
5.529542921707773434e-07
4.440170734400827952e-07
3.500191527808975159e-07
2.697025601337434403e-07
2.021109079089633203e-07
1.466015350350002075e-07
