# bin_4_4
9.159040858471057553e-05
7.445202094679936032e-05
6.033621408879052522e-05
4.889130328884128991e-05
3.970902499090664444e-05
3.237340286173055070e-05
2.649974466363926557e-05
2.175244521948062101e-05
1.785778430078720675e-05
1.460719962259786824e-05
1.185245915232490116e-05
9.495726241255172267e-06
7.477098932752037245e-06
5.761170104389883308e-06
4.325640894296858831e-06
3.152143822796038389e-06
2.220913618158414055e-06
1.507293937837143712e-06
9.801916793664890741e-07
6.011196853314467394e-07
