# bin_3_2
3.194812836151709394e-05
2.622048798809856497e-05
2.139768355478997551e-05
1.742440658390458655e-05
1.420881166848776709e-05
1.163786188777296957e-05
9.592714559820224833e-06
7.959535084362824429e-06
6.638120504182040795e-06
5.546797367878094773e-06
4.623945830692421817e-06
3.826902923539037644e-06
3.128980035868497740e-06
2.515572761567279011e-06
1.979982797430268445e-06
1.519480800004716532e-06
1.132632485200806061e-06
8.170579138305134608e-07
5.682594802169317029e-07
3.793357601796644553e-07
