# bin_4_2
3.500448809630639981e-05
2.872028227554069277e-05
2.347437769731876980e-05
1.918407843657481262e-05
1.572975692613583229e-05
1.297324887603384531e-05
1.077534496232275283e-05
9.007187840694200109e-06
7.558956300125577978e-06
6.344178411603433791e-06
5.300212689092462393e-06
4.385956577569301377e-06
3.577644560776353683e-06
2.863846700950107545e-06
2.240524093675430874e-06
1.706669226904504841e-06
1.261249646962950022e-06
9.010843050115397306e-07
6.199341543631998932e-07
4.084943616184888112e-07
