# bin_4_1
5.981415550215603011e-09
6.014031358948773406e-09
6.050567434911903996e-09
6.091443200711833166e-09
6.136415089704702765e-09
6.185962341693809148e-09
6.240735261471956400e-09
6.301750123063045047e-09
6.369503878281893232e-09
6.443124760125999547e-09
6.519372597591770352e-09
6.593952872362967697e-09
6.667417492435475637e-09
6.744232130721048957e-09
6.826640526055452347e-09
6.920998384349312565e-09
7.024417769440733488e-09
7.120999272497910059e-09
7.204457042134252337e-09
7.293429517361616904e-09
7.393828677853707235e-09
7.484925762445960513e-09
7.570528783620883310e-09
7.659836458053629376e-09
7.748780771714554034e-09
7.830051795253779527e-09
7.915073718135128002e-09
7.992779521835846008e-09
8.068586764313345496e-09
8.131439378091224409e-09
8.182745543975599267e-09
8.210175739987386654e-09
8.200955890273101405e-09
8.141350843446377126e-09
8.016442860058815851e-09
7.812829929290229501e-09
7.513929471405374733e-09
7.104524299221785496e-09
6.582912683930614944e-09
5.956606445692233078e-09
5.249089092550948904e-09
4.505918673738835025e-09
3.792285540712556878e-09
3.175549018989113779e-09
2.694923944417990067e-09
2.325382805259274875e-09
1.981445367543050108e-09
1.593776705769644778e-09
1.216817437911076248e-09
9.630826725625129459e-10
7.973545749590467557e-10
6.156315173853968773e-10
4.780032184968933783e-10
3.820018011174649962e-10
2.979800767779028333e-10
2.372642544226625162e-10
1.894153266135703508e-10
1.524723458617295115e-10
1.238655587468325167e-10
1.014526933129281316e-10
8.366856555910044829e-11
6.934881672654349264e-11
5.766389130191815926e-11
4.799865244688859714e-11
3.991420830700908629e-11
3.309757768449634270e-11
2.732257927190044365e-11
2.242067426945825590e-11
1.826416726697241507e-11
1.475209027137062850e-11
1.180162661818747471e-11
9.342128674703372084e-12
7.311397582722541982e-12
5.653545071508086793e-12
4.317629071744255804e-12
3.256805049895365392e-12
2.427504857586326923e-12
1.789425277784915051e-12
1.305879811702492450e-12
9.445654205559996922e-13
6.779317808562168309e-13
4.833302430130839175e-13
3.426480857395305114e-13
2.417604413313519855e-13
1.699338437244628295e-13
1.190501811431466434e-13
8.320070914652270267e-14
5.804569395854514013e-14
4.044850080138041734e-14
2.819325224034736931e-14
1.963040422100712025e-14
1.368941086051233199e-14
9.567276011544580440e-15
6.772299342628099710e-15
4.768081682072469000e-15
3.443290152119499213e-15
2.479502404233300683e-15
1.853015438027327400e-15
1.442351417067279027e-15
1.144833851228906455e-15
