# bin_6_2
7.375103826718477109e-09
7.439101175084657849e-09
7.511936173972776132e-09
7.594168101021447973e-09
7.685970228553013030e-09
7.789683726520023244e-09
7.906539388381000589e-09
8.040629248989808101e-09
8.194865480841977611e-09
8.371966190681656150e-09
8.570667810447163191e-09
8.787572505738724373e-09
9.024583811546585473e-09
9.280552693671767430e-09
9.547817988284950766e-09
9.828120480296892741e-09
1.013062411426426063e-08
1.046509889902473404e-08
1.082804847080218534e-08
1.119232033038216168e-08
1.153909242829497477e-08
1.189101739216690995e-08
1.224645586228109910e-08
1.257205354445915685e-08
1.286116002183089269e-08
1.311105050511675096e-08
1.330882775352874665e-08
1.343175618478397869e-08
1.348270929947195835e-08
1.343991807030119211e-08
1.330301125661401328e-08
1.306671365628110435e-08
1.273722959888706876e-08
1.231780631712871116e-08
1.181836449494256883e-08
1.124923229670701543e-08
1.061633255425740583e-08
9.917209304254285126e-09
9.140335678198603372e-09
8.283652574302894804e-09
7.355766026918830822e-09
6.384402617394999890e-09
5.418905933848299519e-09
4.521690925741420399e-09
3.747711523209708336e-09
3.124330539228418364e-09
2.632172788197420252e-09
2.198052484294437354e-09
1.758313164731276560e-09
1.344406634829746704e-09
1.047488683395869631e-09
8.510760174054871847e-10
6.608064252446762138e-10
5.089033534284096979e-10
4.064581720347162171e-10
3.179219587704336236e-10
2.546989489707761136e-10
2.048572023901729309e-10
1.665497955802488214e-10
1.367283530175815446e-10
1.131048556556541986e-10
9.407962947095937777e-11
7.849082121205889833e-11
6.553457570035537139e-11
5.464307295470959464e-11
4.542060116277790120e-11
3.758275137401520631e-11
3.092066466832888359e-11
2.527071148698041700e-11
2.049937640547096831e-11
1.649321081558254936e-11
1.315304674033215910e-11
1.039070555610423195e-11
8.127017438999182035e-12
6.290570653210602891e-12
4.816951779136515171e-12
3.648509800778116096e-12
2.733765362512686925e-12
2.027175914125408606e-12
1.488703877913802397e-12
1.083675306024270771e-12
7.827007271283109790e-13
5.614301331704371542e-13
4.003524103353434464e-13
2.840484177301513648e-13
2.006921173826013179e-13
1.413306143121428621e-13
9.920826942009088943e-14
6.950632744403144880e-14
4.861749979448278344e-14
3.402830150381369528e-14
2.376773368097303813e-14
1.660622950389865644e-14
1.163309136223254777e-14
8.196002645079694059e-15
5.872035498797036701e-15
4.198393697379763098e-15
3.056183701675474711e-15
2.239493269874708213e-15
1.822691526170063505e-15
