# bin_1_4
3.237078063684888859e-07
3.319718935362912462e-07
3.415845988288327192e-07
3.527609895922923722e-07
3.657420930939038330e-07
3.808074328776043072e-07
3.982696610176425514e-07
4.184842462091222928e-07
4.418507730730212819e-07
4.688124540321019484e-07
4.998557560644594068e-07
5.355103090550283604e-07
5.763377890581758750e-07
6.229181312366660002e-07
6.758268209924490650e-07
7.355936330414183043e-07
8.026546247272345322e-07
8.772803355844362981e-07
9.594914333483544040e-07
1.048977849859390568e-06
1.144927012743085682e-06
1.245921007319591754e-06
1.350067946413498806e-06
1.454800222950600501e-06
1.556744126392916813e-06
1.651843365274401701e-06
1.735265066429381590e-06
1.801510161602444287e-06
1.844735433281666397e-06
1.858931563678547230e-06
1.838804037916772354e-06
1.780859740331255987e-06
1.684608391342450320e-06
1.553991270222276647e-06
1.397969600030521187e-06
1.229803192187316889e-06
1.064480725418022191e-06
9.143791572026783334e-07
7.846459170164562492e-07
6.718795314519884781e-07
5.686121580124525495e-07
4.713321066546129910e-07
3.829926462656270243e-07
3.072317859460579235e-07
2.454093571871239465e-07
1.968452576714205901e-07
1.571595050868158910e-07
1.247844374539662869e-07
9.970080247634175977e-08
7.995921099702498796e-08
6.458576500594797253e-08
5.257867499511034629e-08
4.317503955754853563e-08
3.574057913028247877e-08
2.979139429188508374e-08
2.495887860707863089e-08
2.097026133473084305e-08
1.762850013203923930e-08
1.479294981841480835e-08
1.236439036930272638e-08
1.027310088796692039e-08
8.469539997538528558e-09
6.917568105808845186e-09
5.589664512768433241e-09
4.463520940539767567e-09
3.519590355855079628e-09
2.739401104507468675e-09
2.104583320085954911e-09
1.596559949688610651e-09
1.196774169277036658e-09
8.872489384845450903e-10
6.512409204990829181e-10
4.737842144274054704e-10
3.420101941751448826e-10
2.452295267398630009e-10
1.748253566691894644e-10
1.240271053103245226e-10
8.762919230809078388e-11
6.170166079694988125e-11
4.332267442855740710e-11
3.034732809771321660e-11
2.121749514313540464e-11
1.481115101537560791e-11
1.032594384976398142e-11
7.191561214687223864e-12
5.004465621237262708e-12
3.480284743986741173e-12
2.419188007679541950e-12
1.681190204794104513e-12
1.168227711939175436e-12
8.118344674279161161e-13
5.643088022988853331e-13
3.924067937557605860e-13
2.732821425966829315e-13
1.911426108730758115e-13
1.353313641744829023e-13
9.918427920042815530e-14
7.823645676145964850e-14
6.778978979992753906e-14
6.390806909785763020e-14
