# bin_3_4
3.232186163286504253e-08
3.318638609400271143e-08
3.419451220014266830e-08
3.536920680315631311e-08
3.673778999580233008e-08
3.833116657019652810e-08
4.018533744966337195e-08
4.234150729646475547e-08
4.484687531625536243e-08
4.775536169953975435e-08
5.112829584740617548e-08
5.503512513580502366e-08
5.955403736989266432e-08
6.477245479698033942e-08
7.078729054386184636e-08
7.770486124586870889e-08
8.563982754650608010e-08
9.471348980097479904e-08
1.050506569739215152e-07
1.167749412895050579e-07
1.300013943097478790e-07
1.448257676975023080e-07
1.613101283637455351e-07
1.794649518298346913e-07
1.992279019046575256e-07
2.204396415818084046e-07
2.428162681740523150e-07
2.658683108670806769e-07
2.888625348195458688e-07
3.113280611985567286e-07
3.322164934391472789e-07
3.504427104618436990e-07
3.648595572743455878e-07
3.742502519907767844e-07
3.774709096535026144e-07
3.731515809559912855e-07
3.603461595344374073e-07
3.390788340331846284e-07
3.100913207625865317e-07
2.752327305657317837e-07
2.377225443000198681e-07
2.016541044862462452e-07
1.707340847740071257e-07
1.467413086820390909e-07
1.277813330263853292e-07
1.090096122159878993e-07
8.727645314097211256e-08
6.678246467235548127e-08
5.353159827592071464e-08
4.421285226539660421e-08
3.386154019775349466e-08
2.652156907144248682e-08
2.100738548682460722e-08
1.641623685249278466e-08
1.300860964666885735e-08
1.036654395038589018e-08
8.332536709672398716e-09
6.766497871242653142e-09
5.547969980190812510e-09
4.586481151387859370e-09
3.815894680350899017e-09
3.188171382613961572e-09
2.668184457025974469e-09
2.231338503281399235e-09
1.860459735426247165e-09
1.543486562449684829e-09
1.271830304775452678e-09
1.039221266199734494e-09
8.408747711142788352e-10
6.729235577317928256e-10
5.320524275708210807e-10
4.152814307829814034e-10
3.198353621963101756e-10
2.430542727762521241e-10
1.823415468076578717e-10
1.351625532305794606e-10
9.910700897277600578e-11
7.197106813529203961e-11
5.182612340941610877e-11
3.704975786215105521e-11
2.632260000752866607e-11
1.860414619147069662e-11
1.309145420388131836e-11
9.179162411201494475e-12
6.416834712716433874e-12
4.474335218377129319e-12
3.113749499649518414e-12
2.163211443469711641e-12
1.501576191171972647e-12
1.040380904391594536e-12
7.200949053059200656e-13
4.978966747689006891e-13
3.446694694034522677e-13
2.385285069844925515e-13
1.649995765495220508e-13
1.136006154321087084e-13
7.798553583907070910e-14
5.488053693143130126e-14
3.724552666282847004e-14
2.617622965414849705e-14
