# bin_3_1
4.601741140811709838e-09
4.716808362548431906e-09
4.850556494258012422e-09
5.005471926086152124e-09
5.185012470521752555e-09
5.392543974703221346e-09
5.632163515965328214e-09
5.908277849558785096e-09
6.225715495361612112e-09
6.589733357627537463e-09
7.005959489226754533e-09
7.480345190001954627e-09
8.019060092852093941e-09
8.628351889744236821e-09
9.314376620882686587e-09
1.008301942314016713e-08
1.093936887243199058e-08
1.188738023703822418e-08
1.292952341969274766e-08
1.406649487533656345e-08
1.529673179624173645e-08
1.661604802875170632e-08
1.801737270230650694e-08
1.949094197208486489e-08
2.102408917384945802e-08
2.259983727886180307e-08
2.419372536995353107e-08
2.576431102861958048e-08
2.725036863039388558e-08
2.859882018263723984e-08
2.972261479333866870e-08
3.054315480869429753e-08
3.098596693795380733e-08
3.097410822735682959e-08
3.044858334782103644e-08
2.935540452353811127e-08
2.768261502949762807e-08
2.548778016657811054e-08
2.287056609325198541e-08
1.998195591032362502e-08
1.702978202439887764e-08
1.425062483575124655e-08
1.185109379702500340e-08
9.932910018418392066e-09
8.389356318453516998e-09
6.942760035579949947e-09
5.418013563543445832e-09
4.053598645851779934e-09
3.158782456025347032e-09
2.530480514380283369e-09
1.902470178374303812e-09
1.465375457128722504e-09
1.151963668751991904e-09
9.038088819995129641e-10
7.274258353334006213e-10
5.953725287902797690e-10
4.962562029690541000e-10
4.203468130293476346e-10
3.602798723518338799e-10
3.110326376054057885e-10
2.692306140069560876e-10
2.327892748053814687e-10
2.004414669724532135e-10
1.714604464291418000e-10
1.454479834863213553e-10
1.221923228174079676e-10
1.015647476209698913e-10
8.345875122206216535e-11
6.776003753772377166e-11
5.433026548542140974e-11
4.300458464344064714e-11
3.359668804897201966e-11
2.590559071759790734e-11
1.972208798989866189e-11
1.483465037261338584e-11
1.103510929929432671e-11
8.127306959767991562e-12
5.932937686958122220e-12
4.297962595391012515e-12
3.092837734359361098e-12
2.212866360775078372e-12
1.575661289320669269e-12
1.117162534551668095e-12
7.895700272906772333e-13
5.561806031447943793e-13
3.907792857671334274e-13
2.740452928420141692e-13
1.918291941074156253e-13
1.343323899745299967e-13
9.355655032779256722e-14
6.510203785628652632e-14
4.511960198082624048e-14
3.187102275155122362e-14
2.184456510280332134e-14
1.541834348675437277e-14
1.031083085251168204e-14
7.187160021911371138e-15
5.306355941270087798e-15
3.623104542508228228e-15
2.674823274800129219e-15
