# bin_1_1
1.218257482546017266e-07
1.247512804838457201e-07
1.281459236832809116e-07
1.320835485817950171e-07
1.366437000138586629e-07
1.419202221967603018e-07
1.480146231277152054e-07
1.550423874039921463e-07
1.631324398354964765e-07
1.724253071663368749e-07
1.830723618035139287e-07
1.952370640270615218e-07
2.090883581625202919e-07
2.247952089720485871e-07
2.425180020664910628e-07
2.623893954264571451e-07
2.844982855074030291e-07
3.088629182937304042e-07
3.354043534098104353e-07
3.639328090585721455e-07
3.940791769465398048e-07
4.252695917276307305e-07
4.567808837488448532e-07
4.876838979368850756e-07
5.167925428127506853e-07
5.426664486569245094e-07
5.637036226884624586e-07
5.781285545088773289e-07
5.841322666636222475e-07
5.799729439999832281e-07
5.643514940105585444e-07
5.368016479398523344e-07
4.980462788991959768e-07
4.502993329857020488e-07
3.972510789854130174e-07
3.434920773802703902e-07
2.933383905466932633e-07
2.494109416174622231e-07
2.117004761707049877e-07
1.781380601014029027e-07
1.467638107824170675e-07
1.178932099795463543e-07
9.332376875192389371e-08
7.349742618055106457e-08
5.765542604624660851e-08
4.532377403014949272e-08
3.557245459055017469e-08
2.802286764960182886e-08
2.236182538891662609e-08
1.805677183497767387e-08
1.480961385636681423e-08
1.233047398609548511e-08
1.040877813206198162e-08
8.881999277740663519e-09
7.633644765000315721e-09
6.582639859283750226e-09
5.674926077932831268e-09
4.876011750826866013e-09
4.164828145654342348e-09
3.529028413647451994e-09
2.961469212305543143e-09
2.457864143011867042e-09
2.015249297602287364e-09
1.631011226656701850e-09
1.302294670794832451e-09
1.025650876833454244e-09
7.968866446327115124e-10
6.111040060691355365e-10
4.629058739857344338e-10
3.466999274776160684e-10
2.570237640845436324e-10
1.888177304913787025e-10
1.376083680341150401e-10
9.959482826806780464e-11
7.165315609427697218e-11
5.128812857482098757e-11
3.655172407375447926e-11
2.595364405230759478e-11
1.837100739487522534e-11
1.296899551699941139e-11
9.135009375747434334e-12
6.422193000469048401e-12
4.508326875967019625e-12
3.160168362372511714e-12
2.211941836803427303e-12
1.546050293057253634e-12
1.079738892824431917e-12
7.539379374435880768e-13
5.261240547548652901e-13
3.664505664844680123e-13
2.541228981912787538e-13
1.766232381811421981e-13
1.220339347818590486e-13
8.507209047308527421e-14
6.016757825874654548e-14
4.490480983851094152e-14
3.745709558184236373e-14
3.470392569943313387e-14
3.434594183989106639e-14
3.451126188114096057e-14
