# bin_6_1
6.252877172470379065e-09
6.290819661894843444e-09
6.333425352216264481e-09
6.380649089607229173e-09
6.432030221260926328e-09
6.489024633787400437e-09
6.552100719837581484e-09
6.624302463719357824e-09
6.707553940178325911e-09
6.803430509119915753e-09
6.909493204722444508e-09
7.021159935865051835e-09
7.139100032750774461e-09
7.261006976798393016e-09
7.378169337111232521e-09
7.491380584743359620e-09
7.608988397796247034e-09
7.740319216433538664e-09
7.882112290298448683e-09
8.008470502150961493e-09
8.102512488518332684e-09
8.188973479327336617e-09
8.269758641741634497e-09
8.316717918437144843e-09
8.329122647219036871e-09
8.311215755547150176e-09
8.258409690355694577e-09
8.157466922751668717e-09
8.020510340031373214e-09
7.835852056673542446e-09
7.612215651763238730e-09
7.350234066798014760e-09
7.060052639891374239e-09
6.745876426018172038e-09
6.414715147244120463e-09
6.071315986673289890e-09
5.715261769290141512e-09
5.339928765597420821e-09
4.932452704392980348e-09
4.486437990418083147e-09
4.002462592327302028e-09
3.492094993565774805e-09
2.979684410664763898e-09
2.499577753109508689e-09
2.085501498160422642e-09
1.757217285964858064e-09
1.505395545790993217e-09
1.284293966718175004e-09
1.049153223087703010e-09
8.148727768545148986e-10
6.444740786131862355e-10
5.359809115433881884e-10
4.248486836817046499e-10
3.306396208809982453e-10
2.678098415391852059e-10
2.101546908557084165e-10
1.683402331754525390e-10
1.342129077595644384e-10
1.075174780095922825e-10
8.649411202891611339e-11
6.982599346001786020e-11
5.654247851117694719e-11
4.588340600215476267e-11
3.728678584879116492e-11
3.031155049801744508e-11
2.462373420871879883e-11
1.996936091762490792e-11
1.615179399408802270e-11
1.301647939013462633e-11
1.044111098447114116e-11
8.327825258038042131e-12
6.597784194412642738e-12
5.186866292499854003e-12
4.042336442020201041e-12
3.120321984814488785e-12
2.383857980001759564e-12
1.801570500570525464e-12
1.346561568273092983e-12
9.956211523528058065e-13
7.286187898030096508e-13
5.282223703517933511e-13
3.797301623891139059e-13
2.709788801878746307e-13
1.921522823253802583e-13
1.355314182893939777e-13
9.517866211007953683e-14
6.660859863885704105e-14
4.649808263179569704e-14
3.240004087391875179e-14
2.255987660125909211e-14
1.571518269017829145e-14
1.096942194443366760e-14
7.691085745596390759e-15
5.429435136019718106e-15
3.879386720913332026e-15
2.821973667639949556e-15
2.110301641886295892e-15
1.627301770492276137e-15
1.303662553939173283e-15
1.088174730798605927e-15
