# bin_2_2
9.745377952361469742e-08
9.930251605711902205e-08
1.014398683135196085e-07
1.039049858313280315e-07
1.067495608117693692e-07
1.100201966464064023e-07
1.137932509998973130e-07
1.181494044954943203e-07
1.231876498785545918e-07
1.289949773462201849e-07
1.356252197161606912e-07
1.431363952641291149e-07
1.516363702069520007e-07
1.612208707446333771e-07
1.719225487635319614e-07
1.838448142564793296e-07
1.970931060990892667e-07
2.117338686085156753e-07
2.277236254385573678e-07
2.448776408825073970e-07
2.630477623675145703e-07
2.821512147571295371e-07
3.018220432753619787e-07
3.215323234797264309e-07
3.407575224757635830e-07
3.588522205747709023e-07
3.749930057115378974e-07
3.884169018436651589e-07
3.982924328110764344e-07
4.037193876045364318e-07
4.039806299646034500e-07
3.984619180796599598e-07
3.867924970011316789e-07
3.688175333377799452e-07
3.447584662345756290e-07
3.154204278925374781e-07
2.821352108169877346e-07
2.467501801693068782e-07
2.115558500706799269e-07
1.788776241897007392e-07
1.503986281100678778e-07
1.265355324735906117e-07
1.062241443582709468e-07
8.767737565355075187e-08
7.004619033622928343e-08
5.453243678818618844e-08
4.277473772189772237e-08
3.405881514465574215e-08
2.668249993702691950e-08
2.081610573693833410e-08
1.650271145820971839e-08
1.315063751034413346e-08
1.061339978997017421e-08
8.680092165045169009e-09
7.194494442828356715e-09
6.031669131967261078e-09
5.102701743201604696e-09
4.341874278163439072e-09
3.703497874455146497e-09
3.156744990929088951e-09
2.681478539721302832e-09
2.264856182662549135e-09
1.898645600712743998e-09
1.577421835446089740e-09
1.297320328221824359e-09
1.055201317027984027e-09
8.481853499708426182e-10
6.733980385428894288e-10
5.278723159531137238e-10
4.085324460444236962e-10
3.122234253324373112e-10
2.357685947563777325e-10
1.760543875689561847e-10
1.301323715002271609e-10
9.531749261272576689e-11
6.926051967102015500e-11
4.997797315097519379e-11
3.584914705557682068e-11
2.558313608650361909e-11
1.817778120994405594e-11
1.286868235787422487e-11
9.082128276647828608e-12
6.393469647516675785e-12
4.490129106639020924e-12
3.147777418008381757e-12
2.203698271786599013e-12
1.541525344743147591e-12
1.076941056599572522e-12
7.503288810738809642e-13
5.225686882806053695e-13
3.647907886795963120e-13
2.556296042598392589e-13
1.780878599998943891e-13
1.243663959923200509e-13
8.600812559359898143e-14
6.179156413747420015e-14
4.467240662754486715e-14
3.235844873861393243e-14
2.542302732806925953e-14
2.250449516557679895e-14
