# bin_4_2
7.265262971907708438e-09
7.328677291241392641e-09
7.400968148816374195e-09
7.483344748028714236e-09
7.576398372615824264e-09
7.681612177406098601e-09
7.800738478980595373e-09
7.936042807793106252e-09
8.089407795705944769e-09
8.261493321012778517e-09
8.450746478238417593e-09
8.654700720790583461e-09
8.875917919446458521e-09
9.121070654471124230e-09
9.394739694631768713e-09
9.705753073886507008e-09
1.005364988404650614e-08
1.042478564632971794e-08
1.081514216128970118e-08
1.124574744287072880e-08
1.172438521152339687e-08
1.223117605477371507e-08
1.277020884032580090e-08
1.334989600930069675e-08
1.396342526151218006e-08
1.459864191594826445e-08
1.525988977451709015e-08
1.592538544068597934e-08
1.658595330011768175e-08
1.720899593772583414e-08
1.778261003247695306e-08
1.826727241858761015e-08
1.862252090389282632e-08
1.880673125665181140e-08
1.877737506128974607e-08
1.849718705183582582e-08
1.792177412065095680e-08
1.701897918746844373e-08
1.579478718584595883e-08
1.428068666435654423e-08
1.254965436222438748e-08
1.072842172780460817e-08
8.984486166070570689e-09
7.479654810420472901e-09
6.299526126635090466e-09
5.373148904682139908e-09
4.500120666562333175e-09
3.541033820726086507e-09
2.647614568820920635e-09
2.059493181500238027e-09
1.664025464197366441e-09
1.249595298356088814e-09
9.538540256148489434e-10
7.470453811244082330e-10
5.773191472467417035e-10
4.578672866930751335e-10
3.680608045320780277e-10
3.009785680486226373e-10
2.503305114556162973e-10
2.111046326009571696e-10
1.798112205516461597e-10
1.540342082020715216e-10
1.321957965418574520e-10
1.132871830850607786e-10
9.667993896297960231e-11
8.198846607195244697e-11
6.898310890908806401e-11
5.751307373930483495e-11
4.746755579160342182e-11
3.875220577159451005e-11
3.127359292195722046e-11
2.493451191100152964e-11
1.963227192173187707e-11
1.526031985732097459e-11
1.171010758977971976e-11
8.873727920071570677e-12
6.644907142029773684e-12
4.921923482405691964e-12
3.610112155042440792e-12
2.625242594790864945e-12
1.894769104603431663e-12
1.358660245865910365e-12
9.689341662601465476e-13
6.876832803183919043e-13
4.862938138121334427e-13
3.426796957081903942e-13
2.407625631839404267e-13
1.688347319316182852e-13
1.181510331211859391e-13
8.281246900056238191e-14
5.769731227555659971e-14
4.017779107451327581e-14
2.792366305844726543e-14
1.973291488771239381e-14
1.371306455778375168e-14
9.766186311927126562e-15
6.651221210546785340e-15
4.637189780264982284e-15
3.601008673797436727e-15
2.394744150292606635e-15
