# bin_3_2
1.006601593538164225e-08
1.032758902741960752e-08
1.063217785853678363e-08
1.098619918091284761e-08
1.139772333043949880e-08
1.187538307079441001e-08
1.242937874476196062e-08
1.307111477861820032e-08
1.381343205993403773e-08
1.467073197704499031e-08
1.565903000550377302e-08
1.679601404505783969e-08
1.810102575481747526e-08
1.959497297327036568e-08
2.130015702541198027e-08
2.324000381304811858e-08
2.543829238855973788e-08
2.791839911620387139e-08
3.070225319804453896e-08
3.380903846498428916e-08
3.725322830819799625e-08
4.104217636891630735e-08
4.517318293143599728e-08
4.963062512208788043e-08
5.438252275278165014e-08
5.937588720865801895e-08
6.452942482477872935e-08
6.971129676943816120e-08
7.473647467064928179e-08
7.946079448077098390e-08
8.362066430898653188e-08
8.695829477260115581e-08
8.921274693231914421e-08
9.011912529123032684e-08
8.945562772504011295e-08
8.698913778831509432e-08
8.262600193652530521e-08
7.649755549839749646e-08
6.889197738377550260e-08
6.030014585651823449e-08
5.142619121642432101e-08
4.306409561350230576e-08
3.587443026715797566e-08
3.013960636428090268e-08
2.547535054558850010e-08
2.101721235682498077e-08
1.628779508167146354e-08
1.210612155754001023e-08
9.397313993220726024e-09
7.451186955643632515e-09
5.521040377608826228e-09
4.220045064494511540e-09
3.268631724949899991e-09
2.543870493747818598e-09
2.030662028650320664e-09
1.657413614206478237e-09
1.383402847742685401e-09
1.177952509200634850e-09
1.017876638931021806e-09
8.875244101495735399e-10
7.765111886150065912e-10
6.785785043269558162e-10
5.902299344090957309e-10
5.096479313397519452e-10
4.360328756646624515e-10
3.691392456069002197e-10
3.089357629731500130e-10
2.554179020319649205e-10
2.085004928183593293e-10
1.679798491386196844e-10
1.335261326034720132e-10
1.047045066684413583e-10
8.100160472281461427e-11
6.184835919581369825e-11
4.664559646973139614e-11
3.478357650931080465e-11
2.567684031101813668e-11
1.878509933015659346e-11
1.363685928607557167e-11
9.833250399694367021e-12
7.049240620045450985e-12
5.028958328290088927e-12
3.572122066382951705e-12
2.529109484509973944e-12
1.784729461653512215e-12
1.255877203567304538e-12
8.821223083560664630e-13
6.182510677311740261e-13
4.340115775795426322e-13
3.024634888553514375e-13
2.105264250132013348e-13
1.459900455664190458e-13
1.031254636993798205e-13
7.100670530273474895e-14
5.018011556497290835e-14
3.332381387884246172e-14
2.254222060725618438e-14
1.715689859732505416e-14
1.059167770640159657e-14
7.579846067685647976e-15
