# bin_5_2
5.771071259645330012e-09
5.819218259320377443e-09
5.874298171840313688e-09
5.936808863235141203e-09
6.007515724327881667e-09
6.087334869817387358e-09
6.177932357013373154e-09
6.281289952817227357e-09
6.399137580021988388e-09
6.531890707044902153e-09
6.677777662566219893e-09
6.834528754979179770e-09
7.002662668453116414e-09
7.185707889809431136e-09
7.386421777148916760e-09
7.612311187628884165e-09
7.864585356452330342e-09
8.132509162464644661e-09
8.403263200113545821e-09
8.686129743661394367e-09
8.993777540110778239e-09
9.309939134363889198e-09
9.625108014203893684e-09
9.944595256235252616e-09
1.026588034847114506e-08
1.057086008657176424e-08
1.086302902005914015e-08
1.112751952696141388e-08
1.135841941641049197e-08
1.154404644001296515e-08
1.167424893307586974e-08
1.174725224686284415e-08
1.175532888983272009e-08
1.169242301881807827e-08
1.154998230958968203e-08
1.131281129248891005e-08
1.096030428004032001e-08
1.045945127316926804e-08
9.793843184450378792e-09
8.969830072618754075e-09
8.009012600710634004e-09
6.960725222874292174e-09
5.903661323327310386e-09
4.928334211004160886e-09
4.112248555592583522e-09
3.482024773610575015e-09
2.973068487413429433e-09
2.467911429368468252e-09
1.918009574339193477e-09
1.446331785159759905e-09
1.155767560272902310e-09
9.309159219060321146e-10
6.949347081951178460e-10
5.462651013484798703e-10
4.243968650635133015e-10
3.331784262611151113e-10
2.632917105892132044e-10
2.116712612191708627e-10
1.720778685490185640e-10
1.416292710526554022e-10
1.178218921139118112e-10
9.878142813963420476e-11
8.321587255149579617e-11
7.023516980634871923e-11
5.923587752566544541e-11
4.981150145716044977e-11
4.168580862580023270e-11
3.466716004015684991e-11
2.861371041654156519e-11
2.341520536059286653e-11
1.897997087722266869e-11
1.522733717403225079e-11
1.208334739530768905e-11
9.478413049271288557e-12
7.346508954977914932e-12
5.624986357709490683e-12
4.255007819000216293e-12
3.181316794354953357e-12
2.352859215812253400e-12
1.723030346052454182e-12
1.250843689073370689e-12
9.011217067401183230e-13
6.448912597937509072e-13
4.589451555600637256e-13
3.250317368042214229e-13
2.293474008774008768e-13
1.612416783361840339e-13
1.130665178001516950e-13
7.913436720591724781e-14
5.529022468525733598e-14
3.867504732088765871e-14
2.691854469725735518e-14
1.875119480258077899e-14
1.305950186689809771e-14
9.281797716058999903e-15
6.440741079914793176e-15
4.667532747607608748e-15
3.232269098639659192e-15
2.358985889712502059e-15
1.843607910935935320e-15
