# bin_6_4
1.050904000627794799e-08
1.065517346271452205e-08
1.082372999205601859e-08
1.101746294765605121e-08
1.123902384456929036e-08
1.149375109337852536e-08
1.178616856883905045e-08
1.212429746488206739e-08
1.251545396177758270e-08
1.296742143673025190e-08
1.348463498368643736e-08
1.407012000103440570e-08
1.473310202890111793e-08
1.548060214712553697e-08
1.631393693064316497e-08
1.724482564343694859e-08
1.829337175445303978e-08
1.948105497415624247e-08
2.081660764912263125e-08
2.228517688789711598e-08
2.388020589843445535e-08
2.563644896111718707e-08
2.756250751450136640e-08
2.963222675929152682e-08
3.184222080191610674e-08
3.418662015492077589e-08
3.664075064566765587e-08
3.915836226965043925e-08
4.170559000628618689e-08
4.420644877004128148e-08
4.657969661305522958e-08
4.875159311299599976e-08
5.063111483021297908e-08
5.210583343292338320e-08
5.306959952546310854e-08
5.341374301814341117e-08
5.302549993924099055e-08
5.177986388899883442e-08
4.953670188709140126e-08
4.627721125833194223e-08
4.207346017859769433e-08
3.713160037627484826e-08
3.183488986340967536e-08
2.670001164556325675e-08
2.221133802465125417e-08
1.862848460362894597e-08
1.580971291644168715e-08
1.322008319122369011e-08
1.043410556573997061e-08
7.762207323845392137e-09
5.903751685679723227e-09
4.705048232749763191e-09
3.514431327681631699e-09
2.603596151733203529e-09
2.010487754742847105e-09
1.515752553258806287e-09
1.182739778119945485e-09
9.361568406683929410e-10
7.584440400759627093e-10
6.289386573086571676e-10
5.317112263424885897e-10
4.560458982926141483e-10
3.945714050720312666e-10
3.425254856797777027e-10
2.970657049205238506e-10
2.565669938735668221e-10
2.201241296679022912e-10
1.872961638084348424e-10
1.578554678660179689e-10
1.316717191095170455e-10
1.086273432367396228e-10
8.858905415834822947e-11
7.138979744976286689e-11
5.682885389621028491e-11
4.467648315371979414e-11
3.468251053394616281e-11
2.658929971723236455e-11
2.013695890021977804e-11
1.507477092989435632e-11
1.116541682881553383e-11
8.190592769570170098e-12
5.958015662874432525e-12
4.301433794229510046e-12
3.085835312102203902e-12
2.201541978322944723e-12
1.563334508607965315e-12
1.106383711757366394e-12
7.794876126307896330e-13
5.479253199137907087e-13
3.841986259529963111e-13
2.697423137276548169e-13
1.883233525107551008e-13
1.310882334486967962e-13
9.111859099514074502e-14
6.320593901670680735e-14
4.532418687809697085e-14
3.090629592453939798e-14
2.145019278659353243e-14
1.392983537183472639e-14
1.112384541223181011e-14
