# bin_2_1
6.507163697254163572e-08
6.608231635429588624e-08
6.724441906949481919e-08
6.857545446082791373e-08
7.010162732127150860e-08
7.184185318740793066e-08
7.383939957135930669e-08
7.613897588311266606e-08
7.879800290175295239e-08
8.185756035669030842e-08
8.532114395480610023e-08
8.919156593477650049e-08
9.351750328130500300e-08
9.833219111432812779e-08
1.036045759285128983e-07
1.093746447454928518e-07
1.156884797552614807e-07
1.225624328828780462e-07
1.299194310164369542e-07
1.375659614210618978e-07
1.453765123201754584e-07
1.533323852177584923e-07
1.611910019593682377e-07
1.686165200377453362e-07
1.753519621615857376e-07
1.811079645012009999e-07
1.854910400929189478e-07
1.881929224156527038e-07
1.889257355701527780e-07
1.873955262432779942e-07
1.834621640039558734e-07
1.770463305918620900e-07
1.682178448742331549e-07
1.571415857638981146e-07
1.441131752699388531e-07
1.295969574454286024e-07
1.141834558012743946e-07
9.857829215358319157e-08
8.357042857291902081e-08
6.989604454359240038e-08
5.803704932600797094e-08
4.805584924095894178e-08
3.957500639221976157e-08
3.204792825473467724e-08
2.523512170409611375e-08
1.946336551435750560e-08
1.511315954664895053e-08
1.189004661185252465e-08
9.270339740967873841e-09
7.244336171064003587e-09
5.771470260319902223e-09
4.654857089663196306e-09
3.820403614130780244e-09
3.188807108531902501e-09
2.701363620028545860e-09
2.313748443427542682e-09
1.995508982258992072e-09
1.725724896925657339e-09
1.490820294375834116e-09
1.282490090595901091e-09
1.096008187339235239e-09
9.288002356932026345e-10
7.794620259418902346e-10
6.471524814502860158e-10
5.311922271940938750e-10
4.308316261067465159e-10
3.451599242722904949e-10
2.730853222901251840e-10
2.133644765174678537e-10
1.646502119603274236e-10
1.255440055796918102e-10
9.464706183893573498e-11
7.061038533729961764e-11
5.218042556428150864e-11
3.823608126775358351e-11
2.781045428233435538e-11
2.009708961860654629e-11
1.444219355722220471e-11
1.032856186974260082e-11
7.356306908297261328e-12
5.220986823546038763e-12
3.694642396775744756e-12
2.607853228407676641e-12
1.836525480326003377e-12
1.291093855778381751e-12
9.064604060531503902e-13
6.359162909937702436e-13
4.453203618031805802e-13
3.110886065862316458e-13
2.173686399217683780e-13
1.526984835109481339e-13
1.072353153996051500e-13
7.535939002736028644e-14
5.294393633937896538e-14
3.751708314505142866e-14
2.796736178951021501e-14
2.121199148768140044e-14
1.664677338936436339e-14
1.454866278198613356e-14
1.410027883574939798e-14
