# bin_1_2
2.098167957783654449e-07
2.150611199937786566e-07
2.211559630846518077e-07
2.282362792062700053e-07
2.364512650385033774e-07
2.459748671957024605e-07
2.569994223860359071e-07
2.697435014240864471e-07
2.844520040779125253e-07
3.013947327336605391e-07
3.208656079448151055e-07
3.431830950782788514e-07
3.686812681882433685e-07
3.977003103465966512e-07
4.305712828159791993e-07
4.675867323042853869e-07
5.089701298723198211e-07
5.548287774725982839e-07
6.051017585614998976e-07
6.595180775284975565e-07
7.174829781653628470e-07
7.780239221876123590e-07
8.398899765927333849e-07
9.014239742536453898e-07
9.604770568782759128e-07
1.014457724476400918e-06
1.060361789288105371e-06
1.094826498220153676e-06
1.114340408097215568e-06
1.115382193424080426e-06
1.095048659583832184e-06
1.051771205763079360e-06
9.860397097516148019e-07
9.011458359920743942e-07
8.033751790444455854e-07
7.012691272621421803e-07
6.036882296536894276e-07
5.170131564769944899e-07
4.426845765705688779e-07
3.773012186515007861e-07
3.163011644503597225e-07
2.589187136612493282e-07
2.082524557664926478e-07
1.661813445672738745e-07
1.321997720304813270e-07
1.054022018961204200e-07
8.364066477943348419e-08
6.624974963927012883e-08
5.291003005599574501e-08
4.250244133261868532e-08
3.447166335969552653e-08
2.824009161273727069e-08
2.337349222692334091e-08
1.952190822694339499e-08
1.642216305378772912e-08
1.387953312941854376e-08
1.175394436419422429e-08
9.947229922457290394e-09
8.391769989672833133e-09
7.041671494908732080e-09
5.865755916641600225e-09
4.842407188411523425e-09
3.955983531790120620e-09
3.194341168987256300e-09
2.547123503817312866e-09
2.004572769467279525e-09
1.556776265894645963e-09
1.193329778692773914e-09
9.033834006435253047e-10
6.759673734343011464e-10
5.004525052182304659e-10
3.669973054419277702e-10
2.668773835241962530e-10
1.926554122545301934e-10
1.382013516774471532e-10
9.860722751454362024e-11
7.003705960826694020e-11
4.955464780511995782e-11
3.495024327247444815e-11
2.458413327210516800e-11
1.725448293159790021e-11
1.208754350776945305e-11
8.455025753484535632e-12
5.906739470633813199e-12
4.122364988216985319e-12
2.874384525407836699e-12
2.002305271881493827e-12
1.393971055096901109e-12
9.702981285551991936e-13
6.758340845367828701e-13
4.699824920468876338e-13
3.268384678615526109e-13
2.266366938777095037e-13
1.580043275721592171e-13
1.107962405642844742e-13
7.900404126580905728e-14
5.950571597410562663e-14
4.955400284289787706e-14
4.592873770039551252e-14
4.521601869362846128e-14
