# bin_2_3
1.380681279168250211e-07
1.409926878218456815e-07
1.443834866699787547e-07
1.483083541715778730e-07
1.528521893785966705e-07
1.580992103742283535e-07
1.641697383000915933e-07
1.711939197463841132e-07
1.793277630215304559e-07
1.887223759454510003e-07
1.995031144849804927e-07
2.118078167881709145e-07
2.258328429717454633e-07
2.417703779959261637e-07
2.597552097912527334e-07
2.799980994416427194e-07
3.027128998401190108e-07
3.280698591309363815e-07
3.561168465873539098e-07
3.867370010105984015e-07
4.198146963177142631e-07
4.552481939942330459e-07
4.925776305258036560e-07
5.310861343468353004e-07
5.699452213738802041e-07
6.080600463662368911e-07
6.440291056743091780e-07
6.764778277307987836e-07
7.038031862115787243e-07
7.241441846915976979e-07
7.358132474486712298e-07
7.372075734065555445e-07
7.270078369883087600e-07
7.041697947903306350e-07
6.682847460723691815e-07
6.201915716259306975e-07
5.619796376688514278e-07
4.970613077460786985e-07
4.301981967337001985e-07
3.667502651552000803e-07
3.111166578191087516e-07
2.650136958386088062e-07
2.264350478989188380e-07
1.908614034911852313e-07
1.553687512545208968e-07
1.224594852091054196e-07
9.711440168191829100e-08
7.869097373174250633e-08
6.260919553953572218e-08
4.911677166832527312e-08
3.915519348073594559e-08
3.116996186415244728e-08
2.497307531949114516e-08
2.016565402496044194e-08
1.642546472031822010e-08
1.348775301916633769e-08
1.116056943379188630e-08
9.290566003841869378e-09
7.764195736724448915e-09
6.499711031449153766e-09
5.437994926239921481e-09
4.537124678873441120e-09
3.767606587301609341e-09
3.108380596490847301e-09
2.543995021321228345e-09
2.062643354413299794e-09
1.654813769303604334e-09
1.312399096420476463e-09
1.028136422263482661e-09
7.952647078789821379e-10
6.073229204229272190e-10
4.580580434226381700e-10
3.414411028498820048e-10
2.517783433317919295e-10
1.838655370069773036e-10
1.331229270557493023e-10
9.566616579248088389e-11
6.830823386280895099e-11
4.850820841645699946e-11
3.428912970619802268e-11
2.414505550204559901e-11
1.694774716483428908e-11
1.186467724103134299e-11
8.288196216154842606e-12
5.779422834981403104e-12
4.024387970155345347e-12
2.799226955515417611e-12
1.945585295288181428e-12
1.350971137865842536e-12
9.376474601912780204e-13
6.508212536050949045e-13
4.522115859724845351e-13
3.146175062023455823e-13
2.191537722872604626e-13
1.529337729925186014e-13
1.075475540136507695e-13
7.694362787753065857e-14
5.548486486424797062e-14
4.170105357715182520e-14
3.292459516017011577e-14
