# bin_4_4
1.291798715448829554e-08
1.313236533220455037e-08
1.338071097040083868e-08
1.366836900415523315e-08
1.400066507438184574e-08
1.438461625885173950e-08
1.482835019096534273e-08
1.534150149953032444e-08
1.593444707195652668e-08
1.661759661115555371e-08
1.740055054857006903e-08
1.829357532501563266e-08
1.931379551806070725e-08
2.048443071520021466e-08
2.182865117459303609e-08
2.337615606701664173e-08
2.514955109793608615e-08
2.716032734172980586e-08
2.943163739545597793e-08
3.201337210443640589e-08
3.494262919887443040e-08
3.822767590046352969e-08
4.189793602395077159e-08
4.598112772948956714e-08
5.047941857770889466e-08
5.537447297683183436e-08
6.064371660675337641e-08
6.621102901250097123e-08
7.197523188520890596e-08
7.774324769805006194e-08
8.341134012197984570e-08
8.872875350749725319e-08
9.342027180946973839e-08
9.719554378550278207e-08
9.974471054570863035e-08
1.007656136140334298e-07
9.989089909067934559e-08
9.680386206745624824e-08
9.144609307327401805e-08
8.393628597426689737e-08
7.468804095349527400e-08
6.452090503861337201e-08
5.457529493716042102e-08
4.596815030181088201e-08
3.931906045601959166e-08
3.420217604184062907e-08
2.924571319247098604e-08
2.341469785434808352e-08
1.773463705618207718e-08
1.402359953953207164e-08
1.157062428877567776e-08
8.793785244952075122e-09
6.782832823388313340e-09
5.348424344885389001e-09
4.125610936480026617e-09
3.244603345419907542e-09
2.567110486069067486e-09
2.051881316227077271e-09
1.660818660673638196e-09
1.360401820634652482e-09
1.125864668782253031e-09
9.393383834858855178e-10
7.880388961609603348e-10
6.628390612247883506e-10
5.574879009544519220e-10
4.677107127507608890e-10
3.905845787718872623e-10
3.240849563788040255e-10
2.667615441021662449e-10
2.175333207091052599e-10
1.755338714071782143e-10
1.400213153793221923e-10
1.103221087729186908e-10
8.580216696955217393e-11
6.585262106278902326e-11
4.988235911017719869e-11
3.731405930209968716e-11
2.759030887063921363e-11
2.018836106669044895e-11
1.463629882527780897e-11
1.052646603130531610e-11
7.518299679546322171e-12
5.338516018390220943e-12
3.771909344891824340e-12
2.654079610044509217e-12
1.861385286718042614e-12
1.301242756965756994e-12
9.077227513389809114e-13
6.319442868017913877e-13
4.397508686143228067e-13
3.052616481953420136e-13
2.114742053462416289e-13
1.463209222328235489e-13
1.013253105298936545e-13
7.082466597640217965e-14
4.875501890323377058e-14
3.378020812136489607e-14
2.285735380161855311e-14
1.656925612133806002e-14
1.105913095809140718e-14
