# bin_5_4
9.301649642220129271e-09
9.443542537422792228e-09
9.607935112277795410e-09
9.797859568990684001e-09
1.001701664316823672e-08
1.026972318779297451e-08
1.056158019495921998e-08
1.089909636481967584e-08
1.128922729000883846e-08
1.173836441757195589e-08
1.225154675267374195e-08
1.283427320381707825e-08
1.349592968910501023e-08
1.425009821914818406e-08
1.511080788900155057e-08
1.609820749068939855e-08
1.722744914899767158e-08
1.850293937316376038e-08
1.992821573622380317e-08
2.153009872570874524e-08
2.333940061004541377e-08
2.535755417216088046e-08
2.759162011380627590e-08
3.006086037140532127e-08
3.277163529654991085e-08
3.570652713752789715e-08
3.885898505707919047e-08
4.218884593454057121e-08
4.564588710531287452e-08
4.914789304171778886e-08
5.257645728874182928e-08
5.586526750709905116e-08
5.885425262922469793e-08
6.138736393878986810e-08
6.329403592008904141e-08
6.438492617706082921e-08
6.447029652378821670e-08
6.328900011244333768e-08
6.068519675927713113e-08
5.665878924933528541e-08
5.133394868564403908e-08
4.505613958387582267e-08
3.842834414701357499e-08
3.218817209023549720e-08
2.696554547573010767e-08
2.298370667923540090e-08
1.976694444272548641e-08
1.645159948320866409e-08
1.269775802217523445e-08
9.454642353052046921e-09
7.509849278467374296e-09
5.998157792988212477e-09
4.385327695089900018e-09
3.401321542065176166e-09
2.590246152090096642e-09
2.001913468727685083e-09
1.557107888741508517e-09
1.239408956796615778e-09
1.003006813491520773e-09
8.267318433234299543e-10
6.926830227626312946e-10
5.876283575384067611e-10
5.025316007029731507e-10
4.313404372811523252e-10
3.702275024934062978e-10
3.168017944464558164e-10
2.696044345654238495e-10
2.277704403799140785e-10
1.907551660675114413e-10
1.581902061485244420e-10
1.297810954728573145e-10
1.052568825602527151e-10
8.433912894017615032e-11
6.673161057390677274e-11
5.212043663916984227e-11
4.017806630192334573e-11
3.057469085870131576e-11
2.297987149733335829e-11
1.707447781320225384e-11
1.255518867700015542e-11
9.147804847555188364e-12
6.611969805163021502e-12
4.745682866287408060e-12
3.386322546073299630e-12
2.403820648475910151e-12
1.699726629760753741e-12
1.197345644054524495e-12
8.407080242146263701e-13
5.890057093608409726e-13
4.115242137860176132e-13
2.883313339671323125e-13
2.002644120579425128e-13
1.390262495973935612e-13
9.620492196225009655e-14
6.772507134541336509e-14
4.658416051453076181e-14
3.329922610539042348e-14
2.199328616051862040e-14
1.475275237567987595e-14
1.173313514434182699e-14
