# bin_5_3
7.221858459931393106e-09
7.307614303790330456e-09
7.406502463818770094e-09
7.520011541855146294e-09
7.650048502654996239e-09
7.798848598958566971e-09
7.969598720302362999e-09
8.166015182740545661e-09
8.391823077359771988e-09
8.649689932168552863e-09
8.940370795940700540e-09
9.264443673963755944e-09
9.625654926020577990e-09
1.003114858089458293e-08
1.048764648392806846e-08
1.100704136755453252e-08
1.159524393664164500e-08
1.224642374094154795e-08
1.295288515142916878e-08
1.372928680458274982e-08
1.459361123123638141e-08
1.553426987235637204e-08
1.654567277684415705e-08
1.763580158146469517e-08
1.880256602133426879e-08
2.002488340112710128e-08
2.129945263516664045e-08
2.259906483393414847e-08
2.389896294077797352e-08
2.515964876760914463e-08
2.633279762570886273e-08
2.739153604366842860e-08
2.827539093003975276e-08
2.892827068089671502e-08
2.928858048596454366e-08
2.928534631929102323e-08
2.884562536853277768e-08
2.786706148625467895e-08
2.630335110825707083e-08
2.417577643573835731e-08
2.156084718621272683e-08
1.862639945403453037e-08
1.563278104019893440e-08
1.286925984131392387e-08
1.056047236535586770e-08
8.760800348957234498e-09
7.269842296309108631e-09
5.790302120875591446e-09
4.259310956331056920e-09
3.024157356926250460e-09
2.271789333121890663e-09
1.687615979762801710e-09
1.153304707601737290e-09
8.408157239215431965e-10
6.056246057860247200e-10
4.568465783080764463e-10
3.583061777879350136e-10
2.985963283139667750e-10
2.612465810652579974e-10
2.368146241039841652e-10
2.188824690761178271e-10
2.035550249903813209e-10
1.885108256102032360e-10
1.728165052171286256e-10
1.563926825554094913e-10
1.394951782133903981e-10
1.225617779113698657e-10
1.060758940639784058e-10
9.045281130868091087e-11
7.601429332732398364e-11
6.297263457919904975e-11
5.143847683443933373e-11
4.143705158147128871e-11
3.292506371664302900e-11
2.581058909569111286e-11
1.996764362619959526e-11
1.525313154681297543e-11
1.151356383937738683e-11
8.597069433091563461e-12
6.356682834489125935e-12
4.660335452813290246e-12
3.390960764856170215e-12
2.451099598150780082e-12
1.761974958079062989e-12
1.260062265887794210e-12
8.981309557544186241e-13
6.371932373857004263e-13
4.507927447150008572e-13
3.182335810368059560e-13
2.239982161314657755e-13
1.583804408335010410e-13
1.104602428522993046e-13
7.700593353323789842e-14
5.336190705597068142e-14
3.870851869795852733e-14
2.592404962365761170e-14
1.931620793944831283e-14
1.220480228224221349e-14
8.467606062148913381e-15
6.870139544405912137e-15
