# bin_2_4
1.573929206935034738e-07
1.608338915152067292e-07
1.648267043019530140e-07
1.694531045761808833e-07
1.748141394196965345e-07
1.810124657386052118e-07
1.881898461371942344e-07
1.965008056258552288e-07
2.061293987519293256e-07
2.172585585581620070e-07
2.300495536469949383e-07
2.446806203159072015e-07
2.613931881497046135e-07
2.804291558358160960e-07
3.019771621259212250e-07
3.263054974160860745e-07
3.536877446539968995e-07
3.843537960333192351e-07
4.184076362420509408e-07
4.557800638145903008e-07
4.963884881792337410e-07
5.401412797597941111e-07
5.865544520791926814e-07
6.348411798381135059e-07
6.840445974079740832e-07
7.328642510186331641e-07
7.796145131438358727e-07
8.226170923420256867e-07
8.599034430421783361e-07
8.891035685170082776e-07
9.080067953908028005e-07
9.144610588882116365e-07
9.065934090157838752e-07
8.828063376810465202e-07
8.422072610562202628e-07
7.854787159785832128e-07
7.149554785753272230e-07
6.347409799217129131e-07
5.508480215532762107e-07
4.703407210832138765e-07
3.993243207645484080e-07
3.405657647011776569e-07
2.918534945487717138e-07
2.472025680032964815e-07
2.021985291744656873e-07
1.596285719747261933e-07
1.264385196731042478e-07
1.025890961639449182e-07
8.189228313644563629e-08
6.418815455315433175e-08
5.113919175759611829e-08
4.069069590098457411e-08
3.253484983735346635e-08
2.621612592819823642e-08
2.129757252111939432e-08
1.743863505848461503e-08
1.438949479792972532e-08
1.194807978798732363e-08
9.963720478203063926e-09
8.327316421156314456e-09
6.959493877074963044e-09
5.803447158581288487e-09
4.819043231980842851e-09
3.977592172589688736e-09
3.258113852829332013e-09
2.644721068587198213e-09
2.124804043888144839e-09
1.687805120469093259e-09
1.324428998679866517e-09
1.026142358452921932e-09
7.848626515685839746e-10
5.927925773749391131e-10
4.424011694642614663e-10
3.265402175082776775e-10
2.386350442876047775e-10
1.728635778839047572e-10
1.242606050333691892e-10
8.873387042055250276e-11
6.300848214157079869e-11
4.452937289899706630e-11
3.134525827223869409e-11
2.199215657596072657e-11
1.538822293299123570e-11
1.074336553534854962e-11
7.486921784175236781e-12
5.209971286379856692e-12
3.621373936309527356e-12
2.514950249086927551e-12
1.745139603163852292e-12
1.210425970224962006e-12
8.395333384047697565e-13
5.826960249529869784e-13
4.046931414244528568e-13
2.815179493107781836e-13
1.962108877205997509e-13
1.377289907931438039e-13
9.770320102978358935e-14
7.018019143660125977e-14
5.199377400836321623e-14
4.039584713532453184e-14
