# bin_5_1
4.886812978009460622e-09
4.914318721169533017e-09
4.945445957873156014e-09
4.980214453104297461e-09
5.018825643252482588e-09
5.061572130315499614e-09
5.109410402564658354e-09
5.163552126508607736e-09
5.224869572683544222e-09
5.292862285601960017e-09
5.364783104633129510e-09
5.437329567198497078e-09
5.509948132703438544e-09
5.585044008770507539e-09
5.664244623376531593e-09
5.753959446275860913e-09
5.854494294178793615e-09
5.954545673967852867e-09
6.040992189566317763e-09
6.122852867982659898e-09
6.212897677673659502e-09
6.295873898245078528e-09
6.363859342983709064e-09
6.424203974528953139e-09
6.477450358321032791e-09
6.510000041022196952e-09
6.530358614130558224e-09
6.530220184305191978e-09
6.511086328178244809e-09
6.469942363934792979e-09
6.406097051292016335e-09
6.322716287004001117e-09
6.220902254728808949e-09
6.101284767523092646e-09
5.961657485193924359e-09
5.794243743252682363e-09
5.586672609210364648e-09
5.319248267858973427e-09
4.980293964728371833e-09
4.569990490124541311e-09
4.094881124046582708e-09
3.575334299173886475e-09
3.048312357201043277e-09
2.559821678738885809e-09
2.152352952781693035e-09
1.842932264842184509e-09
1.598859179264434671e-09
1.354144902018458369e-09
1.074570135691791437e-09
8.247110591015229383e-10
6.714908613293290091e-10
5.546680746497072241e-10
4.226549154496600946e-10
3.372523581821437519e-10
2.660150632750452852e-10
2.098671494394970831e-10
1.657470651619274566e-10
1.320298674632501875e-10
1.054907088103649199e-10
8.477611317997638294e-11
6.853483014973517900e-11
5.568153737084621718e-11
4.542731533278345823e-11
3.717310931373486971e-11
3.046524232943923770e-11
2.496927878102885107e-11
2.043649559660410278e-11
1.667940657362105271e-11
1.355517572583390061e-11
1.095416450671221365e-11
8.790733180902625404e-12
6.996830966483406112e-12
5.517097181373089339e-12
4.305337661932769552e-12
3.322124725091126673e-12
2.533204941866244361e-12
1.908399690097535388e-12
1.420703685465443162e-12
1.045807173353224107e-12
7.619431746029102888e-13
5.500380451645468319e-13
3.938753811576168335e-13
2.800961051205335047e-13
1.980131954464554057e-13
1.393006803042495157e-13
9.760645615945585710e-14
6.817374632709416513e-14
4.750423399193023149e-14
3.304527028953578355e-14
2.297034298734548492e-14
1.596820490451302129e-14
1.111513281072881431e-14
7.763798236492015209e-15
5.451720417218668229e-15
3.865369768534024258e-15
2.777954436182131040e-15
2.034112826649186414e-15
1.527295137507029812e-15
1.186177226508255296e-15
9.505208507778714380e-16
