# bin_6_3
8.671418726109443002e-09
8.768182187886611278e-09
8.879141109492069528e-09
9.005697306566385523e-09
9.148943500237380907e-09
9.312383478268051969e-09
9.498450536689144188e-09
9.712717321934589742e-09
9.959695834325432973e-09
1.024392967988749850e-08
1.056614017155741463e-08
1.092510197064156804e-08
1.132517237125249176e-08
1.176784063334237369e-08
1.224817426905227074e-08
1.277084823555177796e-08
1.334808785936123660e-08
1.399266998233228138e-08
1.470385149875815986e-08
1.545665868342156619e-08
1.623390157003360227e-08
1.705943539286776479e-08
1.793138851494211116e-08
1.881432876649354830e-08
1.969779894945172156e-08
2.057266491567739107e-08
2.141660841211229988e-08
2.219370713203441981e-08
2.289037989023975399e-08
2.346378538765148580e-08
2.388733196040580292e-08
2.413595933893872708e-08
2.418636361635916661e-08
2.401533855995511357e-08
2.360882860635293385e-08
2.295644421239340876e-08
2.204777466434184781e-08
2.086384701755110660e-08
1.938653823932976652e-08
1.763135406664446084e-08
1.564258821411342933e-08
1.351144997400780192e-08
1.137832100919923189e-08
9.403332298777354204e-09
7.709938700546994223e-09
6.337780295623341574e-09
5.215562509586308305e-09
4.193431967841067650e-09
3.190997385757472114e-09
2.322956496559894107e-09
1.730332202367347526e-09
1.318643371626002193e-09
9.515288187512724694e-10
6.959493308535252543e-10
5.250159286006438523e-10
3.994439638756704692e-10
3.172144704021880265e-10
2.613642249207104656e-10
2.231594885329525171e-10
1.959791035797138778e-10
1.751222717220153358e-10
1.577253650542594171e-10
1.420133623773963188e-10
1.270934174767537910e-10
1.126912608763281733e-10
9.880530135822741891e-11
8.556306778238625514e-11
7.315338255859886892e-11
6.173753851057816241e-11
5.143373971007162264e-11
4.230231470862174917e-11
3.435099615737561848e-11
2.754339732513595329e-11
2.180954154075223916e-11
1.705655121828827505e-11
1.317742004026041866e-11
1.006086485912915013e-11
7.594860047960615927e-12
5.673288564405078064e-12
4.197429708845410691e-12
3.079118775567537999e-12
2.241885117346433294e-12
1.621332249043377744e-12
1.165982570927072845e-12
8.342501111708136204e-13
5.945674586213666769e-13
4.222707475102498244e-13
2.987038541441074995e-13
2.108667678889137841e-13
1.484673630265366739e-13
1.049421661438539296e-13
7.335116094603608000e-14
5.127221177389351750e-14
3.580760086962619249e-14
2.528518253263423685e-14
1.792974149458047969e-14
1.273882118269421753e-14
8.520512153706171567e-15
5.720224813119526401e-15
4.934658036506054547e-15
