# bin_1_3
2.941420453259034097e-07
3.016209279878395202e-07
3.103188119064390375e-07
3.204298883937025371e-07
3.321712262400890433e-07
3.457947999580729506e-07
3.615818269071183863e-07
3.798519782868900909e-07
4.009643387467624293e-07
4.253166422329586719e-07
4.533447547940311262e-07
4.855226701845911572e-07
5.223518886558747984e-07
5.643486600475772623e-07
6.120231129452460037e-07
6.658409468714824762e-07
7.261798130953402996e-07
7.932637811451969071e-07
8.670872773621444231e-07
9.473443631627713660e-07
1.033271983418449768e-06
1.123560474872210270e-06
1.216478928398238602e-06
1.309692382055166655e-06
1.400143361387073945e-06
1.484153915680810910e-06
1.557365108853624310e-06
1.614838398509977082e-06
1.651347276534430719e-06
1.661544196032414378e-06
1.640780357098957407e-06
1.586102339105212142e-06
1.497333440002414480e-06
1.378316767731368846e-06
1.237388800847837873e-06
1.086637188385142399e-06
9.394666583464750496e-07
8.066278167502470809e-07
6.921546531633381856e-07
5.924620739189645750e-07
5.007202838121299163e-07
4.141710006474669391e-07
3.359577624266720221e-07
2.693484794446146893e-07
2.151524875998403440e-07
1.725336269085610449e-07
1.376816990712661708e-07
1.093263294210889149e-07
8.738844441840452125e-08
7.012879167989496521e-08
5.669222507779081562e-08
4.619868648626938743e-08
3.797632219988164255e-08
3.146974492865488271e-08
2.625595137670577807e-08
2.201375134494534456e-08
1.850606425406400639e-08
1.556209459173881259e-08
1.306021310728918264e-08
1.091478875905466321e-08
9.065714918778636095e-09
7.470268012893531672e-09
6.097214617931496929e-09
4.922668284737319730e-09
3.927136739251983158e-09
3.093397964653049040e-09
2.405046942458365580e-09
1.845677659401692300e-09
1.398658683076468249e-09
1.047381529582066941e-09
7.757899092961854952e-10
5.689736830040849676e-10
4.136485239612897717e-10
2.984274601040606955e-10
2.138787642996252385e-10
1.524184277991187739e-10
1.081002086788930661e-10
7.636066897794886437e-11
5.375988946152697139e-11
3.774350487435011883e-11
2.643834289088082919e-11
1.848465138905054924e-11
1.290398204981894123e-11
8.996924911584260581e-12
6.266519850782893082e-12
4.361205405338798483e-12
3.033283548946015395e-12
2.108766562903410234e-12
1.465659724204709139e-12
1.018677367203661528e-12
7.079961706301605519e-13
4.922375825448924295e-13
3.423451381038222283e-13
2.385335416742460616e-13
1.669515988328166772e-13
1.184349441241214193e-13
8.719521086520683950e-14
6.933244876308129126e-14
6.063756193563349832e-14
5.752255435636719286e-14
