# bin_4_3
9.905072103385104151e-09
1.003805832212788608e-08
1.019143355476665653e-08
1.036829780568383384e-08
1.057138066075781034e-08
1.080467771783812970e-08
1.107281992470264367e-08
1.138139338300065670e-08
1.173609679685588096e-08
1.214194630622478712e-08
1.260233866993325832e-08
1.312042325744160245e-08
1.370517464336572650e-08
1.437052140924963593e-08
1.512911266183066107e-08
1.599879303412915449e-08
1.698894806315140571e-08
1.809649484665911193e-08
1.932871384394953067e-08
2.071854232632244198e-08
2.228557185962200825e-08
2.402077908160301801e-08
2.593760535472289969e-08
2.805082047847865458e-08
3.035500943544750416e-08
3.283247513984205089e-08
3.547283689475412514e-08
3.822740761977091334e-08
4.104359905754053102e-08
4.381672392075832664e-08
4.649195640534640216e-08
4.893391519990675299e-08
5.099870427615155143e-08
5.253552160706053025e-08
5.338649683967130948e-08
5.340350796062558242e-08
5.241022064702923293e-08
5.027080906661180516e-08
4.698468244666307636e-08
4.264560642746539779e-08
3.749787607130779575e-08
3.197842025148907003e-08
2.665914928001482370e-08
2.207179259008571504e-08
1.848009925263627763e-08
1.564327028428308693e-08
1.293263963020518001e-08
9.957647092065073668e-09
7.246006319348679670e-09
5.503981164803672374e-09
4.316157092452599797e-09
3.107150142270015802e-09
2.302178189505601186e-09
1.736942986081713560e-09
1.312809444551076309e-09
1.025461556291619461e-09
8.276948538944038137e-10
6.899761470643704816e-10
5.926180384155409366e-10
5.203325002292130629e-10
4.629310870981382444e-10
4.139513028666986410e-10
3.695696153288788825e-10
3.279997393415899623e-10
2.885470555542553818e-10
2.511180253763365714e-10
2.159577963944524915e-10
1.833987775802748443e-10
1.537356472342114388e-10
1.271712571331821344e-10
1.037888171564770778e-10
8.355843690091595325e-11
6.635327774801572547e-11
5.197223248260800619e-11
4.016080179463960883e-11
3.063318575961803674e-11
2.308275163784816398e-11
1.720130929305562402e-11
1.269190054744468115e-11
9.283421995967081309e-12
6.739420857597194352e-12
4.859958280728367143e-12
3.485348494775350576e-12
2.487132027305818952e-12
1.767949815234163773e-12
1.252569068477678502e-12
8.839446556575358543e-13
6.226143383377227118e-13
4.373661774726000643e-13
3.081379355461346268e-13
2.152727323930331600e-13
1.500438702295570919e-13
1.042404967423860217e-13
7.319904045116244082e-14
5.166214601223217449e-14
3.605533714287618369e-14
2.433318031904754577e-14
1.585055943584289891e-14
1.288727045176233891e-14
7.341686019973146696e-15
