# bin_3_3
2.195705833470284694e-08
2.254033953989372586e-08
2.322027127333722685e-08
2.401207575721176131e-08
2.493407145323447529e-08
2.600673163185765329e-08
2.725396977139787189e-08
2.870301382905229382e-08
3.038493001473446365e-08
3.233505799442230458e-08
3.459338787035540231e-08
3.720494623800806309e-08
4.022009312167540146e-08
4.369470974824337390e-08
4.769020898834959385e-08
5.227330383883191629e-08
5.751500357697909074e-08
6.348925660704648629e-08
7.027068641161979683e-08
7.793135297437977610e-08
8.653577065907002413e-08
9.613396194417028520e-08
1.067523383848819481e-07
1.183828921940034475e-07
1.309706307836566946e-07
1.443992343591616863e-07
1.584736502941498937e-07
1.728661826208119200e-07
1.871042912577715837e-07
2.008582428613595190e-07
2.134480376894766351e-07
2.241810852626604748e-07
2.323318116834901500e-07
2.371416236668762416e-07
2.379207434578296700e-07
2.338712091698132784e-07
2.245150867338142519e-07
2.099877181461968248e-07
1.908808993222962528e-07
1.684497324509330344e-07
1.447172887710717974e-07
1.221252265113516885e-07
1.027850646817009014e-07
8.761842162341246666e-08
7.541637563021407460e-08
6.340783125249479431e-08
4.999887641662224426e-08
3.779552748931695215e-08
2.997097434015270442e-08
2.431148674467682865e-08
1.830860669102871413e-08
1.422939841078126283e-08
1.112247713426788766e-08
8.671255998209197881e-09
6.865495223244956883e-09
5.510008296431594492e-09
4.485196058078129812e-09
3.706257250030113854e-09
3.102602366185091435e-09
2.622956991269284496e-09
2.231677213911340970e-09
1.904062555115483561e-09
1.623749423194818029e-09
1.380165283499154592e-09
1.166548086057417360e-09
9.786360651374453547e-10
8.136221218355046413e-10
6.695248399311202900e-10
5.447628459799330016e-10
4.378944791280639798e-10
3.474946343224348798e-10
2.720992292268877937e-10
2.101969444858033049e-10
1.602275329713533036e-10
1.205993565835428532e-10
8.971563999085098660e-11
6.604096242944488848e-11
4.816288798097326731e-11
3.484061896864368451e-11
2.502852300119296588e-11
1.787182446489108332e-11
1.269766737365687079e-11
8.982525488275955510e-12
6.332255548285470853e-12
4.450992387343712508e-12
3.119336405931746359e-12
2.182134502249155668e-12
1.523495400860447865e-12
1.064310001297112840e-12
7.404116271980106391e-13
5.141311343511716043e-13
3.562610726341356685e-13
2.479924798016127100e-13
1.732593587670033117e-13
1.199005024300420290e-13
8.201833904185751781e-14
5.488814808260757563e-14
4.079058183529843154e-14
2.585064592672686508e-14
1.886385186305407372e-14
