# bin_4_2
2.685564781584374479e-10
2.755931156972320344e-10
2.838119300625453907e-10
2.934041473728123562e-10
3.046069515142591688e-10
3.176816420736254720e-10
3.329324569819216292e-10
3.507077244182740883e-10
3.713989943781195148e-10
3.954690438637526220e-10
4.234758602323207405e-10
4.560662998698794409e-10
4.939362563770435665e-10
5.378681284590806693e-10
5.888001196949131362e-10
6.477238440531348088e-10
7.157499152427951581e-10
7.941387357380532041e-10
8.842558270642533285e-10
9.874610535845745119e-10
1.105121598493411798e-09
1.238651644508441971e-09
1.389208653853126601e-09
1.557605477749161821e-09
1.744093208553624811e-09
1.948143496183318896e-09
2.168023366513021828e-09
2.400631292690039710e-09
2.640731411335556009e-09
2.880069124785010891e-09
3.113245174279822117e-09
3.328703792661407321e-09
3.514102349039681378e-09
3.656302804691618655e-09
3.741415103698438856e-09
3.756249010213579342e-09
3.685332485600428008e-09
3.518281538640753872e-09
3.256073473271294033e-09
2.908592569593791717e-09
2.498877314021320111e-09
2.064939419909870821e-09
1.652492586136642926e-09
1.299639011686161777e-09
1.021118947894829644e-09
7.973357792107585205e-10
5.909320019046755518e-10
3.873810337954748631e-10
2.201279929282559548e-10
1.164623956457550344e-10
5.102898689883322668e-11
2.082633026362852470e-12
-2.336959506073193141e-11
-3.248764697362141817e-11
-3.201552008228546688e-11
-2.538397659048838454e-11
-1.593544895320418439e-11
-5.836885900772324803e-12
3.403895457607595305e-12
1.098990623820933668e-11
1.662781689677463695e-11
2.029306166112387652e-11
2.217739510819299778e-11
2.261376587861261451e-11
2.194878810996346231e-11
2.050595944214789199e-11
1.857700842472739847e-11
1.639862895602340459e-11
1.415259413847367513e-11
1.197102689972106238e-11
9.941468206043040079e-12
8.116456473690570582e-12
6.521152020633225390e-12
5.160797412977203345e-12
4.026390324517428119e-12
3.100075684039568858e-12
2.358067528845072795e-12
1.774253156093146727e-12
1.322069388244014720e-12
9.768592322148105622e-13
7.164268871284537619e-13
5.219339907539180573e-13
3.781363125803329338e-13
2.724981436137255169e-13
1.956564299306567236e-13
1.398705394544634732e-13
9.959536615397721832e-14
7.076183072957123495e-14
5.010818977807090206e-14
3.564010597682691425e-14
2.499702576233000463e-14
1.749366370359753989e-14
1.216040196416514830e-14
8.744222916198462918e-15
6.012421358249448761e-15
4.327317433072466445e-15
2.766713200666903563e-15
1.819259698897941552e-15
1.512665409679577739e-15
8.030179461514081205e-16
