# bin_5_4
8.373501695701063163e-10
8.601580166785124209e-10
8.867816787952022874e-10
9.178545558829531763e-10
9.541129614183160133e-10
9.964132567727832954e-10
1.045749791110184048e-09
1.103276508493126839e-09
1.170331040720871682e-09
1.248461731224792997e-09
1.339457895157421854e-09
1.445383593451597111e-09
1.568613503657210647e-09
1.711870962373371367e-09
1.878267360905926340e-09
2.071339300193099305e-09
2.295081958198340597e-09
2.553971088391608218e-09
2.852968570541161370e-09
3.197495373798604476e-09
3.593353162279875016e-09
4.046564797119233515e-09
4.563125606279465915e-09
5.148580066880394324e-09
5.807413115377685940e-09
6.542215896512536343e-09
7.352618741816418275e-09
8.234030813253446146e-09
9.176241643449200064e-09
1.016166498827944896e-08
1.115658749832782737e-08
1.214469018319590137e-08
1.307974170451420324e-08
1.391404836805756395e-08
1.459530493030111368e-08
1.506675352515784901e-08
1.527236957859119071e-08
1.514042691730712379e-08
1.461384918573415954e-08
1.368263563880327627e-08
1.237008424061721965e-08
1.075775107949922470e-08
9.000754843488041576e-09
7.302388325129336236e-09
5.845244088715789475e-09
4.712652791754420379e-09
3.820343923799036810e-09
2.977424160567753782e-09
2.085022781886026680e-09
1.314317611476602148e-09
8.424961856903455006e-10
5.395363676738330192e-10
2.698285755506998340e-10
1.167123310410970582e-10
3.449741104577016056e-11
-4.664620521245427876e-12
-1.175665187014023824e-11
-9.131785733694837684e-13
1.813343407353140761e-11
3.886487620157942960e-11
5.725404733040974712e-11
7.140236915442793612e-11
8.042955142867476516e-11
8.448168276467140437e-11
8.433036882538758257e-11
8.089609251336023625e-11
7.511572024694248629e-11
6.786935734084711686e-11
5.989033109171525621e-11
5.175674195081439058e-11
4.388940101487534379e-11
3.657439327297683890e-11
2.998423505720220651e-11
2.420301446133570051e-11
1.924900654961973099e-11
1.509220955769212429e-11
1.167433013596026718e-11
8.915981324075259835e-12
6.730686248063889392e-12
5.027611536207825036e-12
3.720975033447764688e-12
2.731597539134776255e-12
1.990583985109982047e-12
1.441850998230140988e-12
1.038340502025882937e-12
7.448254394784367552e-13
5.318539644147517305e-13
3.782042971373215708e-13
2.682936631662654124e-13
1.895257176093125368e-13
1.348678928641281671e-13
9.427694652099152000e-14
6.586562640866034813e-14
4.570506164607036129e-14
3.283990564440273999e-14
2.244084120942532291e-14
1.654129825787651692e-14
1.031107623090366639e-14
6.557712464763588807e-15
5.932456635769948732e-15
