# bin_6_3
5.088365578410992903e-10
5.226567482770669812e-10
5.387902455495070546e-10
5.576198919016293017e-10
5.795938010140100378e-10
6.052309809046026601e-10
6.351334364102970946e-10
6.700000283641077447e-10
7.106381543103840623e-10
7.579844495310510184e-10
8.131251019163110782e-10
8.773126256476154720e-10
9.519804527203389475e-10
1.038770563920037806e-09
1.139569589088977042e-09
1.256513438526820546e-09
1.392011167933440070e-09
1.548758253301614897e-09
1.729735071728492971e-09
1.938199208736624079e-09
2.177634062219319739e-09
2.451631476316517704e-09
2.763750669403193305e-09
3.117281842043731828e-09
3.514843586925445247e-09
3.957903205275407572e-09
4.446127290239357071e-09
4.976621952431531249e-09
5.543024557446802607e-09
6.134517445719044243e-09
6.732523348633146969e-09
7.324382959295923968e-09
7.884018232912665074e-09
8.382402401022957166e-09
8.788157555327789698e-09
9.067420178012152307e-09
9.185340506745691189e-09
9.102961388862085635e-09
8.784905605488421385e-09
8.225491453224503411e-09
7.440371998393918245e-09
6.478347439516110343e-09
5.429740829501581581e-09
4.413048471104595261e-09
3.534721244810064892e-09
2.844268749154730350e-09
2.300081159632165996e-09
1.795811134511430543e-09
1.270759030330982968e-09
8.075410060247605754e-10
5.131173815178143799e-10
3.316532042150966356e-10
1.720547330458398955e-10
7.513092052108495155e-11
2.630228444508799253e-11
8.262997061196098551e-13
-4.077370092250220047e-12
1.664768435412278822e-12
1.247604156803254816e-11
2.446934907200930306e-11
3.517688834500544168e-11
4.341388548490558146e-11
4.866408819808555940e-11
5.097912944997916658e-11
5.080612201489088029e-11
4.869083239965183230e-11
4.518436982520288943e-11
4.081178736506726793e-11
3.600741211853514888e-11
3.111563932458776729e-11
2.638723769724518851e-11
2.199216426182396878e-11
1.803328445998235971e-11
1.456062422370777286e-11
1.158472937185538818e-11
9.087473037671396010e-12
7.033469147808128727e-12
5.375004313295165818e-12
4.059958906994528360e-12
3.034430241661210591e-12
2.246851085850422211e-12
1.650111748709263943e-12
1.202887518071602359e-12
8.714886606405006999e-13
6.278029817605414025e-13
4.503052928363740517e-13
3.217164273603788334e-13
2.287459394673213417e-13
1.622542904153277318e-13
1.147039320034194961e-13
8.148316855617500375e-14
5.702705306783605972e-14
3.987787161323658209e-14
2.781124029946454115e-14
1.962408412779053710e-14
1.386654658199611026e-14
9.762595408169379396e-15
6.278158037542598685e-15
3.968737952753414318e-15
3.509411055400042579e-15
