# bin_3_2
1.573222215211606154e-09
1.615897763293240444e-09
1.665696456430762078e-09
1.723792697265173114e-09
1.791551437375212903e-09
1.870554125100284472e-09
1.962632834317117518e-09
2.069905401181877440e-09
2.194815575315544910e-09
2.340176611424709493e-09
2.509217630838459360e-09
2.705631509476214552e-09
2.933622139163727502e-09
3.197948364635317327e-09
3.503957324876506009e-09
3.857599963907139052e-09
4.265413281822289838e-09
4.734454529912706844e-09
5.272147873615754172e-09
5.886036451637579984e-09
6.583382446492901050e-09
7.370532694346242243e-09
8.252050816553791227e-09
9.229540404921651523e-09
1.030017047336309617e-08
1.145510553326815493e-08
1.267796981610695493e-08
1.394015809250628316e-08
1.519867127402161077e-08
1.642679968868593886e-08
1.756103651568216744e-08
1.853561885443231474e-08
1.927956187171338657e-08
1.971718573299318244e-08
1.977658597838442003e-08
1.937233959319324199e-08
1.845017649901730757e-08
1.701668529223993417e-08
1.512810955223354570e-08
1.291360145586350803e-08
1.058177957061452218e-08
8.376851084816855029e-09
6.494905853470331396e-09
5.003648116431457312e-09
3.794817306625308803e-09
2.685320231710690135e-09
1.623214282528235213e-09
7.815827608656910344e-10
2.651842574388577569e-10
-5.750461738434413824e-11
-2.663631715016846280e-10
-3.578028062653813823e-10
-3.657225936924422441e-10
-3.228131167543517122e-10
-2.526194306325736520e-10
-1.720427694095165422e-10
-9.292834671958139555e-11
-2.329753119762093432e-11
3.298724595219400823e-11
7.498767517179524124e-11
1.030850122146467313e-10
1.189522841682606733e-10
1.249582921294996714e-10
1.234654280514873259e-10
1.166593981790971549e-10
1.064524476312140569e-10
9.439833294990481021e-11
8.169018675381471529e-11
6.918736853520472791e-11
5.746980424502269085e-11
4.688897009809045592e-11
3.762291857162704563e-11
2.972200850650211908e-11
2.314414420114559827e-11
1.778752267564619573e-11
1.350963090459328767e-11
1.015414809474397364e-11
7.561633135490796624e-12
5.586211476234645346e-12
4.097905593020088573e-12
2.987070074923454448e-12
2.165917474726863468e-12
1.562469888017370011e-12
1.123243834574100172e-12
8.039827237961869810e-13
5.732562351470073730e-13
4.078824127749004348e-13
2.892697138706729333e-13
2.060647973933103922e-13
1.446650696520679324e-13
1.013603271016800380e-13
7.049893659191647122e-14
5.092463731096941421e-14
3.489499287092500778e-14
2.517754133670183946e-14
1.598804137636778690e-14
1.049113300170079752e-14
8.737053026370605289e-15
4.647446817717666835e-15
3.298744930398038244e-15
