# bin_3_4
7.196023658251318576e-10
7.391516729033021771e-10
7.619665462606417834e-10
7.885865895198126299e-10
8.196389781931767530e-10
8.558512072314178144e-10
8.980666537616011978e-10
9.472613796557731720e-10
1.004563184317501254e-09
1.071272491988945537e-09
1.148884956681142557e-09
1.239115174843098179e-09
1.343920991330835081e-09
1.465527252018000531e-09
1.606445890007869448e-09
1.769490033046914809e-09
1.957775351240562471e-09
2.174703007253644887e-09
2.423906552624888820e-09
2.709156144584507459e-09
3.034201173135132981e-09
3.402510138315013935e-09
3.816897994154018590e-09
4.279005655917647570e-09
4.788646110788156137e-09
5.343010159200265269e-09
5.935799414299616761e-09
6.555588349248548180e-09
7.181793006253989594e-09
7.803251899418906964e-09
8.392266316774847771e-09
8.917502521297670114e-09
9.345174990700334119e-09
9.638603253179162383e-09
9.760964478437412261e-09
9.669532762036651530e-09
9.326229068804443761e-09
8.723021317497480469e-09
7.875098963911024241e-09
6.832222461278173551e-09
5.688096864851383175e-09
4.566966436862266392e-09
3.582918746770661540e-09
2.793905123388893310e-09
2.166401170640133079e-09
1.603349116409158150e-09
1.051168973967402404e-09
5.804477810952530284e-10
2.720515491493780032e-10
7.994302213614964785e-11
-5.380136325224885966e-11
-1.248406838671258546e-10
-1.489496019290330763e-10
-1.416515953072681744e-10
-1.173121605236776410e-10
-8.378244617668745625e-11
-4.837077866851122172e-11
-1.570641741273413831e-11
1.166376193615324402e-11
3.275829459646950549e-11
4.743936262106215764e-11
5.622160515701056088e-11
6.010992005068165865e-11
6.018963535089385805e-11
5.749037317653557653e-11
5.294826613884267561e-11
4.733956410519567514e-11
4.127416502236662485e-11
3.520205393750034784e-11
2.943431447693211839e-11
2.416747914948758690e-11
1.950921688009289949e-11
1.550077367379101384e-11
1.213473426899894640e-11
9.371547805836844018e-12
7.148610754065319070e-12
5.393290130634326611e-12
4.029430803971667104e-12
2.984870511710867955e-12
2.194753736726976948e-12
1.602876653880745932e-12
1.164062433716460917e-12
8.408883793038172289e-13
6.049921535147061335e-13
4.336234240743681149e-13
3.093153143129822042e-13
2.201642704119970032e-13
1.561758208895174537e-13
1.112763541807573225e-13
7.830605075161065431e-14
5.489649141586700832e-14
3.825620760370512240e-14
2.718558815744145073e-14
1.923533618662431961e-14
1.350458506018853510e-14
8.912901598287977620e-15
5.603507355166718550e-15
4.776513542936020519e-15
2.467639389323917126e-15
1.884635726702322956e-15
