# bin_6_1
1.015744358340498425e-10
1.035329612660652420e-10
1.058144106242271387e-10
1.084582140849038433e-10
1.115304174786198371e-10
1.150984964555273096e-10
1.192188153554207917e-10
1.239683657616832552e-10
1.293999020387376907e-10
1.355911125037435218e-10
1.426558615924798592e-10
1.507112339929207982e-10
1.598233240377904473e-10
1.700376989900249108e-10
1.814911401960236561e-10
1.942495581277724354e-10
2.083293013589571431e-10
2.236824926279298773e-10
2.401659007403590581e-10
2.576562525991623313e-10
2.760039572172281301e-10
2.947597293540836217e-10
3.133602084021076513e-10
3.313728694053705451e-10
3.480742543079258475e-10
3.626706788047182550e-10
3.742990516505874173e-10
3.821911084448641897e-10
3.853747212458434169e-10
3.831485427859624238e-10
3.748163848917203825e-10
3.601169078058158274e-10
3.391556798499806975e-10
3.125331271331399487e-10
2.812943174270416036e-10
2.468224507407670568e-10
2.106951991315385528e-10
1.744656096571087999e-10
1.395176480946596406e-10
1.071053686032538192e-10
7.834501093059366767e-11
5.399382381060475557e-11
3.436562605584084528e-11
1.920240002510179558e-11
7.869853029235296572e-12
-2.064469183303215881e-13
-5.536799779502666653e-12
-8.415966595494350223e-12
-9.316378458453517517e-12
-8.940795928408743552e-12
-7.770168949545368933e-12
-6.124037178757883754e-12
-4.269504221457745993e-12
-2.513797305531090698e-12
-9.643623848281641188e-13
3.179147363758943781e-13
1.292732144399245613e-12
1.974289109224115928e-12
2.392355376000264796e-12
2.591229389847049163e-12
2.616921387662772134e-12
2.516508204141687186e-12
2.330904079384123105e-12
2.094690111394452409e-12
1.835348298762226882e-12
1.573326616683001250e-12
1.322926398180577307e-12
1.093386584055711713e-12
8.895806370536198347e-13
7.134683674064725450e-13
5.646995338482748128e-13
4.415207285055913707e-13
3.413369545123892839e-13
2.611533664788271748e-13
1.979079293564763727e-13
1.486663222055691547e-13
1.107949241579995472e-13
8.197282590877349879e-14
6.025099814157636714e-14
4.402255316632482092e-14
3.199151176951900501e-14
2.313670194608425726e-14
1.666169532725467984e-14
1.194958413917040986e-14
8.538784207000531843e-15
6.083051552863524685e-15
4.321412321400513400e-15
3.067039667096521212e-15
2.168286692335220940e-15
1.530475692260093356e-15
1.079554500001900502e-15
7.628208205788875189e-16
5.441519302425290972e-16
3.903214381816307836e-16
2.880711696087889395e-16
2.211339210843745509e-16
1.845373889526320519e-16
1.603755819871448721e-16
1.480301622534940392e-16
1.439922554789484549e-16
