# bin_1_1
8.540984260317528956e-09
8.765256707891157632e-09
9.026396053836436132e-09
9.330296152506551584e-09
9.683680748260727893e-09
1.009427814007668088e-08
1.057084717200014811e-08
1.112332282397600218e-08
1.176287683211684035e-08
1.250195492445346786e-08
1.335425809398126633e-08
1.433466139579230121e-08
1.545895905054575127e-08
1.674344325530692243e-08
1.820420056891829790e-08
1.985605220387738863e-08
2.171103428386605491e-08
2.377636012642754501e-08
2.605165983942856779e-08
2.852539788956616720e-08
3.117085738625976161e-08
3.394239990534236969e-08
3.677898129586956657e-08
3.959823487747178769e-08
4.229054833199124783e-08
4.472500804273238308e-08
4.674645954567324048e-08
4.817994961286267419e-08
4.884289907635741317e-08
4.855419552926601436e-08
4.716355286156651141e-08
4.458917177072339966e-08
4.085312491962155500e-08
3.611802417913134884e-08
3.069246844635432627e-08
2.499260050007380857e-08
1.945746200004385231e-08
1.443638353723066403e-08
1.010309031081330553e-08
6.465445558460660631e-09
3.463556825844430846e-09
1.052321483026179802e-09
-7.921940286220713622e-10
-2.074179153550184851e-09
-2.801944775329575449e-09
-3.079585439500276272e-09
-3.033425639855491913e-09
-2.761572691244911575e-09
-2.362400978315561508e-09
-1.898618033121936297e-09
-1.428561810927921569e-09
-9.914763389265058918e-10
-6.106795912020334697e-10
-2.977192079412074033e-10
-5.494884296796008881e-11
1.216973879144561556e-10
2.402721709705774771e-10
3.106635266467762138e-10
3.432316027703987421e-10
3.477483579185385909e-10
3.327407829605044254e-10
3.052791118708363767e-10
2.709519177971388800e-10
2.339607567678499289e-10
1.972994826155941753e-10
1.629566432130041061e-10
1.321170049340600840e-10
1.053464223154868336e-10
8.275772760562635372e-11
6.415329286466809532e-11
4.914700324974421374e-11
3.725937520131956994e-11
2.798787255934173176e-11
2.085356780593080655e-11
1.542668277192503750e-11
1.133993750601960255e-11
8.288717020921845842e-12
6.028196378097801117e-12
4.364560444378150161e-12
3.146970821746819760e-12
2.260912788434742264e-12
1.619006760046855069e-12
1.156554135217140766e-12
8.236887827335906362e-13
5.845704910945650313e-13
4.132966536828507288e-13
2.916142682246627092e-13
2.057093636789008478e-13
1.447620174198844724e-13
1.010925445349182346e-13
6.937687941635912319e-14
4.786991054523402503e-14
3.213173850784243588e-14
2.203482888726379035e-14
1.549880616704950776e-14
1.244431320035171351e-14
1.246520858693565159e-14
1.356180087193479521e-14
1.483321164050464456e-14
1.548121925936173153e-14
