# bin_2_1
3.410734280537995693e-09
3.497593063612183687e-09
3.598809002278995080e-09
3.716588459502805360e-09
3.853765078487833628e-09
4.013246434409434725e-09
4.198501752977729507e-09
4.413280868781892416e-09
4.661756149576160773e-09
4.948710185372978078e-09
5.279765956149119856e-09
5.661161390440471722e-09
6.099016748731142261e-09
6.599744374079369846e-09
7.170853058307009740e-09
7.819228099942378918e-09
8.551255016595954749e-09
9.372363068608156033e-09
1.028622691889251712e-08
1.129431767403411942e-08
1.239455403443658894e-08
1.357873393293109738e-08
1.483279785994394722e-08
1.613550795732244847e-08
1.745555395501006111e-08
1.875016813978138358e-08
1.996989562890315566e-08
2.106059004241354442e-08
2.195731402559706453e-08
2.258649288192131044e-08
2.287705290742242957e-08
2.276394876922406184e-08
2.219414263248008969e-08
2.113016877035888817e-08
1.956786767193967064e-08
1.755613623177490469e-08
1.519574954755214223e-08
1.263568080169613611e-08
1.006518132651488843e-08
7.679546815569083713e-09
5.624798278107847142e-09
3.949666535773996665e-09
2.599464647874759459e-09
1.475921294457852060e-09
5.376499759281638471e-10
-1.680242358569409430e-10
-6.071848576070389742e-10
-8.272635448773104706e-10
-8.965820118229409227e-10
-8.663320441561766750e-10
-7.645205266821541055e-10
-6.224686227111741826e-10
-4.672177506522693139e-10
-3.166619595414030703e-10
-1.820062722712104928e-10
-6.963940474532148445e-11
1.799524702176360535e-11
8.165567855990194046e-11
1.237778847698254642e-10
1.477158431053725924e-10
1.573042996107361091e-10
1.562439628505181897e-10
1.477916144049238854e-10
1.346837914996811623e-10
1.191012144929593433e-10
1.026819292095452798e-10
8.658944062824643612e-11
7.159005971727860163e-11
5.813620039260061379e-11
4.644194497830373913e-11
3.654742471445524825e-11
2.837158572598572286e-11
2.175632901122524953e-11
1.650208463011554516e-11
1.239614867765888270e-11
9.232701604262698121e-12
6.825252134582846035e-12
5.012409007880895707e-12
3.659452051175027523e-12
2.657872495635744694e-12
1.921504813392297047e-12
1.383668040847591637e-12
9.926795449315379471e-13
7.095591439863551149e-13
5.057779407000904850e-13
3.597164290944402430e-13
2.554662193048684627e-13
1.806035823048822006e-13
1.268081025173336112e-13
8.891611480697929251e-14
6.293745935140751033e-14
4.423497862268051883e-14
3.081776051557835965e-14
2.108039276749218955e-14
1.430353668038131358e-14
1.059671289129978604e-14
7.732385934692719103e-15
5.703876639758445780e-15
5.201886844167631427e-15
5.695104904867685635e-15
