# bin_4_1
1.054594689724942161e-10
1.075476968135993610e-10
1.099778994375632929e-10
1.127997216388842953e-10
1.160813856674112649e-10
1.198881221265068063e-10
1.242950960358741376e-10
1.293819662410247989e-10
1.352260763394981792e-10
1.419244158028283462e-10
1.496103344682309493e-10
1.584406813728410595e-10
1.685431941138725419e-10
1.800409227489410446e-10
1.931085699001435652e-10
2.078481115987244296e-10
2.243716453005926357e-10
2.428429376959275163e-10
2.634289686000106185e-10
2.861196864715014046e-10
3.108346280758998800e-10
3.376322719320083074e-10
3.663459954626409552e-10
3.966752237876074219e-10
4.282298205828990851e-10
4.605687695664456313e-10
4.929222763920390826e-10
5.245049287465069794e-10
5.541026945195429879e-10
5.803323712985270592e-10
6.020185677930965957e-10
6.173912206263397445e-10
6.248262614695310148e-10
6.228400435596797053e-10
6.101881174167850914e-10
5.861445539265883249e-10
5.500297937187219730e-10
5.024318285492076912e-10
4.452359708842963405e-10
3.812668623778614063e-10
3.144767876208493745e-10
2.497576564302827751e-10
1.919493319536279147e-10
1.443056257814511651e-10
1.071704159847139715e-10
7.736184830912682877e-11
5.085166037958058095e-11
2.712575637161542700e-11
1.012222691496799717e-11
9.059941854866761687e-13
-4.496652086992255520e-12
-7.613388284552054268e-12
-8.078133969570614968e-12
-7.096402463133704907e-12
-5.363656678670686555e-12
-3.289804728784293423e-12
-1.257141114896316657e-12
5.341605570647786951e-13
1.971742948466367890e-12
3.015169982572256847e-12
3.687016656328792653e-12
4.027803349391081754e-12
4.099964003430369010e-12
3.971398094976295795e-12
3.703291573581122884e-12
3.348344021461040378e-12
2.950420295948013396e-12
2.542108180844401518e-12
2.147274042091615266e-12
1.781414035805329561e-12
1.453586522234859696e-12
1.167892641312289946e-12
9.248175901350289890e-13
7.224033195186508481e-13
5.571219694096766178e-13
4.246461347654064825e-13
3.202159531220675166e-13
2.391787270365441315e-13
1.771303841549148184e-13
1.302159513237189580e-13
9.509396529359570312e-14
6.904519100802216745e-14
4.987948215172800742e-14
3.586569109211580130e-14
2.570836763606519544e-14
1.834274185730446150e-14
1.305161526161867289e-14
9.267107403029549013e-15
6.564135498164942520e-15
4.660126189357893404e-15
3.273792191730561929e-15
2.297937449337633029e-15
1.604804669942919516e-15
1.173969874714357851e-15
7.966068214137919013e-16
5.899088769999173669e-16
3.939210032513997411e-16
2.940797191645038954e-16
2.438545799581978880e-16
1.923083903706784493e-16
