# bin_2_2
3.406119708635554383e-09
3.496695090904608004e-09
3.602424541194471981e-09
3.725709620174239302e-09
3.869591224001586436e-09
4.037332291741039229e-09
4.232749960122882763e-09
4.460153658082887250e-09
4.724346878729901274e-09
5.030954032604049194e-09
5.386714084510820070e-09
5.799275098252802997e-09
6.276577013601855789e-09
6.827338854710759845e-09
7.461985419305420641e-09
8.191128960576365329e-09
9.025855719675038017e-09
9.977467222513454777e-09
1.105663907900556390e-08
1.227292964869459487e-08
1.363331576519203151e-08
1.513985045971139624e-08
1.678847736858858170e-08
1.856634511065661890e-08
2.044801642821273928e-08
2.239228673680144082e-08
2.434239426917119908e-08
2.623761399689318155e-08
2.800064086461601596e-08
2.952564494943345834e-08
3.070236625296152267e-08
3.141473120445082800e-08
3.154573105424689532e-08
3.098135645036590161e-08
2.962963452552214056e-08
2.747536601427060634e-08
2.459336983843660088e-08
2.115626894976887236e-08
1.744581069209197837e-08
1.381145531098118488e-08
1.056707298025308090e-08
7.876789658509491452e-09
5.696347688871505127e-09
3.841299605823792232e-09
2.191946978853678893e-09
8.247002037721126662e-10
-1.241594821374955244e-10
-6.848818898927985913e-10
-9.807331180709933312e-10
-1.087325642350907709e-09
-1.053586433397915575e-09
-9.208834334172791584e-10
-7.406183432056304349e-10
-5.443103001586584606e-10
-3.550146802442042001e-10
-1.873632881958216696e-10
-4.944269205386038810e-11
5.654254762220534998e-11
1.319132097750219095e-10
1.799362731611466627e-10
2.053418910166562104e-10
2.132077162481848213e-10
2.082348873704571265e-10
1.945518403005491143e-10
1.755934470544876962e-10
1.540414746819753663e-10
1.318872819188214682e-10
1.105189621769767834e-10
9.083302971856401278e-11
7.334076515472440283e-11
5.826184250348717525e-11
4.560189291566178616e-11
3.521831578263157167e-11
2.687591901524263959e-11
2.029333793429979014e-11
1.518102179690459453e-11
1.126407243220750687e-11
8.298472731337876673e-12
6.074811223946994983e-12
4.422176372282960056e-12
3.203301015562811985e-12
2.310340275516619717e-12
1.660207773248547823e-12
1.188064935410880956e-12
8.476827204072252907e-13
6.034500729184643710e-13
4.291709006106729963e-13
3.041803907942533467e-13
2.136250965956424586e-13
1.497545806463278270e-13
1.056292007510045487e-13
7.517590598346207383e-14
5.206033496674419032e-14
3.589384959585427103e-14
2.335710683318053215e-14
1.679014583830966913e-14
1.162195693675079846e-14
7.272869378513406908e-15
5.491268639120402771e-15
5.714982289517418295e-15
