# bin_4_3
1.182327396415482701e-09
1.214470934628736498e-09
1.251990524683303664e-09
1.295776732444128002e-09
1.346866763456904375e-09
1.406464012255860494e-09
1.475965377299258110e-09
1.556989871527949475e-09
1.651410830504551185e-09
1.761395258504154824e-09
1.889446250728339114e-09
2.038445604563929708e-09
2.211694762401494689e-09
2.412965962390935768e-09
2.646556687901805865e-09
2.917317928409848354e-09
3.230692728417967136e-09
3.592729472434829477e-09
4.010051480284265786e-09
4.489755209882946888e-09
5.039237639534278595e-09
5.665924046704785266e-09
6.376756437199914293e-09
7.177484689801350424e-09
8.071684142352293857e-09
9.059487204467185638e-09
1.013602878365210016e-08
1.128976654630987090e-08
1.250004310044875700e-08
1.372726869825267928e-08
1.494851009557018451e-08
1.611300351865043751e-08
1.716006376312895024e-08
1.802515540330668842e-08
1.863808671428034423e-08
1.892737553476688448e-08
1.881062336800600508e-08
1.820728269882387950e-08
1.709826504011137136e-08
1.550763638252664885e-08
1.352537794435171387e-08
1.133054686851400543e-08
9.169778382968696180e-09
7.276295960518359331e-09
5.774807447847481918e-09
4.600390383595863011e-09
3.537734564391079172e-09
2.447950827726179949e-09
1.479681758858487637e-09
8.500025565179271601e-10
4.677511025496624379e-10
1.624253342053088481e-10
-2.057136334824902668e-11
-1.015855539745236002e-10
-1.268878861786265208e-10
-1.124929434306045229e-10
-7.693583140436636227e-11
-3.307875674415671703e-11
1.005495496442862382e-11
4.726957877352456375e-11
7.615016808997194096e-11
9.593160244223883361e-11
1.070269490070897076e-10
1.108207900387425182e-10
1.088979102213973745e-10
1.028065683525295406e-10
9.398556705175324977e-11
8.364351631816049074e-11
7.272933103653336114e-11
6.194844680094702973e-11
5.178508163111386946e-11
4.254306548487272595e-11
3.438391955060269570e-11
2.736280650840420128e-11
2.145778366495375613e-11
1.659773983820299752e-11
1.267625354795791792e-11
9.570803847845951582e-12
7.152536091260547946e-12
5.297414081436388950e-12
3.893026287960080341e-12
2.840612683607401821e-12
2.060643788154386054e-12
1.486597418259868094e-12
1.067980535401564123e-12
7.644034258874778710e-13
5.443525237452974103e-13
3.868502887704372657e-13
2.739365713936288787e-13
1.949744701802954516e-13
1.369667601609885613e-13
9.586813709247051549e-14
6.674463809862990259e-14
4.721639217999928298e-14
3.361455605809411047e-14
2.347297402319502644e-14
1.551282276841049556e-14
9.617166558883362523e-15
8.428790531885642764e-15
4.095810932706683941e-15
