# bin_3_3
2.028202832942918036e-09
2.083326170855330996e-09
2.147659161576619882e-09
2.222724776502991955e-09
2.310292596294151749e-09
2.412416242673485407e-09
2.531476595089612467e-09
2.670229979448871587e-09
2.831862137352562748e-09
3.020047751779575106e-09
3.239014986631908382e-09
3.493613286217025818e-09
3.789383375854440597e-09
4.132626303908232028e-09
4.530462100104200701e-09
4.990873602404182317e-09
5.522715092728141312e-09
6.135670049126646357e-09
6.840108939179803792e-09
7.646826700444854355e-09
8.566612720330791358e-09
9.609524379186567742e-09
1.078384522119276047e-08
1.209462686264619473e-08
1.354182706928867900e-08
1.511807730514846472e-08
1.680617839858184420e-08
1.857474110356868985e-08
2.036470514922495677e-08
2.214443793579038648e-08
2.383787386091402459e-08
2.535482574854713759e-08
2.659934447496829816e-08
2.746697287932812785e-08
2.785191387256354822e-08
2.763303668638657594e-08
2.669372331201130123e-08
2.500698277573687159e-08
2.261171045830631157e-08
1.964363929265590298e-08
1.636732995808158639e-08
1.314278380759392453e-08
1.030756551219088614e-08
8.040454390424939840e-09
6.252888449764185517e-09
4.653436089096090698e-09
3.066169239940309713e-09
1.691439241274909313e-09
7.926885414001168098e-10
2.448742430352294189e-10
-1.441564913737750984e-10
-3.545263118763814825e-10
-4.268384826934569781e-10
-4.076822394864507928e-10
-3.396577591265776576e-10
-2.439766883037291095e-10
-1.426439313145408424e-10
-4.883192216346263006e-11
3.003636835745880333e-11
9.097829619609229298e-11
1.336130661934700914e-10
1.592768010160665356e-10
1.708634224808573734e-10
1.714707426270288107e-10
1.640423239277127965e-10
1.512681832816556475e-10
1.353789113173441715e-10
1.181300002401457152e-10
1.008228723608430642e-10
8.435471060342873804e-11
6.929749362969353172e-11
5.596539767370649801e-11
4.448217365902168793e-11
3.483117397401368484e-11
2.690334115836820195e-11
2.052273720184011886e-11
1.548260628912704031e-11
1.156647479582834807e-11
8.566958612223150653e-12
6.298527363981490488e-12
4.599400208830053766e-12
3.339896678335705618e-12
2.412479203726584549e-12
1.735481104731109618e-12
1.244022839256560648e-12
8.872086582426838964e-13
6.314806187287324160e-13
4.479211967007951350e-13
3.191888887995681830e-13
2.247259408348954365e-13
1.575069874824873940e-13
1.097761854057780708e-13
7.768043144434384808e-14
5.556815980692935431e-14
3.854821598248649568e-14
2.575600481892188150e-14
1.594011041641660418e-14
1.377385989909469865e-14
7.023438273824209042e-15
5.609443975440679757e-15
