# bin_1_3
5.608006607985989483e-10
5.756357864205531759e-10
5.929185224540413698e-10
6.130432966534373475e-10
6.364619637130867320e-10
6.636950558207103943e-10
6.953357725368666504e-10
7.320603729155255035e-10
7.746343233935210297e-10
8.239178667199244767e-10
8.808686288401935989e-10
9.465410514148120405e-10
1.022076890664439291e-09
1.108686170416428904e-09
1.207612484007043848e-09
1.320077219398607929e-09
1.447196548453025909e-09
1.589862780643318324e-09
1.748577138353300796e-09
1.923223567046989495e-09
2.112841396372098275e-09
2.315305848801029682e-09
2.527393738076633032e-09
2.744300221720336605e-09
2.959126370865806697e-09
3.164044075820397547e-09
3.348971395274280659e-09
3.502097354387491821e-09
3.610436538368742020e-09
3.660369840356438285e-09
3.639193008917106108e-09
3.536942829766026568e-09
3.348311089230922711e-09
3.076265037466238248e-09
2.733516443289702827e-09
2.341978593530779021e-09
1.929984864776922260e-09
1.526920077019452236e-09
1.156683970861797795e-09
8.334876667440554417e-10
5.614798725872566043e-10
3.371877383095711815e-10
1.550303164036768389e-10
1.358667221301288547e-11
-8.552128249493051326e-11
-1.466430653916509196e-10
-1.759232020816626291e-10
-1.799833334354480499e-10
-1.682105928701675468e-10
-1.455198237195935858e-10
-1.176948856826614113e-10
-8.843116404159858836e-11
-6.068390003794188930e-11
-3.622654212699147010e-11
-1.597688958926966483e-11
-2.158977085946323468e-13
1.125317244254873685e-11
1.890365950960568976e-11
2.336334332908770120e-11
2.530776028281357851e-11
2.537896768701354785e-11
2.414643812294019747e-11
2.208573735634925546e-11
1.957448703596263882e-11
1.689761409982031791e-11
1.425833777432252326e-11
1.179136433878347254e-11
9.576673230648493760e-12
7.652188610833116700e-12
6.025044075255933511e-12
4.681357361450828677e-12
3.594259433251062538e-12
2.730370016134935962e-12
2.054563679135431900e-12
1.533053593454704670e-12
1.135428440586336120e-12
8.353586295619944801e-13
6.109815022623164028e-13
4.445291248114806461e-13
3.218894035655293265e-13
2.321432201571313576e-13
1.667584133831721478e-13
1.194115871420954488e-13
8.523633616729572803e-14
6.067856238305216913e-14
4.306448298514728492e-14
3.046213086842716290e-14
2.148529122215236978e-14
1.510605406196719689e-14
1.065316583319813546e-14
7.398513674678837885e-15
5.150039573719496169e-15
3.474492404878323079e-15
2.398533824651753851e-15
1.641119328002367386e-15
1.199088262199347007e-15
9.688386332571187507e-16
9.152859036277138164e-16
9.884814212991059814e-16
1.055416083762001350e-15
