# bin_5_2
1.310535621351363452e-10
1.344029508238599793e-10
1.383187846698522716e-10
1.428891967448221277e-10
1.482334511003962777e-10
1.544752769255487818e-10
1.617595114696450804e-10
1.702506756500934076e-10
1.801287029686976860e-10
1.916102337802065733e-10
2.049688683658403846e-10
2.205210556294511260e-10
2.385886116360189206e-10
2.595398332805554333e-10
2.838312200651294585e-10
3.119286074015151297e-10
3.443391109562979616e-10
3.816608167374118798e-10
4.245528923653789494e-10
4.736748853747529617e-10
5.296562898493828443e-10
5.931925896904309173e-10
6.649036230005590483e-10
7.452362064342265987e-10
8.344302480617530349e-10
9.324141695553104474e-10
1.038593273171337590e-09
1.151791955415013194e-09
1.270027429439962055e-09
1.390322705027595745e-09
1.508390887032294373e-09
1.621030860757089298e-09
1.722142448501502728e-09
1.805607193991408079e-09
1.864946153549761505e-09
1.893480397772827868e-09
1.885106607055408982e-09
1.832767962982970537e-09
1.733385745836563649e-09
1.589183016834776530e-09
1.406859880536837656e-09
1.199581905608967487e-09
9.868878241516278685e-10
7.901528307666309902e-10
6.253729020094353030e-10
4.962689408959077583e-10
3.903803054885589924e-10
2.901294243603753357e-10
1.919401044859669752e-10
1.146987690097475309e-10
6.881177334794478944e-11
3.793336140311429647e-11
1.343345343127651223e-11
1.364998949522076347e-12
-4.225430437013968736e-12
-5.346192859788839912e-12
-3.741862489681704409e-12
-7.875419558471942559e-13
2.527666095659198931e-12
5.581612675283513340e-12
8.033315787832228062e-12
9.759148261387548179e-12
1.074189943191124606e-11
1.106528307250702510e-11
1.086140123679122421e-11
1.026627119696099005e-11
9.407838497482053299e-12
8.399247834362816295e-12
7.330562463408867955e-12
6.270022940888186370e-12
5.265483590888876521e-12
4.347514215914204870e-12
3.532945106657939395e-12
2.828064674373213827e-12
2.231616252519204802e-12
1.737078280018324153e-12
1.334903299946199316e-12
1.013654171806131067e-12
7.614425916314958562e-13
5.664224535678231702e-13
4.177913738932573477e-13
3.058289180337310116e-13
2.223794573565616437e-13
1.607870241756731845e-13
1.156359266765098093e-13
8.286781893076710513e-14
5.909749199234742347e-14
4.201252251025569596e-14
2.979425040324340166e-14
2.106486555705468553e-14
1.494148667415433041e-14
1.045045087319265407e-14
7.303709781248849397e-15
5.073395470203690976e-15
3.675356724692231073e-15
2.465561066152280426e-15
1.808397003483299447e-15
1.135765707148595301e-15
7.833428697585844046e-16
6.234221658530257527e-16
