# bin_3_1
5.775093235494522481e-10
5.929995488522596867e-10
6.110624231102955559e-10
6.321146524208193728e-10
6.566429070809711832e-10
6.852050680648698053e-10
7.184457229133178090e-10
7.571048972815721556e-10
8.020297083959865922e-10
8.541868848692910949e-10
9.146743891990979018e-10
9.847329237413448904e-10
1.065753586901267722e-09
1.159282885786588463e-09
1.267022484550023922e-09
1.390816611457949625e-09
1.532624774160028176e-09
1.694477602601156068e-09
1.878393513349353857e-09
2.086260260971162679e-09
2.319676434051629505e-09
2.579714757305785979e-09
2.866617223222041982e-09
3.179452076835550647e-09
3.515709193081493001e-09
3.870845722699329071e-09
4.238074218210503734e-09
4.606455976913366563e-09
4.962450131340994522e-09
5.294482079724812171e-09
5.582413147524952492e-09
5.805981188289828868e-09
5.944327084080562722e-09
5.976964889481073282e-09
5.887085376834967385e-09
5.657154087988688288e-09
5.282832661036021699e-09
4.776787652731475782e-09
4.165042347281680862e-09
3.490452845092427336e-09
2.811153896205231349e-09
2.187388751434600270e-09
1.662268358861763313e-09
1.245596891452101008e-09
9.059269411260991911e-10
6.002780733144539890e-10
3.224835851309445027e-10
1.156937099441510521e-10
-5.142079238830879282e-12
-7.748381262458206043e-11
-1.174266659962590787e-10
-1.282111563709191192e-10
-1.183554748349810326e-10
-9.781901816473275383e-11
-7.185729703311896257e-11
-4.524684711872537013e-11
-2.076855100968422042e-11
-1.999245920826365514e-13
1.576989310266315376e-11
2.716692581842014986e-11
3.434386139508563661e-11
3.795708010835176004e-11
3.878082238234524237e-11
3.755251944600046633e-11
3.492646274829269050e-11
3.145772367448364449e-11
2.758603574206982858e-11
2.363827040434238665e-11
1.984425945254151020e-11
1.635191863505664103e-11
1.324464051708359588e-11
1.055777142373900735e-11
8.291920594562302077e-12
6.423825225124752582e-12
4.915203111330745144e-12
3.719066940241790381e-12
2.786485911814681910e-12
2.069512472817472997e-12
1.525508173145185393e-12
1.116959254400174838e-12
8.129464777372893508e-13
5.887133828630962577e-13
4.242348373077771059e-13
3.047372814724472821e-13
2.179060829568889480e-13
1.553057599172772713e-13
1.104377628685753184e-13
7.832151458925115769e-14
5.567191699472457135e-14
3.908929644885875751e-14
2.740555418190990386e-14
1.903383142134086478e-14
1.381349549664316823e-14
9.330769878800828852e-15
6.729921847476140480e-15
4.259927642642691341e-15
2.951462393259783101e-15
2.314690190009140250e-15
1.476249215031078379e-15
1.093480681411182276e-15
