# bin_2_4
5.117398737758581974e-10
5.254535055794434113e-10
5.414427247619862066e-10
5.600783668328028493e-10
5.817924605643799681e-10
6.070763402177415114e-10
6.365042327750441805e-10
6.707285185566417365e-10
7.105017138585566870e-10
7.566810968201511063e-10
8.102393150649547038e-10
8.722766757103794900e-10
9.440263612229460182e-10
1.026860809288929281e-09
1.122287965587992851e-09
1.231938074585223511e-09
1.357537922436323893e-09
1.500861691374967538e-09
1.663651348071349360e-09
1.847490204971926917e-09
2.053624052508401877e-09
2.282764030754283715e-09
2.534758570174373066e-09
2.808197362751802121e-09
3.100015630206302552e-09
3.404876567096933286e-09
3.714566793234104861e-09
4.019875687896835400e-09
4.310713124403568512e-09
4.571399103290102486e-09
4.785204930838370524e-09
4.934324224288746351e-09
5.000400243131667391e-09
4.965028261476705857e-09
4.810882418771618037e-09
4.529655627173057754e-09
4.126770143929440448e-09
3.621767589636201223e-09
3.051777886171600804e-09
2.469281095271917423e-09
1.929207381385334082e-09
1.469478984005987091e-09
1.095963907171638757e-09
7.839900872691568718e-10
5.057615060294901750e-10
2.629988229361077638e-10
8.115788931554169017e-11
-3.406263615617992588e-11
-1.017822394306256157e-10
-1.362438648219821383e-10
-1.448475074400117327e-10
-1.343447980507155182e-10
-1.126624644556123246e-10
-8.629111741267964368e-11
-5.890999872753275441e-11
-3.349731789167670197e-11
-1.184729894035741627e-11
5.338787275767291359e-12
1.799038449801384211e-11
2.642560551880921385e-11
3.124667540476577088e-11
3.318565683566880102e-11
3.295754001422721910e-11
3.120691395695390568e-11
2.848807350181976443e-11
2.524456804890354001e-11
2.181393957975593673e-11
1.843796937438209738e-11
1.527834324998283233e-11
1.243276795830823052e-11
9.949967924778958877e-12
7.842111248602484321e-12
6.095316202548277854e-12
4.678617809552950216e-12
3.551146436896161215e-12
2.668801645511776401e-12
1.988185411335296588e-12
1.469850288370134436e-12
1.079260419302213768e-12
7.876623869201515030e-13
5.718127278927232246e-13
4.131436931516749349e-13
2.973487197525048429e-13
2.131197565207110773e-13
1.521900694230008107e-13
1.084037879173392387e-13
7.710809803632248897e-14
5.477255672176358072e-14
3.854558789605856026e-14
2.703257693471119183e-14
1.898852321672100870e-14
1.350924949738335159e-14
9.460592584561650203e-15
6.560646186094998612e-15
4.292601781964572939e-15
2.994787255907417625e-15
2.175265254297793898e-15
1.314840489394322451e-15
9.570982320168310127e-16
8.236657917774632650e-16
