# bin_6_4
8.667199693647649447e-10
8.903322868788049073e-10
9.178959065109502980e-10
9.500665223259959158e-10
9.876070236253715582e-10
1.031405000067364469e-09
1.082490505664550212e-09
1.142060297819000772e-09
1.211501444683963993e-09
1.292420496351309755e-09
1.386675166251029284e-09
1.496409886090169050e-09
1.624094170726600298e-09
1.772563539797170950e-09
1.945062366021387308e-09
2.145285400161587173e-09
2.377415804627989243e-09
2.646155023258723554e-09
2.956735600310688739e-09
3.314906217117428383e-09
3.726870146210674882e-09
4.199147948073656091e-09
4.738339542308664414e-09
5.350747570921126498e-09
6.041778000798172194e-09
6.815127434737975308e-09
7.671709684062333198e-09
8.608344202958322712e-09
9.616270727030173106e-09
1.067959606160110696e-08
1.176830707482406175e-08
1.285636134793489363e-08
1.390671445637990760e-08
1.486702833359159703e-08
1.568236939337801854e-08
1.629302303372227068e-08
1.663547187312925248e-08
1.664510590799431697e-08
1.624088558563060179e-08
1.539643026275654782e-08
1.412301581787658755e-08
1.248230555199073206e-08
1.061222153907292225e-08
8.721859312109758828e-09
7.027562729822985871e-09
5.669343255165822738e-09
4.630449185549952953e-09
3.720388660098627680e-09
2.761148913273624792e-09
1.829978304380663529e-09
1.182520721372362190e-09
8.086980858431139296e-10
4.848511291477284188e-10
2.503842219712443455e-10
1.321433120562219616e-10
5.669920807641132319e-11
2.821962418376386959e-11
2.377911969365566686e-11
3.346397557659606925e-11
4.885463369321942677e-11
6.449924161136601601e-11
7.744378844615131021e-11
8.620522528382847557e-11
9.036013130153515043e-11
9.037376001124694823e-11
8.703840770212056715e-11
8.121664451771088378e-11
7.377595644398537567e-11
6.546758825648290843e-11
5.690317955684433838e-11
4.853799728081545070e-11
4.069131729690194848e-11
3.356354343520407837e-11
2.726114037137123106e-11
2.181807095284471764e-11
1.721514720877665752e-11
1.339961791748684312e-11
1.029464044538684372e-11
7.813420259914168572e-12
5.864643155032785497e-12
4.357919454453581777e-12
3.210233352510443944e-12
2.345920605642695052e-12
1.702918472341009449e-12
1.228767489991474858e-12
8.821068650291889059e-13
6.310747546084850908e-13
4.488421325612294024e-13
3.184604423861971144e-13
2.252435232335217965e-13
1.597757296662630672e-13
1.123080197652619356e-13
7.855333637862262287e-14
5.479238295710588330e-14
3.804795853366502189e-14
2.784386080180364867e-14
1.869478056844085698e-14
1.284822761345607591e-14
7.795434631969008353e-15
6.673773496794728507e-15
