# bin_5_3
8.475998126279200607e-10
8.706563251830652410e-10
8.975710653438995349e-10
9.289834804458587505e-10
9.656394345649198028e-10
1.008404051848768936e-09
1.058282236174703919e-09
1.116439495590602457e-09
1.184225334218277052e-09
1.263202465619661326e-09
1.355179183471023905e-09
1.462240653404296872e-09
1.586779545132438972e-09
1.731537854621394323e-09
1.899649448685404433e-09
2.094665641097252375e-09
2.320589683576996115e-09
2.581901345324000072e-09
2.883553673914005707e-09
3.230928620775086208e-09
3.629742628201292295e-09
4.085888522345314977e-09
4.605152277891022572e-09
5.192749096223970140e-09
5.852695380276652581e-09
6.586945517560654491e-09
7.394289458674077646e-09
8.269089156283095776e-09
9.199844056804925795e-09
1.016674118505303447e-08
1.113699080225077940e-08
1.209296231590490380e-08
1.298632833724151418e-08
1.376971689623749716e-08
1.439093000821656086e-08
1.479345529487868005e-08
1.492289954372744402e-08
1.470500498717382007e-08
1.409589884935790698e-08
1.309366040574623075e-08
1.173146847859499575e-08
1.010447586477759091e-08
8.378448065118782429e-09
6.752524811059418070e-09
5.388931834607340183e-09
4.338361711697319057e-09
3.486035703788759724e-09
2.653062334016281761e-09
1.792772225584556637e-09
1.101353171483220642e-09
6.964440667012084329e-10
4.154197528502871380e-10
1.780019160289336148e-10
5.715795421692619097e-11
-8.229791536341976115e-12
-3.124087925206301635e-11
-2.808046751080256195e-11
-1.024055948886443144e-11
1.323016183227119676e-11
3.650679137306336841e-11
5.619744768475047355e-11
7.084351669831257936e-11
7.988818049733342948e-11
8.374619521682066201e-11
8.334032637012814378e-11
7.966225561846035387e-11
7.369722035549848388e-11
6.634169947187979075e-11
5.832692967066744076e-11
5.022073490568214578e-11
4.243140476765792858e-11
3.522982666386439932e-11
2.877583333731963473e-11
2.314186612082468712e-11
1.833723524331347584e-11
1.432537838316231856e-11
1.104269220187958511e-11
8.406571325542096279e-12
6.328049977470647395e-12
4.715128769935358117e-12
3.482562311442522468e-12
2.552026368185808807e-12
1.857210778597707330e-12
1.343748692698816674e-12
9.668201524381948269e-13
6.932556353359073244e-13
4.944666212000073735e-13
3.515849195449421412e-13
2.493890069270353078e-13
1.762751507088618866e-13
1.253135178525691250e-13
8.754164294112209723e-14
6.110109450289177615e-14
4.229452994031971329e-14
3.096904927801119995e-14
2.046831174784399854e-14
1.542457163657102931e-14
9.382664887009472491e-15
6.375806981363553481e-15
5.275960618278070208e-15
