# bin_1_2
3.884631895358616627e-09
3.987716123002534145e-09
4.107829612308285952e-09
4.247723448041683559e-09
4.410553865243213006e-09
4.599958750469739243e-09
4.820091316407912909e-09
5.075692728253494408e-09
5.372139137785982347e-09
5.715486735121359092e-09
6.112497332876901530e-09
6.570641960575201144e-09
7.098048456126781866e-09
7.703382594103011968e-09
8.395624697514223675e-09
9.183701216369180135e-09
1.007593077337023520e-08
1.107920858478903342e-08
1.219779821761265515e-08
1.343194542871752371e-08
1.477606910456154204e-08
1.621613032359696605e-08
1.772967296235744117e-08
1.928287062384816280e-08
2.082774818367140385e-08
2.230946649238232129e-08
2.365850715737920332e-08
2.478915403287636023e-08
2.560738259485281087e-08
2.601434969883830872e-08
2.591458882740296711e-08
2.522756563340731343e-08
2.390307626468556377e-08
2.195156515888628864e-08
1.945889693211049721e-08
1.658566801062423215e-08
1.355223909832888801e-08
1.059939061722881219e-08
7.927178912365097372e-09
5.643226693136737644e-09
3.751006004347874942e-09
2.187777261768849084e-09
8.973139688854530998e-10
-1.158618962411632250e-10
-8.140994195870566651e-10
-1.220523597486548791e-09
-1.393194854755204832e-09
-1.390847611622603810e-09
-1.280879230685207581e-09
-1.096902726784464376e-09
-8.788208781697296796e-10
-6.555275781540357073e-10
-4.468088420429831706e-10
-2.647379996743652468e-10
-1.155054082028284949e-10
-3.623811441664430501e-13
8.270710249398659958e-11
1.375356107193025959e-10
1.689969725103333131e-10
1.822309870037018480e-10
1.820277097272347115e-10
1.725626985861472032e-10
1.572947719325045134e-10
1.389432780727944329e-10
1.195413004706296141e-10
1.005244003522548243e-10
8.283519300938345193e-11
6.702555153729627585e-11
5.334868859058760970e-11
4.183879290368101082e-11
3.238046613738482504e-11
2.476693628588043505e-11
1.874701909736504010e-11
1.406062032327401950e-11
1.046069202769863140e-11
7.727374624682152077e-12
5.672250683730116868e-12
4.140411376769423049e-12
3.007260691172127616e-12
2.174448812153682348e-12
1.566278081738845536e-12
1.123875586522034147e-12
8.039278149680430396e-13
5.734684651097567511e-13
4.081792455430620575e-13
2.896296639764671142e-13
2.045028781649302028e-13
1.439505224216842736e-13
1.012736138743793784e-13
7.164298553109129936e-14
4.980720811295230618e-14
3.448449506014401155e-14
2.301365616819383119e-14
1.584490110187765596e-14
1.089556994084348684e-14
7.570706692298988493e-15
6.050371342911861809e-15
5.946595684222853700e-15
6.828869985624146820e-15
7.582491911509397313e-15
