# bin_6_2
1.208979501236329054e-10
1.239216516203627379e-10
1.274596374076076278e-10
1.315885747590781853e-10
1.364211793353319064e-10
1.420709837995933239e-10
1.486653924710324079e-10
1.563522694409840656e-10
1.652821197711426274e-10
1.756451488197069577e-10
1.876933090277080341e-10
2.017146192350259272e-10
2.179765582524477390e-10
2.367715189103215288e-10
2.585217696400214181e-10
2.836390785255712388e-10
3.125661692089327347e-10
3.457832790899205359e-10
3.837733685093921311e-10
4.270849760292587904e-10
4.762942179092954155e-10
5.318481691456091722e-10
5.941222323506622391e-10
6.634625076586101818e-10
7.399097198741482702e-10
8.232362545569347752e-10
9.127951449715021542e-10
1.007456745193274090e-09
1.105418418702686620e-09
1.204247161128312424e-09
1.300388377280944948e-09
1.390469230873617229e-09
1.470148468797108932e-09
1.534375996728727735e-09
1.578137634036758519e-09
1.596534337053279047e-09
1.585177333465011193e-09
1.540463234000954945e-09
1.459564410020612589e-09
1.344177155977894624e-09
1.199387827786222299e-09
1.033945666764165890e-09
8.607631111994544178e-10
6.952390314028475414e-10
5.508132656881248825e-10
4.342237330246152703e-10
3.420666416047225950e-10
2.621712375628522507e-10
1.850733260911575083e-10
1.166262648940491475e-10
7.051771133929243576e-11
4.366564253638260013e-11
2.256796086188446250e-11
8.827929727145043887e-12
2.867447244817852698e-12
1.678856070610522997e-13
3.127165463687711502e-13
1.779388799927818867e-12
3.802109682512126820e-12
5.808012558549034683e-12
7.467695080508285527e-12
8.637922583812493748e-12
9.283891816034886647e-12
9.442362705337294560e-12
9.201841547452221900e-12
8.664064123110378692e-12
7.924769147189954652e-12
7.071218365659149473e-12
6.173903187095063989e-12
5.286631539443779666e-12
4.447405389760057860e-12
3.680571219422625504e-12
2.999495999278424669e-12
2.409160862442339997e-12
1.908399795738130126e-12
1.491829012583032042e-12
1.151601717154850895e-12
8.784345181116693130e-13
6.626841091350047422e-13
4.948975013496265670e-13
3.662499909418022725e-13
2.688835884782915888e-13
1.959764441513549155e-13
1.419611818263100041e-13
1.022659059546405181e-13
7.332988500293214253e-14
5.238951142451770635e-14
3.725243167121414987e-14
2.642151977175519213e-14
1.868135732451180238e-14
1.322528664382822897e-14
9.291314062522356675e-15
6.501267378924280584e-15
4.540619882656784166e-15
3.173196884853550082e-15
2.264851211169371011e-15
1.554616398273575013e-15
1.064627588184537350e-15
6.871625213178702862e-16
5.657656365546565216e-16
