# bin_5_1
7.082027232231893520e-11
7.211128800187616583e-11
7.361491719141470526e-11
7.535568715998746793e-11
7.738105606627416059e-11
7.972690127182856471e-11
8.243598928146958717e-11
8.555128220837477862e-11
8.910976659716797019e-11
9.315836894641331418e-11
9.777247010394962240e-11
1.030357447771300067e-10
1.089951458155513002e-10
1.157025435728437186e-10
1.232303464852874816e-10
1.315873848292279332e-10
1.407411358757739186e-10
1.506973638249059338e-10
1.614629293721250168e-10
1.729234176480473717e-10
1.848191343654097681e-10
1.969927443469515929e-10
2.092051665829807481e-10
2.210561331837811217e-10
2.321102158535731687e-10
2.419698707264114880e-10
2.500712102399665007e-10
2.559432585736105709e-10
2.590570775781568238e-10
2.589414491537283011e-10
2.552644578535015385e-10
2.478678332728703685e-10
2.368000173114418783e-10
2.223125661382947246e-10
2.047967052040978828e-10
1.847307536692189263e-10
1.626606314544597166e-10
1.392375216152589421e-10
1.153285460725365583e-10
9.199278367846426050e-11
7.041442040075202168e-11
5.156934233478690070e-11
3.599855963843007517e-11
2.373309501559191012e-11
1.435921002859536777e-11
7.316698615614773356e-12
2.007510159410690326e-12
-1.791332396638631597e-12
-3.956760792966643449e-12
-4.671956235898451981e-12
-4.516523674438896820e-12
-3.966679362621254512e-12
-3.043806405840785388e-12
-2.023558586587049790e-12
-1.033989441972671189e-12
-1.617780241359445342e-13
5.527332272030512212e-13
1.086893618300079880e-12
1.447181012168969910e-12
1.654626919835901975e-12
1.734096548667100709e-12
1.715097121359981404e-12
1.624930205599746719e-12
1.488467757123851830e-12
1.326286418956552965e-12
1.154177803194011500e-12
9.838994793507623967e-13
8.235358566385176801e-13
6.778721015928558421e-13
5.495188878748620867e-13
4.391866186505822574e-13
3.463844773738510833e-13
2.698361267142993805e-13
2.077899434530927825e-13
1.583118716908427103e-13
1.194304078092289764e-13
8.929882622554496826e-14
6.623149130291106586e-14
4.876917537014393106e-14
3.568096273979314744e-14
2.595508343235235864e-14
1.878541160763564404e-14
1.353517307907095185e-14
9.711570221532562790e-15
6.944123747568908020e-15
4.951145357105429571e-15
3.519350016114239091e-15
2.497750072955199955e-15
1.766721909162049358e-15
1.249694415184679431e-15
8.824105088837754092e-16
6.234259699190590167e-16
4.459498974178215960e-16
3.212082954431775783e-16
2.380030879199372920e-16
1.807036043604481290e-16
1.418168464311388385e-16
1.172631068570935369e-16
1.061948414362585246e-16
9.648661375134979950e-17
