# bin_1_4
4.341074908361230547e-10
4.456095899124686351e-10
4.590084602896140428e-10
4.746092099998249214e-10
4.927619169907041456e-10
5.138684317938745833e-10
5.383871511182764926e-10
5.668398859570076265e-10
5.998162386639765490e-10
6.379780190891833345e-10
6.820606425820760018e-10
7.328720746902025728e-10
7.912853093339131823e-10
8.582227167807205670e-10
9.346298366832632225e-10
1.021430440189262185e-09
1.119462285356586730e-09
1.229384306271161737e-09
1.351554714947981884e-09
1.485856561340038026e-09
1.631416016134935712e-09
1.786565258183036721e-09
1.948855850472109767e-09
2.114395433053312413e-09
2.277962133529773686e-09
2.433297144977682112e-09
2.572692440695655842e-09
2.687102821869130922e-09
2.766453242762533494e-09
2.800188827511848973e-09
2.778670673378664466e-09
2.694368063718077710e-09
2.543494477214671505e-09
2.328723401227618382e-09
2.060565732482602131e-09
1.756735885281414957e-09
1.439576009895873797e-09
1.131591091494327537e-09
8.503957978839107808e-10
6.061927159418663605e-10
4.020788307341039034e-10
2.350617880904641798e-10
9.953059213120358591e-11
-5.547288970242621055e-12
-7.843356205928904485e-11
-1.221731000233469233e-10
-1.411340393761716734e-10
-1.418108624910662843e-10
-1.308313335206392804e-10
-1.123028936117573053e-10
-9.005609523794610119e-11
-6.708155187952385171e-11
-4.558431016541802719e-11
-2.678780232464286391e-11
-1.134490439425458963e-11
5.839647470800392942e-13
9.194441072490863897e-12
1.487814285907224906e-11
1.813359610771853010e-11
1.948720322811394954e-11
1.943620757725805308e-11
1.841539759631124490e-11
1.678609684078645999e-11
1.483315576032098428e-11
1.277044696412745427e-11
1.074922209707885540e-11
8.868852013243543353e-12
7.187292079098497121e-12
5.731006476599194799e-12
4.503481206616898426e-12
3.492675368099091222e-12
2.677070501295072729e-12
2.030545213608736787e-12
1.525910720853591503e-12
1.137275629792500570e-12
8.414759199671941830e-13
6.185812752534525064e-13
4.521267457102698231e-13
3.287526793962997791e-13
2.379417311532092495e-13
1.715169401630511179e-13
1.231749564323044705e-13
8.818146239692906990e-14
6.292180870007865043e-14
4.477658682149643000e-14
3.177126612108239837e-14
2.248307808345992543e-14
1.583584047973058476e-14
1.115533332140381502e-14
7.830416269894154415e-15
5.461895977842466015e-15
3.793274451831022083e-15
2.558109800788895324e-15
1.743224894536573071e-15
1.212237515629597389e-15
8.938689843479106677e-16
7.281084366364090170e-16
6.978703720565347128e-16
7.565650904971381524e-16
8.181353852620722742e-16
