# bin_2_3
8.045124899591793334e-10
8.260270006072850540e-10
8.511329913180856484e-10
8.804098514608554692e-10
9.145608723463662999e-10
9.543676529001582579e-10
1.000741013559357919e-09
1.054718413943800295e-09
1.117476784194818257e-09
1.190379722904604987e-09
1.275022816479198116e-09
1.373220554599523847e-09
1.486941562281078294e-09
1.618376042486836092e-09
1.770051745821356559e-09
1.944650021181934789e-09
2.145028529637959023e-09
2.374164208255643527e-09
2.635014330421450629e-09
2.930381074800406590e-09
3.262629297022640847e-09
3.633222237065106155e-09
4.042375363168359271e-09
4.488452344479021537e-09
4.967117446547358174e-09
5.470642214963333238e-09
5.986644099138476484e-09
6.499357172284632516e-09
6.993717684053033755e-09
7.445117806273835059e-09
7.826175341460503880e-09
8.107663067340413664e-09
8.259109705616604271e-09
8.249788792514031932e-09
8.049613676854368340e-09
7.639065353413172133e-09
7.021361651736733470e-09
6.222614997190728606e-09
5.297554687008100317e-09
4.329007392303148221e-09
3.410615920490653324e-09
2.615551968705829214e-09
1.968136769868518890e-09
1.436592000915087077e-09
9.681167928800724245e-10
5.488274798374593189e-10
2.179582831323445426e-10
1.008371622097862067e-12
-1.285467415996739528e-10
-1.995206353028670997e-10
-2.244661550680884011e-10
-2.162125806672858622e-10
-1.856265632572261542e-10
-1.455079177052315491e-10
-1.018839886619287344e-10
-6.040897855486031428e-11
-2.436569682274540499e-11
4.725399847469399196e-12
2.651830330001807084e-11
4.139050304373270123e-11
5.020448526182195662e-11
5.412188952288610829e-11
5.430574382031287696e-11
5.182716870166277605e-11
4.761413977814726106e-11
4.242256100468799352e-11
3.683333374418038763e-11
3.126837849506184487e-11
2.601408800469351360e-11
2.124798480814673792e-11
1.706329901023134372e-11
1.349036207396779640e-11
1.051411138226992107e-11
8.089234792980353672e-12
6.151794442242430945e-12
4.630489954168266872e-12
3.453924486245113347e-12
2.555896832876326782e-12
1.878212455617988306e-12
1.371570719656947190e-12
9.962119886458594048e-13
7.200537835428612616e-13
5.183599120043806547e-13
3.717301481290706404e-13
2.654897173430739233e-13
1.891352714220755610e-13
1.344749920441264723e-13
9.561297357527023635e-14
6.737116240102833378e-14
4.727440193777126248e-14
3.316107668848770419e-14
2.346721036911258719e-14
1.660482944496441347e-14
1.150766870677076290e-14
7.637839404937764778e-15
5.134443000714114873e-15
3.865462506001674125e-15
2.278334233040335516e-15
1.690507638739914968e-15
1.292450442151189815e-15
