# bin_4_4
5.398113106821941154e-10
5.544958216304449411e-10
5.716354930746782848e-10
5.916371566769540908e-10
6.149737881169434211e-10
6.421948674948636767e-10
6.739380379927237247e-10
7.109426387007106039e-10
7.540647615503999116e-10
8.042940459368386517e-10
8.627724457873679375e-10
9.308146101024056583e-10
1.009929453813502260e-09
1.101842587891117866e-09
1.208518407935506941e-09
1.332180183662215418e-09
1.475325313760787311e-09
1.640731410464699991e-09
1.831447526451826833e-09
2.050758266553854732e-09
2.302107266721004832e-09
2.588971908127220528e-09
2.914655182196303056e-09
3.281966871581933606e-09
3.692789357954557776e-09
4.147502644018102382e-09
4.644287183831180630e-09
5.178345691030182772e-09
5.740880290011085027e-09
6.315295858185949554e-09
6.888248655411763039e-09
7.439889843871917211e-09
7.941749557741180994e-09
8.364207946886140391e-09
8.674983323510476005e-09
8.840401754722784331e-09
8.824522549546617788e-09
8.586589145547433957e-09
8.113271988158884986e-09
7.412131775352238187e-09
6.518491613863386997e-09
5.507978266463193027e-09
4.491500260535931115e-09
3.581257511093111290e-09
2.847208701295927460e-09
2.277253555881922583e-09
1.778219736724529142e-09
1.271312366538332307e-09
7.991336383567126474e-10
4.717237719258948860e-10
2.766335654923825830e-10
1.248269969436041072e-10
2.358273132916822771e-11
-2.386720246257873173e-11
-4.377067547025813308e-11
-4.289438204681967917e-11
-3.046245434265783563e-11
-1.280787840735345998e-11
5.576096331161712345e-12
2.197878618292627981e-11
3.497704150122070515e-11
4.408744052851101466e-11
4.933785994481637084e-11
5.126710430742952299e-11
5.056043920835575782e-11
4.790334009044439319e-11
4.394310567558860613e-11
3.923837852299568828e-11
3.422874854506457266e-11
2.924802222216795379e-11
2.452701194140270520e-11
2.021359080343053667e-11
1.638899595367713915e-11
1.308396849291993816e-11
1.029284812812884726e-11
7.985699743660753194e-12
6.116321645231988855e-12
4.629659077944454158e-12
3.467665191701903386e-12
2.573090838309721340e-12
1.893954731162583940e-12
1.383793960242821380e-12
1.004879114100713380e-12
7.256211108770833794e-13
5.215279934726251494e-13
3.735542815967589759e-13
2.660941799738466329e-13
1.891413604223827579e-13
1.340135796181435491e-13
9.520268649478110438e-14
6.710135161450594879e-14
4.697352323913736238e-14
3.274483035176469207e-14
2.290678981693877246e-14
1.664165426858111628e-14
1.126958416428877291e-14
7.796498099200931160e-15
4.793380698885911932e-15
3.953942006767281286e-15
2.186226525418031064e-15
