# bin_1
1.005196795392935757e-02
4.907453777728311428e-02
1.298328729933438952e-01
2.052763619445885368e-01
2.769552658876441864e-01
4.203021373022476359e-01
8.710673958691730334e-01
1.170669624260343600e+00
1.202199724186439278e+00
1.210723772519062935e+00
1.310388157704911682e+00
1.545247630772840219e+00
1.727569636705182710e+00
1.780875207603479948e+00
1.823413655079085594e+00
1.972539634213585025e+00
2.265669105343938394e+00
2.532420702319798878e+00
2.641039275753195081e+00
2.670154264629890584e+00
2.707557151221428704e+00
2.761766593195177144e+00
2.807877866293353453e+00
2.840593372429694785e+00
2.849546956124041852e+00
2.804619251005936231e+00
2.705895552319645514e+00
2.604746007471871572e+00
2.545044408118581458e+00
2.492352267269416277e+00
2.409175326969884345e+00
2.295471868255463566e+00
2.189837039615051051e+00
2.127187933939202136e+00
2.109533498951692287e+00
2.104057423650611547e+00
2.090641921970142203e+00
2.062354193157151183e+00
2.011002503192537816e+00
1.929639111720050870e+00
1.830137487181306755e+00
1.715740480435108406e+00
1.592722216148711123e+00
1.487636149863079904e+00
1.398905507386043245e+00
1.309245737781487895e+00
1.196948041628990822e+00
1.064220421236250713e+00
9.827766227941474586e-01
9.387744181007501298e-01
9.063532485854607357e-01
8.795019426538793761e-01
8.584243759299258203e-01
8.508814646638045431e-01
8.451733446184459542e-01
7.877244715620324023e-01
6.455143981350655036e-01
5.119326387021339020e-01
4.564690695149475341e-01
4.430107638502535639e-01
4.134622060641562347e-01
3.294194733801901753e-01
2.582425063865960158e-01
2.372156517240504303e-01
2.348649377227164936e-01
2.269523277797688143e-01
2.005558998991229802e-01
1.792291324275629427e-01
1.745544170434481235e-01
1.732210970956005180e-01
1.531380774638155529e-01
9.525634174510452801e-02
5.035201570457982501e-02
3.955885301318121106e-02
3.923803415437671777e-02
3.740354159437703913e-02
3.139526311613745346e-02
2.667813596028592929e-02
2.564018877943465349e-02
2.576671573126618903e-02
2.414256379022954729e-02
1.866793091855024206e-02
1.376706386805754551e-02
1.215478287607252815e-02
1.179021974977315784e-02
9.263350789592979598e-03
1.641948211519107846e-03
-4.921805543890809577e-03
-6.746447862446663599e-03
-6.627150088714752613e-03
-5.358325715223847749e-03
-2.396930099022143591e-03
-8.845409736788256274e-06
8.737179444410776274e-04
1.235534205157908178e-03
1.554881937317975334e-03
2.605943244836411016e-03
3.861880147729536330e-03
4.671681081353116528e-03
5.273781413643493544e-03
4.405785594138816007e-03
3.506606399794298906e-04
-2.952577604150564278e-03
-3.453849746035266705e-03
-2.959077378748317926e-03
-2.113257666315509608e-03
-6.687578929526200163e-04
4.990249390379728530e-04
9.578930762332765530e-04
1.143269724858408248e-03
1.406037098256151868e-03
1.897708259528706155e-03
2.298298344285745580e-03
2.431392220793218012e-03
2.496537929197868017e-03
3.054428977733783784e-03
4.671948231856956797e-03
6.056142390827305017e-03
6.526444118986974088e-03
6.659504526749706471e-03
6.609225994232582370e-03
6.319268883620068021e-03
6.057043031860575612e-03
6.075417563082376356e-03
6.276679745333768948e-03
6.725970391402259947e-03
7.518262997666856629e-03
8.280495304950678120e-03
8.668850761728822893e-03
8.778119918970038113e-03
7.896151289516884983e-03
5.140514323386456176e-03
2.798172391822993568e-03
2.186858752915486325e-03
2.315510730719005927e-03
3.247127522785918981e-03
5.575071543161129808e-03
7.481869260107751676e-03
8.132133196692510960e-03
8.485330491806355319e-03
1.025676383057191193e-02
1.485785429805048033e-02
1.873282263476879969e-02
1.992785473093108481e-02
2.007251074753282905e-02
2.013657524703508367e-02
2.002520814609285577e-02
1.987119489764677810e-02
1.987424237512628797e-02
1.962287361027776136e-02
1.780971639566387987e-02
1.397830925190673285e-02
1.077627837859956340e-02
9.619368255422698286e-03
9.514405384998796816e-03
1.030347579851935425e-02
1.223029930031792507e-02
1.377004467913511658e-02
1.435784035592665292e-02
1.495348913907737151e-02
1.666913158164182868e-02
2.050958394082664366e-02
2.369700448987614727e-02
2.450834243268907447e-02
2.385465254043261235e-02
2.087222344207757124e-02
1.408242384327345990e-02
7.846792067469946300e-03
5.403421391774964298e-03
5.207833913527826555e-03
6.374020181131543131e-03
9.275944358245318336e-03
1.215213285362552569e-02
1.350519356052784677e-02
1.394102165177205088e-02
1.422410961251752322e-02
1.477412846317766558e-02
1.494229602321976366e-02
1.482789173933775698e-02
1.493673373058854691e-02
1.532005105530271326e-02
1.632160120025977559e-02
1.704147584468566901e-02
1.695081503132694206e-02
1.638526433100478616e-02
1.477696378070618780e-02
1.154464299544495122e-02
8.156551743991376918e-03
6.101199581575865449e-03
5.502061950715693601e-03
5.645168963549131863e-03
6.256383677927095446e-03
7.001105354551002795e-03
7.449454998129002511e-03
7.648419416944746141e-03
8.171014298621400926e-03
9.347700142900041212e-03
1.066386415688796649e-02
1.114521769012558755e-02
1.105792195425865480e-02
1.093793150391324590e-02
1.037231414168375901e-02
9.433177851933514241e-03
8.882272388667835847e-03
8.743896909209819546e-03
8.616919819222501262e-03
8.531460986334246308e-03
8.658576186060128535e-03
8.614189887887981414e-03
8.445319642499806573e-03
8.399707488640764316e-03
8.381015543668395365e-03
8.268940590410635977e-03
8.191101532072328148e-03
8.302898504164463178e-03
8.635238642011275681e-03
9.075673238553197408e-03
9.485017173625121326e-03
9.666839174398401957e-03
9.634863363925421503e-03
8.999930003602218953e-03
8.467657699977823929e-03
7.951513930807299624e-03
7.425567625642942073e-03
7.219940062010949539e-03
7.939925370413167607e-03
9.040896298415479482e-03
1.037380265742380778e-02
1.122809597902938578e-02
1.106754315417065107e-02
1.097657615104383894e-02
1.086738636280898743e-02
1.145289755807660410e-02
1.202704013619564430e-02
1.241858831070885918e-02
1.251304221644850348e-02
1.259436075252540026e-02
1.266677971392036507e-02
1.274329510058544966e-02
1.252673031553783352e-02
1.151963005491455326e-02
9.582261324475264269e-03
8.028432691178942482e-03
7.428187119540458419e-03
7.230263895093530339e-03
7.649588705880604536e-03
9.001959975670227251e-03
1.094244077506146932e-02
1.282856716727914445e-02
1.369369497750853697e-02
1.513076881585490897e-02
1.720734758093368441e-02
1.751167570015164238e-02
1.682705451896294654e-02
1.593998738657852882e-02
1.475762467385202496e-02
1.283471226760584880e-02
1.096033180420266304e-02
9.511976820862152668e-03
9.199837184419773495e-03
9.521032201819403656e-03
1.070580658690985926e-02
1.160919247174479162e-02
1.123502220577621800e-02
1.167629952952045115e-02
1.145185874451712903e-02
1.124504265661601700e-02
1.127435255153174179e-02
1.101906989879718191e-02
9.490753860904779099e-03
7.975083272421289518e-03
7.676395642726112703e-03
7.608264287501467077e-03
8.106824743129729949e-03
8.225208015927071639e-03
7.812332647917456623e-03
7.598458169663118399e-03
7.486088610041618900e-03
7.424105458659399810e-03
7.447361769328939528e-03
7.833008484142093414e-03
8.154251493310976651e-03
9.036556420206415946e-03
9.670789895095583538e-03
9.292589099515247142e-03
8.836399199936189122e-03
8.421270688358217446e-03
7.742419458331992535e-03
7.318201297499577797e-03
6.937007822045059002e-03
6.934814184006450784e-03
7.031684051818472107e-03
7.829740145566373155e-03
7.459446008644731417e-03
6.520454755180404502e-03
5.551209538664981201e-03
4.811371807298197960e-03
4.852767107825547988e-03
4.372069976548030937e-03
9.093465021005717186e-02
0.000000000000000000e+00
