# bin_4
0.000000000000000000e+00
0.000000000000000000e+00
2.271282899001343756e-03
1.088454335679125279e-02
2.091855143403531167e-02
2.913219642367653045e-02
3.443012587999798313e-02
4.202184684408701021e-02
5.352586634367818147e-02
5.525608672211734795e-02
5.293286206861966270e-02
5.101165549660752196e-02
5.010879164574831568e-02
4.911917812225306823e-02
4.779781417400739973e-02
4.662579061262688701e-02
5.076660865087084806e-02
6.588725819700148867e-02
9.101615567196799650e-02
1.094419498793619827e-01
1.148562720538379017e-01
1.141757470407545050e-01
1.109475680177746670e-01
1.047936169146250901e-01
1.008401401925879126e-01
9.993823950088256969e-02
1.012146710608372024e-01
1.088784515083298238e-01
1.219982490936177139e-01
1.284435868988242357e-01
1.286154139087878900e-01
1.294464951144117248e-01
1.399477985846229455e-01
1.622636211691793062e-01
1.761152703203984204e-01
1.779481169373717531e-01
1.767601325051841865e-01
1.867929843900147102e-01
2.155797414578227988e-01
2.332820887468431970e-01
2.371784723921551152e-01
2.381535026563557644e-01
2.536394856773785955e-01
3.056923380781718103e-01
3.277503406638325734e-01
3.294833238950140575e-01
3.296758488692934641e-01
3.377793388682398534e-01
3.640926819942604253e-01
3.725880863051664882e-01
3.725439307431624436e-01
3.748905749100213680e-01
4.014501911189332084e-01
4.743540931520610626e-01
5.021499387088491639e-01
5.030288566689312679e-01
5.022031647165383639e-01
5.229395456578483925e-01
5.858075034665412018e-01
6.133248504963809689e-01
6.159754098768681629e-01
6.147306529496431304e-01
6.287264208450444869e-01
6.884176875669192341e-01
7.112297426518247034e-01
7.120358056538651503e-01
7.106147727158226290e-01
6.988174708360832543e-01
6.534544031241471540e-01
6.403422482723215570e-01
6.393931587190990751e-01
6.391020867986634268e-01
6.625302417508354136e-01
7.708944733891560652e-01
8.019603728701644174e-01
8.027121772260931154e-01
8.029737284228006811e-01
8.244588257125186059e-01
9.283136056393892499e-01
9.578990446753805621e-01
9.590524424097530698e-01
9.591141189803792377e-01
1.023044382798089069e+00
1.322381638109578761e+00
1.406877623032021241e+00
1.409676281152317134e+00
1.406820033983090523e+00
1.417226743396440947e+00
1.468635895527081514e+00
1.484049823192567619e+00
1.482694627113417818e+00
1.481459755517814836e+00
1.574069425769189623e+00
1.942036599124743024e+00
2.059203253252542609e+00
2.064660252825247344e+00
2.063570286937681075e+00
2.065930357108887172e+00
2.093846421377084877e+00
2.100010530505089346e+00
2.101633385833710399e+00
2.098703979183132340e+00
1.959537646440926206e+00
1.333558510406595454e+00
1.156097688274105861e+00
1.145934126954657017e+00
1.145029926633404083e+00
1.121128510676153489e+00
1.008723366068849492e+00
9.729029980705814484e-01
9.701455603936361971e-01
9.699271167257512705e-01
1.002088277302942698e+00
1.163467057898347035e+00
1.210958480003945237e+00
1.213062863760114185e+00
1.212033730028468259e+00
1.178185127912546148e+00
1.009677065197714718e+00
9.612136861049273007e-01
9.586690928343634122e-01
9.572834288387424007e-01
9.532435767445240904e-01
9.201244092042256684e-01
9.126908695092410539e-01
9.119773385136273891e-01
9.092295063588213822e-01
8.386595020882257057e-01
5.567521950887883708e-01
4.712759061472561184e-01
4.662131438911569226e-01
4.638317603667930777e-01
4.412365850780065046e-01
3.580067419496612557e-01
3.290798369176781701e-01
3.268126401236186584e-01
3.251256396737220999e-01
3.175378249695732236e-01
2.894395082136350106e-01
2.744044797684932480e-01
2.727705401207139446e-01
2.719525871348936752e-01
2.675727610977711723e-01
2.515374079535397933e-01
2.452995291500073838e-01
2.443511153389123502e-01
2.419139918005167866e-01
2.272786235683402212e-01
1.819648780988007142e-01
1.605473980770801556e-01
1.580181023224561665e-01
1.545625231040724246e-01
1.403083881815455902e-01
9.041070184096418327e-02
6.644057340400584544e-02
6.456563672801879372e-02
6.495158056682016900e-02
6.534143725639673939e-02
6.753913095012965828e-02
6.920710472933301605e-02
6.946482493715831763e-02
6.938755396498752503e-02
6.991531377196616437e-02
7.142953217081890460e-02
7.168997201329080360e-02
7.118924060057496561e-02
6.885011457163685289e-02
6.146391503502884185e-02
3.748867301631737120e-02
2.462561523379622544e-02
2.346329592591260213e-02
2.356178275707813269e-02
2.444397207390122673e-02
2.696508485679198139e-02
2.791388676195377672e-02
2.795736921076977244e-02
2.812431807512522433e-02
2.854619711800094467e-02
3.005729281412397591e-02
3.018387663753515845e-02
3.004254117837375573e-02
2.974475082720241109e-02
2.881239872086622036e-02
2.689282956080337253e-02
2.617993029030842370e-02
2.562048643808892065e-02
2.505255421536804750e-02
2.262791025946477713e-02
1.619455070468201613e-02
1.149240403982745504e-02
1.090262726317126757e-02
1.058100489833237526e-02
1.060401647580443835e-02
1.148232354350653406e-02
1.182238311024608884e-02
1.194868462479048085e-02
1.224808544697035192e-02
1.286698708457474638e-02
1.452729461644175664e-02
1.592141961082657944e-02
1.598703927482017853e-02
1.581524040064650680e-02
1.514899649093111485e-02
1.333643384324115916e-02
1.178820728564867158e-02
1.145938500918308386e-02
1.111650329441783540e-02
1.021421911583104102e-02
8.282940281615688155e-03
7.259460068205006444e-03
7.072351501776616943e-03
7.046071026728042627e-03
7.202718199615723571e-03
8.316982894577945248e-03
8.930257992191348651e-03
8.971690309693292759e-03
9.247195720342889225e-03
9.485008170712967701e-03
9.490524007722893687e-03
9.289695587337287036e-03
9.147650467440043495e-03
8.980177657110233191e-03
8.403372721644571455e-03
7.070955857173825271e-03
6.171006473597167273e-03
6.052537352675536539e-03
5.949069674652681348e-03
5.804715833096212897e-03
5.256674063351645353e-03
4.969611147600186060e-03
4.984772544842002405e-03
5.010245733524047035e-03
5.346793985735320484e-03
6.178598553899222919e-03
6.709571703588182619e-03
6.784544289514786268e-03
6.773068988014125519e-03
6.632568921408900711e-03
6.453155741392623858e-03
6.450723151770377736e-03
6.332159674342311556e-03
6.226621687998520893e-03
5.519660544888861479e-03
4.026265463102605968e-03
2.997601758329936084e-03
2.840418560586940519e-03
2.928024043404583304e-03
3.327750755270242593e-03
4.278172419352321322e-03
4.904212098399147145e-03
5.084673402563987844e-03
5.134444445696768715e-03
5.690028165744299982e-03
6.847589383876998177e-03
7.869985523691188853e-03
7.991452305946092696e-03
7.797757834671795868e-03
6.919919561665893552e-03
5.288557214340970473e-03
4.152029389672537950e-03
3.906901780650742784e-03
3.743293073608060153e-03
3.421265395252855342e-03
2.861655736123085939e-03
2.490890005095753191e-03
2.448583418029076468e-03
2.421563966757995113e-03
2.297806248629334028e-03
2.629465823266893560e-03
2.690339966195804712e-03
2.576519019179855392e-03
2.709208516959361011e-03
3.226974294092891174e-03
3.868459726898096709e-03
4.216746937134572583e-03
4.306542428932743499e-03
4.288602583730728550e-03
4.873599928242267065e-03
5.936963574872282552e-03
6.703068195787482975e-03
7.034522237047558316e-03
6.716481289242051157e-03
6.325813905809211067e-03
6.113244406029011944e-03
6.073525173293033326e-03
5.894306618785646185e-03
5.574914860469910860e-03
4.719920544753491293e-03
3.359612162652602426e-03
2.784335943703268937e-03
2.512571804258702940e-03
2.322737776624775406e-03
2.538650504158861294e-03
2.681520526175088480e-03
2.468915162116056168e-03
2.271677459159190428e-03
2.074782201446089252e-03
2.127807907320277726e-03
2.407028565594390192e-03
2.359919339405284078e-03
2.382849404712496840e-03
