# bin_2
2.089694059003599155e-02
2.637735282762168273e-02
3.825809153608220048e-02
5.298848718174690303e-02
8.292123239848211980e-02
1.312159496508353840e-01
1.673482815947905655e-01
1.781263555739610593e-01
1.776671020112806920e-01
1.842772247042689937e-01
2.037594578690036518e-01
2.183823448333530315e-01
2.205787331510099536e-01
2.253731909515045151e-01
2.924807301389505954e-01
4.366492413180030896e-01
5.439439406113253384e-01
5.669240372846359177e-01
5.661717724570124455e-01
5.925822330188353915e-01
6.507962874252464225e-01
7.197055174894601004e-01
7.646851538787015068e-01
7.929635940496497781e-01
8.578729879273513381e-01
9.616431852306663863e-01
1.044528804272492728e+00
1.076686403877686216e+00
1.114087152575328643e+00
1.249505773264533826e+00
1.459501036620845627e+00
1.643872539790970144e+00
1.725055774820567933e+00
1.768898855570272488e+00
1.874822650733749096e+00
2.037306232829269703e+00
2.191962874856221433e+00
2.273884486837452368e+00
2.304927079750346497e+00
2.319198640681648271e+00
2.318812477290019824e+00
2.313126367876055856e+00
2.315936720224744061e+00
2.341258783446866776e+00
2.374302353343244576e+00
2.383971653108848177e+00
2.372245635028148669e+00
2.352799740172608178e+00
2.326421764060866426e+00
2.265512992491983457e+00
2.149291830576197881e+00
2.069873368873742070e+00
2.047639783271729463e+00
2.038982476865900395e+00
1.996192448941536357e+00
1.853052833886877471e+00
1.749059477805446905e+00
1.722575050064654389e+00
1.719803513387033300e+00
1.672474115650072202e+00
1.481040325228802690e+00
1.353858800016254582e+00
1.332924038658926502e+00
1.332720724665684475e+00
1.270724493234526742e+00
1.051743747474460422e+00
9.033739834690395210e-01
8.730519199085747806e-01
8.713631381868484072e-01
8.334067643179156049e-01
6.895675725876694306e-01
5.886986136230639710e-01
5.693209208538383415e-01
5.689443279680950205e-01
5.367424149457531435e-01
4.226244916230913473e-01
3.457459059785372713e-01
3.308215389095102155e-01
3.287995471501863332e-01
3.129066721869179224e-01
2.691769707878247653e-01
2.382049203778308366e-01
2.314341778829613339e-01
2.302962020400473875e-01
2.192830493472284481e-01
1.888723583168211428e-01
1.658526034973244745e-01
1.601465142694378785e-01
1.593030565374404794e-01
1.538431542377218797e-01
1.407868659109257625e-01
1.306258037347459711e-01
1.281907098815401047e-01
1.283097755596172007e-01
1.285720077469988398e-01
1.294267942900743928e-01
1.299969116161214522e-01
1.297016177729429509e-01
1.268755638672364738e-01
1.176952477260900659e-01
9.982130102145050921e-02
8.313309743139135621e-02
7.704438815237370231e-02
7.582478793506844394e-02
7.382681100257108830e-02
6.999453296219940168e-02
6.566511015462871137e-02
6.395538884831655779e-02
6.555525193128716732e-02
7.023445777370848631e-02
7.844049080593433476e-02
8.698242576434440931e-02
9.106828901659411168e-02
9.153387486647740490e-02
9.067001627844796519e-02
8.866353254267933526e-02
8.719425838656486016e-02
8.663999234167682473e-02
8.682598634268588744e-02
8.881683527678109480e-02
9.283378997344439443e-02
9.606394233674710181e-02
9.726415799969205522e-02
9.670299343301848316e-02
9.101563013998416329e-02
7.571026918757756130e-02
6.407511851232843003e-02
6.085983990518203934e-02
6.015498420033255078e-02
5.581661975178834473e-02
4.391933460532811140e-02
3.469273978420481935e-02
3.221230213302517242e-02
3.227231518581635816e-02
3.395665532289902228e-02
3.839246844754842097e-02
4.169732307898713075e-02
4.254406444803127824e-02
4.277133443219490599e-02
4.452095014243390159e-02
4.987418049937183268e-02
5.367284202769331131e-02
5.458602421258412080e-02
5.468242653682523630e-02
5.397307847228186711e-02
5.115498812083894842e-02
4.945735772366211674e-02
4.908943239162300021e-02
4.833145998391447096e-02
4.292164300504490437e-02
2.948449378424635933e-02
1.927371104013404432e-02
1.621982914554804395e-02
1.585425230246858067e-02
1.575794447576554444e-02
1.586164747861955673e-02
1.591859080418797645e-02
1.595268869618242380e-02
1.622644828354160088e-02
1.793824447059544011e-02
2.184932882838800522e-02
2.500825532018383437e-02
2.591059760510086227e-02
2.525634703013821328e-02
2.202295238425821741e-02
1.487533491069530610e-02
9.264083501337058019e-03
7.298607920071053558e-03
7.237325377500491985e-03
7.725940971474411917e-03
8.880882067034688229e-03
9.786633289106980854e-03
1.003615305842787964e-02
1.010601172408776005e-02
1.079789703382945908e-02
1.252174901347603321e-02
1.393449683753045405e-02
1.436347873132114671e-02
1.434661104027517078e-02
1.433477779177659214e-02
1.449185531825616761e-02
1.445678736740591344e-02
1.424136531948991431e-02
1.376916609305173754e-02
1.199632020907059893e-02
8.262405382105519544e-03
5.315628811835297965e-03
4.033612110403409293e-03
3.889278863464957440e-03
4.432879824458464853e-03
5.439289600644827208e-03
6.187330368765162937e-03
6.492170720456556625e-03
6.593417049338477602e-03
6.736423977165253291e-03
7.158172037877439005e-03
7.455284485345404881e-03
7.586047836921665927e-03
7.533851042864331271e-03
7.658252389546134006e-03
7.821957805705331487e-03
7.909004506768258294e-03
7.934518987639124776e-03
8.157326829083769854e-03
8.213014231189060335e-03
8.581984221525777723e-03
9.027813099610353803e-03
9.218810741324807989e-03
9.126761568599728661e-03
8.610276636068619691e-03
7.774972164643901597e-03
6.898644267069779269e-03
6.445578310111373631e-03
6.357907593540146167e-03
6.901199157293867389e-03
7.705387423715559340e-03
8.166478459008866958e-03
8.286792730783624009e-03
7.807712273437785941e-03
6.559907055249029548e-03
4.681368399335672156e-03
3.417201004830475349e-03
2.753886556777876936e-03
2.578722392199997177e-03
2.757304574039674654e-03
3.102296627530049238e-03
3.358776776908954220e-03
3.580845709192136475e-03
3.824810058878892749e-03
4.291946637024923739e-03
5.461467516989527808e-03
6.500875775442983839e-03
6.919607246166822531e-03
7.069567019163443961e-03
7.098949602988644490e-03
7.079178661367922440e-03
6.991339859245725846e-03
6.690796450934564585e-03
6.160538709852679366e-03
5.089402599387954015e-03
3.490962659731539162e-03
2.037242834576590868e-03
1.245556526092131975e-03
1.145183830079692404e-03
1.795300881494527869e-03
3.309131548892026327e-03
4.569121684330846103e-03
5.053103898957378784e-03
5.560306408263311281e-03
6.409702301011856694e-03
7.338048871200398074e-03
8.214871786538424994e-03
8.425807082816320209e-03
8.380870143260105501e-03
7.681652915447943764e-03
7.429673152984970531e-03
7.045602801064108044e-03
6.896054440204907668e-03
6.616399663853629425e-03
5.805877990912979361e-03
5.982200405845012996e-03
5.720767810192833695e-03
5.128422577340828459e-03
4.959970525176020904e-03
4.700951832752548430e-03
4.445991102587803535e-03
4.128021224544618957e-03
3.957560048170711935e-03
4.164992736024276422e-03
4.845752699762342734e-03
5.885619461747925406e-03
6.532260122469231607e-03
6.601187533085705467e-03
6.053085856470743868e-03
5.390197876119794118e-03
5.043948655958304522e-03
4.758256242408042194e-03
4.563221269879588413e-03
4.458443510661147351e-03
4.669052896501486687e-03
5.256177548757524562e-03
5.590943175375021057e-03
5.453526085435009968e-03
5.134591696671155642e-03
4.459642572589922298e-03
3.450005830932363193e-03
2.654991412009396860e-03
2.253138738981598152e-03
2.145403919229552005e-03
2.407291399310140714e-03
2.653024088413929744e-03
2.915918183206893648e-03
3.067056278074711990e-03
2.748691218241119342e-03
2.261061418535642315e-03
1.715646407138043039e-03
1.035703933915279543e-03
7.902497193673432840e-04
1.168973604774337927e-01
0.000000000000000000e+00
0.000000000000000000e+00
