# bin_3
2.148232164676473332e-03
3.804299933295127514e-03
7.101458326379318266e-03
1.084204369130019503e-02
1.448083980384338998e-02
2.156956991979150015e-02
3.253311763770885823e-02
3.954489986279072222e-02
4.353341092785834726e-02
4.665569416843218936e-02
5.011553853763647814e-02
5.465004116634140929e-02
5.814015539701387902e-02
6.081581953505514615e-02
6.433190625658134765e-02
7.827074236471825985e-02
1.027495546307665014e-01
1.147983770116309671e-01
1.174680789378475670e-01
1.190148525460166529e-01
1.217922848900647864e-01
1.264446036192436451e-01
1.300631334712031573e-01
1.323523932900592670e-01
1.339520394119221025e-01
1.357103500615374769e-01
1.385988305352189864e-01
1.408738933661233816e-01
1.427131977035734911e-01
1.484719587373913297e-01
1.660044040863524473e-01
1.895907057732221512e-01
2.100834473003342917e-01
2.195980292001739609e-01
2.265222931313025656e-01
2.361898436155486503e-01
2.424294963625076016e-01
2.439887577065956714e-01
2.455706753512690299e-01
2.507679994794136391e-01
2.819928682988528390e-01
3.359357109451813761e-01
3.660368558365255653e-01
3.687160599570407093e-01
3.655182332802113798e-01
3.820464658482623510e-01
4.430639384701571815e-01
4.867523649697728105e-01
4.982110735363389220e-01
4.992736798686939759e-01
5.535250985382030864e-01
7.509593000463956614e-01
8.412975234559084692e-01
8.545170584479448994e-01
8.575885670164337116e-01
9.520392430308309839e-01
1.310924823199550948e+00
1.454714330545610945e+00
1.465547305508828613e+00
1.466975537293080611e+00
1.559833299185392486e+00
1.839812789866078102e+00
1.952294235712248360e+00
1.964960615563694724e+00
1.966991347047492233e+00
2.028507548592888732e+00
2.227238671796772262e+00
2.314879278767518311e+00
2.326730153045234228e+00
2.322384754537594631e+00
2.325903196790330085e+00
2.344849659599610892e+00
2.350026472752109630e+00
2.345973624884967190e+00
2.344522563733969722e+00
2.331785259720978942e+00
2.267617543157678828e+00
2.243239677981355928e+00
2.237703952526756357e+00
2.233599840522675795e+00
2.215794453644055917e+00
2.137858254130456270e+00
2.108192687087162120e+00
2.101805438682555760e+00
2.097646374946769310e+00
2.029658949064093054e+00
1.740327689933712785e+00
1.638774635614170583e+00
1.625080559858127938e+00
1.617766117420659233e+00
1.590164007456039474e+00
1.482442702312624538e+00
1.428172301389180943e+00
1.419702078519419208e+00
1.414214797404013124e+00
1.339271733529148634e+00
1.052098256644905971e+00
9.334374973273592557e-01
9.170176710937628650e-01
9.181652025405466766e-01
8.123220816916520981e-01
4.768689641638709231e-01
3.459413126314700992e-01
3.293560200833609564e-01
3.255739959127977312e-01
2.955350679205372977e-01
1.990535599227668262e-01
1.578689105609092092e-01
1.519864171972731548e-01
1.509111783115392458e-01
1.467986778491458255e-01
1.332819616035196553e-01
1.276604193522239972e-01
1.264657466800742369e-01
1.254959849469306776e-01
1.138913952059997098e-01
7.731886297775314443e-02
6.227843620749412556e-02
6.016282125305631723e-02
5.955078903799625178e-02
5.794403596108699261e-02
5.411901449730598807e-02
5.200667144629252808e-02
5.087577581934352861e-02
4.890437131103451962e-02
4.265612693194730659e-02
2.975453108593204346e-02
2.226584254760680115e-02
2.006754906467976551e-02
1.908323616413525048e-02
1.752342860323672161e-02
1.483103077786916864e-02
1.304703811713647105e-02
1.236969131279062016e-02
1.238025328629366144e-02
1.298970061526433933e-02
1.443031781226576660e-02
1.537615401083600002e-02
1.584633173771399922e-02
1.648534060359486964e-02
1.875706316142347271e-02
2.368576898780056644e-02
2.671394931596087971e-02
2.664838870251157871e-02
2.526200303901027233e-02
2.333024254014759782e-02
2.114964409257672276e-02
1.892573334589689460e-02
1.757098906148406997e-02
1.608875839360286372e-02
1.421092952933129296e-02
1.232118500021658555e-02
1.055230591854176142e-02
9.419042636399768686e-03
8.939855792510454854e-03
8.836820139804931959e-03
8.889396438605270956e-03
8.961314775965973506e-03
8.962645980946622529e-03
8.994518958775333389e-03
8.963137176334644296e-03
8.896259466629585777e-03
8.649838223383972749e-03
8.246831651802075461e-03
7.581520326363742901e-03
6.907805766609744803e-03
6.149080858503874238e-03
5.477516444151159410e-03
4.984407648260584696e-03
4.751602926128880786e-03
4.797857832442826466e-03
4.934082890944308138e-03
5.107229159511179895e-03
5.196645434975670670e-03
5.128264315782293976e-03
4.995404020947048079e-03
4.750885480155191479e-03
4.449531299406050792e-03
4.284709183695668312e-03
4.242523341495283221e-03
4.211130592383945277e-03
4.217668267314816054e-03
4.225832644267355290e-03
4.157856953083496378e-03
4.002875924960454072e-03
3.711259422223204488e-03
3.450628947007210352e-03
3.193637164305652022e-03
2.931558710184749891e-03
2.831126730044227977e-03
2.887839805963259791e-03
2.970371494161646361e-03
3.036642623912958177e-03
3.098423776464782550e-03
3.102448897000688408e-03
3.024241311072977268e-03
2.950270547077942472e-03
2.851672800459174612e-03
2.777583364897073196e-03
2.689185235211431248e-03
2.613971841936507147e-03
2.540881228078154062e-03
2.502958403044793292e-03
2.464676805442849849e-03
2.578748297903191763e-03
2.918957460892705313e-03
3.514409605392398561e-03
3.664118061446692415e-03
3.682827237667980844e-03
3.607236920044657423e-03
3.366420211313679838e-03
3.012714128729174993e-03
2.714954151543800404e-03
2.329848009802050913e-03
2.067243962610239207e-03
1.942304772769832882e-03
1.855694007512512711e-03
1.764871977025924245e-03
1.664959825650398455e-03
1.599954137672198948e-03
1.524695597391424913e-03
1.431813526178471766e-03
1.348877667993696444e-03
1.319812472797642034e-03
1.329027422676998856e-03
1.365797734523497122e-03
1.411720080554159469e-03
1.458174136205647254e-03
1.479657961042853912e-03
1.504984031843474047e-03
1.564844439451503529e-03
1.634357431575039288e-03
1.691225802949666585e-03
1.708864945096452963e-03
1.638458589184216361e-03
1.565139102570233020e-03
1.457009522465746009e-03
1.335113534198025193e-03
1.237477094902706635e-03
1.169689648138039131e-03
1.093448083033050824e-03
1.009781935296334048e-03
9.445522984844688906e-04
9.262922425529514659e-04
9.799306981808041366e-04
1.081403033272409228e-03
1.232626874345674976e-03
1.369814476571635034e-03
1.513886362288765488e-03
1.700257152283913501e-03
1.844855263841457859e-03
2.171106593006090317e-03
2.381412509137803384e-03
2.534999792055821991e-03
2.555744446341460304e-03
2.142608818154150170e-03
1.840015596213731564e-03
1.435311890208878930e-03
1.247191346028356717e-03
1.194685941143903930e-03
1.176785207826594546e-03
1.201689144454999320e-03
1.248452939777395382e-03
1.276581472362607952e-03
1.290480173189362256e-03
1.272026986217031103e-03
1.181123715405251818e-03
1.130146713913717698e-03
1.129673439983549469e-03
1.137968657834053342e-03
1.149588251796043433e-03
1.163176649994589109e-03
1.220215990773045392e-03
1.235953564071609221e-03
1.226798844479497479e-03
1.213319965315417040e-03
1.255561389149842865e-03
1.203368582821597423e-03
1.226043925898862583e-03
1.318792455388787714e-03
1.542036154720274671e-03
2.000030586873092087e-03
2.081861186462265721e-03
2.114823560097830145e-03
1.974280921979619952e-03
1.720504849224546457e-03
1.445330007984880431e-03
1.217728921316600871e-03
1.101564122041347269e-03
1.005424699693978959e-03
9.322262903565705760e-04
8.751589945019234247e-04
8.435678404543403824e-04
8.253169722338539547e-04
8.198387535851727045e-04
8.185268349155506258e-04
8.056695488548932431e-04
8.348850459848998614e-04
8.675855089400947477e-04
2.100783101684210175e-02
0.000000000000000000e+00
