# bin_2_1
1.036151581312489620e-08
1.050926576329155946e-08
1.067601715580683482e-08
1.086253743527317583e-08
1.107006928165226692e-08
1.129623106446895963e-08
1.154656472082312311e-08
1.182211703057705641e-08
1.212262007499492244e-08
1.244311493986304923e-08
1.278384840521277990e-08
1.313175373006011136e-08
1.348503910830427350e-08
1.384048652198854659e-08
1.419071744586265392e-08
1.452885698882907936e-08
1.484532593690710445e-08
1.513146249274749065e-08
1.537113164959184815e-08
1.553926383032278931e-08
1.560258850913384777e-08
1.553169590254775638e-08
1.532787485764355979e-08
1.502433530296434275e-08
1.462836821675624426e-08
1.408574657676696969e-08
1.336711895372440607e-08
1.254876183076912916e-08
1.165438917685437273e-08
1.068026913228609190e-08
9.632238616825457285e-09
8.587227043712060656e-09
7.557125608324090334e-09
6.550312242819912834e-09
5.627012560091849535e-09
4.769674762873917690e-09
4.012620356951160013e-09
3.338843102848319694e-09
2.759575405477110541e-09
2.260728176375762810e-09
1.837699403607747195e-09
1.485011553753611308e-09
1.194838797983105583e-09
9.600218805244518017e-10
7.727292958557767022e-10
6.246474429464662279e-10
5.080029445172326735e-10
4.163022944136992800e-10
3.440707568834138281e-10
2.867363447912567719e-10
2.407213259395289353e-10
2.032207958843337237e-10
1.721563916430460148e-10
1.460087641836866016e-10
1.236979962770061691e-10
1.044504296532410417e-10
8.774598804975993333e-11
7.323291845637011632e-11
6.064018727716451433e-11
4.977489998368427387e-11
4.046961464814575098e-11
3.257762940263805391e-11
2.595616196749137650e-11
2.046643104400079613e-11
1.597135688319019285e-11
1.233742905846316609e-11
9.437004261719274700e-12
7.150938434352649792e-12
5.370945968462971705e-12
4.000964575585818522e-12
2.957919413701424148e-12
2.171816871394676899e-12
1.584735579583099238e-12
1.149930092722323794e-12
8.303128131402764986e-13
5.968854380708876923e-13
4.274233477542623189e-13
3.050160578127592443e-13
2.170093656188266533e-13
1.539921987492799583e-13
1.090312926631168284e-13
7.704008534553496952e-14
5.434302474596498750e-14
3.829887761637949612e-14
2.697128279410586188e-14
1.900345670052585188e-14
1.339507628557338572e-14
9.474862928333884514e-15
6.742984649350231562e-15
4.847438058412654964e-15
3.540800081595919504e-15
2.650363446546075580e-15
2.048058991865702759e-15
1.650581420006999989e-15
1.400810658279846648e-15
1.247560568601513499e-15
1.161494413611812533e-15
1.116080217243536728e-15
1.096647573582626025e-15
1.090199092922129342e-15
