# bin_3_3
1.535696206519467766e-08
1.561080493101275046e-08
1.589982518915877631e-08
1.622610053373319941e-08
1.659761643262400760e-08
1.701651724747053653e-08
1.748699394221137347e-08
1.801034873020375969e-08
1.859771712098598870e-08
1.924720298329070554e-08
1.996194071736558457e-08
2.073865383554020886e-08
2.158334308495545470e-08
2.249330686721566112e-08
2.346274217684297976e-08
2.448258358619364540e-08
2.554025898944160419e-08
2.660734560102472353e-08
2.765423504552368596e-08
2.864529833611728986e-08
2.956485418380345641e-08
3.040772182559434197e-08
3.114228382924940061e-08
3.169162839527076772e-08
3.199363067087804267e-08
3.206213681767522521e-08
3.187214266248988703e-08
3.137297107445407672e-08
3.053868382784362881e-08
2.940052517294929200e-08
2.795662767046423467e-08
2.621823981819108861e-08
2.425970929260592035e-08
2.211039023720851237e-08
1.986287715489482834e-08
1.757724456856273055e-08
1.534362914658139325e-08
1.322340175625593574e-08
1.127146508016726932e-08
9.521012420619129811e-09
7.980097074665974622e-09
6.639253891507047762e-09
5.479569795711597370e-09
4.482140556390802543e-09
3.634449817702967024e-09
2.928944878546610002e-09
2.355767612172661354e-09
1.897478300536109220e-09
1.532291557007805873e-09
1.241753565458556710e-09
1.012189855075893482e-09
8.309627288275340935e-10
6.868963571059377043e-10
5.715808609077442924e-10
4.782158951014191087e-10
4.015737853843404210e-10
3.378024176563579467e-10
2.840562057224701963e-10
2.383117167945262725e-10
1.991138159371932654e-10
1.654271365063344092e-10
1.364866314197015027e-10
1.117116107682136661e-10
9.063164648219485194e-11
7.283978606630601907e-11
5.796629123625535782e-11
4.566541187974931329e-11
3.560936163764399464e-11
2.748729973724161841e-11
2.100796865516682438e-11
1.590274812577008616e-11
1.192890209650662946e-11
8.871902836252551267e-12
6.546333949087110364e-12
4.795579388290791228e-12
3.490179893251683172e-12
2.525316288220164388e-12
1.817744610644503755e-12
1.302468529690042341e-12
9.295157004090119375e-13
6.610227279582346574e-13
4.686432163588344605e-13
3.313615940433350118e-13
2.337467110006361438e-13
1.645660005382972628e-13
1.156620247418628424e-13
8.118174896701639554e-14
5.693946778370013578e-14
3.993446324453280530e-14
2.802771633755205344e-14
1.970291453621864858e-14
1.390075271731661037e-14
9.890206877395307511e-15
7.130334487474449211e-15
5.235185388980707122e-15
3.936886742068924746e-15
3.068104430301719860e-15
2.505465070237369198e-15
2.149405139792109160e-15
1.925313688112614635e-15
