# bin_3_2
1.362587808253926604e-08
1.383767388457034345e-08
1.407796226346570043e-08
1.434788975690021421e-08
1.465412858917898174e-08
1.499764841670272552e-08
1.538123706675393865e-08
1.580485306642895696e-08
1.627759119767654293e-08
1.679607018887302070e-08
1.736134321299485122e-08
1.796848694940963594e-08
1.862127046084827799e-08
1.931535554629657137e-08
2.004338884455076102e-08
2.079517257978700531e-08
2.155731992952824035e-08
2.230189812434221389e-08
2.300048662426018208e-08
2.362022611459181675e-08
2.414942558890240600e-08
2.458867485711583025e-08
2.491449392360666685e-08
2.506088680081475853e-08
2.497859813128217493e-08
2.469516711972400170e-08
2.420131466456910367e-08
2.346357204713324439e-08
2.247298348315272164e-08
2.127547374118881411e-08
1.988242631282851336e-08
1.831392619714250197e-08
1.664608913050258543e-08
1.490399345969325087e-08
1.316559323414125900e-08
1.146874714538077659e-08
9.872849960353420475e-09
8.405323030931590388e-09
7.087785146552867579e-09
5.926893684672584717e-09
4.915666329040020330e-09
4.042452128664458596e-09
3.295649744093379329e-09
2.665597895351168164e-09
2.143715008382270487e-09
1.719529184647356098e-09
1.379635298203747062e-09
1.109497602641773965e-09
8.958223340398133710e-10
7.275328066406229483e-10
5.950985386527065738e-10
4.903927238191325078e-10
4.069454299532936985e-10
3.396955930070462955e-10
2.847638054262487029e-10
2.392673873542772319e-10
2.010574420305417942e-10
1.686085795058272651e-10
1.408625325208420080e-10
1.170316548208130218e-10
9.656783467942923590e-11
7.904555341803552267e-11
6.413091138187342762e-11
5.153653643020362238e-11
4.100390618245177704e-11
3.229097665077336125e-11
2.516782991877491877e-11
1.941574112697102485e-11
1.482885559129865507e-11
1.121686055789378604e-11
8.407376240231346663e-12
6.247875587957001645e-12
4.606528823051917249e-12
3.371998045880183596e-12
2.452342451875011886e-12
1.773205869412255937e-12
1.275583259616460470e-12
9.134970331569182856e-13
6.516306732604684615e-13
4.632387663133364964e-13
3.283395618804029898e-13
2.321366283304101716e-13
1.637645125157307505e-13
1.153186087698237156e-13
8.109624592394215593e-14
5.697020231964619653e-14
4.000479648616883015e-14
2.809891631368460138e-14
1.975867446316954968e-14
1.393862148418846073e-14
9.887006271852174784e-15
7.078061400188727306e-15
5.137973543459141165e-15
3.809680625600208662e-15
2.913066195497358772e-15
2.315051820709966223e-15
1.931248660786176628e-15
1.692663781745761496e-15
1.555894309241429123e-15
1.490214830553548558e-15
