# bin_1_1
8.748935714339235948e-09
8.874323880445759292e-09
9.015826102011470270e-09
9.174089572019451508e-09
9.349617958163492603e-09
9.539884231599306118e-09
9.746669660827891103e-09
9.975411372085794737e-09
1.022464964992786379e-08
1.049168152713619101e-08
1.076503690943213303e-08
1.104123021773720244e-08
1.131322992230657523e-08
1.157450189107951003e-08
1.181383016544138290e-08
1.201729304564846844e-08
1.218071885371363123e-08
1.230004888112889506e-08
1.236913129083255111e-08
1.238297198096776040e-08
1.233272345669436014e-08
1.219420855278128497e-08
1.193664750844126210e-08
1.153424481734455919e-08
1.100701927573937341e-08
1.042210441034648013e-08
9.802507530742920535e-09
9.085640938752863221e-09
8.260658787708141509e-09
7.433683020209496858e-09
6.618522924297674146e-09
5.817444526565153847e-09
5.018724396286528120e-09
4.305287718696560126e-09
3.650492424168416949e-09
3.053611532788309374e-09
2.546338859426205909e-09
2.094289725046871081e-09
1.718667631920583526e-09
1.393915849103056630e-09
1.128721860697782909e-09
9.106317394504266647e-10
7.338510483501390798e-10
5.939815072106650379e-10
4.835709541964534166e-10
3.965676306224386208e-10
3.279473507885805630e-10
2.736281568781833911e-10
2.302347594865941427e-10
1.950822671895070105e-10
1.661487144602697467e-10
1.418568795129140473e-10
1.210776701745519592e-10
1.030652656192113923e-10
8.738339627684713601e-11
7.369388056048960551e-11
6.168493542768427427e-11
5.119635372994683347e-11
4.212798477036453631e-11
3.432485647598211905e-11
2.769602511998762546e-11
2.212029453164675633e-11
1.748929210031619392e-11
1.368992453455951882e-11
1.061192125130023603e-11
8.149142432828279732e-12
6.202500827568842863e-12
4.681707976959841987e-12
3.506655255849308756e-12
2.608062648511519195e-12
1.927317055408086473e-12
1.416086959630585318e-12
1.035098750639704032e-12
7.531180958963609592e-13
5.457279367480966187e-13
3.939827460257090413e-13
2.835113148525858453e-13
2.034077729565463147e-13
1.455649589902312361e-13
1.039089496248431189e-13
7.401714623341798995e-14
5.265059896763473571e-14
3.739680823665547970e-14
2.653397601260601189e-14
1.880370696478205999e-14
1.336226440338283624e-14
9.483481586324156415e-15
6.767151639290145117e-15
4.877466186192288957e-15
3.557212018040079522e-15
2.646517138408144151e-15
2.030851959914269652e-15
1.617618844259520975e-15
1.349141166255558763e-15
1.183699320899944561e-15
1.083269038308028770e-15
1.027153654007978883e-15
9.966174299357156068e-16
9.806848809150069637e-16
9.725036757493465219e-16
