# bin_2_2
1.215868376226565497e-08
1.234727012335770418e-08
1.256120167698026059e-08
1.280210227892004715e-08
1.307226698486137414e-08
1.336996835337121986e-08
1.370238269042752725e-08
1.407167875754348969e-08
1.447877491430882288e-08
1.491931785178538567e-08
1.539577075317354450e-08
1.589524794481137711e-08
1.641697930821292316e-08
1.695802466117148194e-08
1.751174955630130340e-08
1.807012992389932815e-08
1.862208037243633235e-08
1.915675549768234967e-08
1.965429783750459807e-08
2.008470716732359656e-08
2.040743094880425046e-08
2.058514558844076516e-08
2.061086157859855184e-08
2.050904967294813291e-08
2.027640521882586891e-08
1.984599458967670267e-08
1.917715929085337734e-08
1.833966627416992411e-08
1.735163974296865603e-08
1.620491952645739936e-08
1.490613248875680774e-08
1.354180994858864912e-08
1.213428622352550953e-08
1.070738620439490014e-08
9.343421739852582640e-09
8.042315694939939191e-09
6.858763978517463160e-09
5.787070619979506419e-09
4.847437855375463092e-09
4.026323435187336461e-09
3.317022523243795643e-09
2.711666533460431981e-09
2.200833590435121617e-09
1.777124693530865905e-09
1.432112363730820824e-09
1.154793073837489723e-09
9.335172235256099525e-10
7.578669226826858173e-10
6.190204579076010220e-10
5.094888489845870057e-10
4.228093772761875486e-10
3.534770178097724744e-10
2.970050650878782513e-10
2.501545387658823215e-10
2.111132743333517947e-10
1.784774742824349680e-10
1.504895810845271045e-10
1.262210946082216938e-10
1.054563510108503580e-10
8.741554063802754584e-11
7.194397120695590792e-11
5.867681315340889054e-11
4.742287259995081521e-11
3.795937237292008767e-11
3.008762215527525572e-11
2.361353991959112770e-11
1.835298445776426515e-11
1.413043153562661330e-11
1.078139706248217725e-11
8.156511897578857123e-12
6.122161672870435221e-12
4.561816924003674973e-12
3.376960111182102411e-12
2.485012482858185876e-12
1.819023054590257663e-12
1.325303744235276086e-12
9.615728845710230848e-13
6.951129785614012417e-13
5.008603348517375888e-13
3.598550534593783370e-13
2.578960082043991400e-13
1.843912298775523571e-13
1.315575621358041785e-13
9.369987057344723114e-14
6.663054591265853729e-14
4.731917480858888171e-14
3.357814238032688870e-14
2.381960584915839239e-14
1.690798169034450144e-14
1.203743317624844404e-14
8.615631274428189937e-15
6.221569223214056760e-15
4.554417960952969939e-15
3.405917439505977831e-15
2.626103711307058839e-15
2.106023157014647092e-15
1.767426465021431628e-15
1.552924116794383490e-15
1.426817126552116870e-15
1.362275815691035531e-15
