# bin_3_1
1.140333847257843493e-08
1.156345794252330332e-08
1.174400608066619283e-08
1.194511649550333485e-08
1.217179411729945378e-08
1.242375994670912945e-08
1.270226205572536056e-08
1.300597425693792613e-08
1.334160506414443308e-08
1.370455595736577621e-08
1.409370901199974228e-08
1.450290040682091536e-08
1.493387785970413043e-08
1.538150210138605044e-08
1.583774790250578814e-08
1.629262028058145745e-08
1.673344925060764369e-08
1.713508255028098987e-08
1.747275830939203804e-08
1.771935562139623314e-08
1.787003256793924147e-08
1.793401971311822919e-08
1.789900129877868015e-08
1.771307089476182149e-08
1.734217083596602700e-08
1.682782864409102141e-08
1.617597216098938456e-08
1.536868329546463501e-08
1.440982666482842826e-08
1.335219831505169580e-08
1.221125453638672490e-08
1.100453305714022386e-08
9.796139968377683045e-09
8.594868974450195588e-09
7.452777235590928907e-09
6.380535817475419090e-09
5.407654091221511937e-09
4.536767277217978312e-09
3.771146787195274686e-09
3.108350920047089208e-09
2.540769009989957655e-09
2.060464005168091053e-09
1.659913787119546629e-09
1.331346236446917395e-09
1.066177216465981009e-09
8.549194429550901943e-10
6.878149220300010253e-10
5.563638867743450836e-10
4.532887669016660209e-10
3.724028238318459201e-10
3.085596847439013259e-10
2.575583429861663027e-10
2.162519720353545046e-10
1.822532287891636951e-10
1.538595141984044039e-10
1.298419556293545127e-10
1.092686873465082843e-10
9.151775684137184725e-11
7.619448443868495079e-11
6.295643983025856545e-11
5.158357950810108978e-11
4.187439829646784427e-11
3.366253733694181923e-11
2.678858764228848526e-11
2.110052310516036788e-11
1.645048340298610256e-11
1.269640314333982131e-11
9.703516408085986320e-12
7.346966595743378047e-12
5.513725837180226630e-12
4.103894694168464814e-12
3.031407558814062704e-12
2.223695051788194319e-12
1.620998287679038034e-12
1.175023524840551436e-12
8.475071544317846806e-13
6.085740100562570395e-13
4.353275530135413253e-13
3.103498448049437603e-13
2.205891781212656484e-13
1.564040661456793675e-13
1.106558783649796017e-13
7.814708672955894406e-14
5.511428607966638400e-14
3.883913908479773096e-14
2.734981890082293907e-14
1.927977091645240843e-14
1.362279624399519975e-14
9.651251556529733535e-15
6.893478912833673911e-15
4.977300301026159520e-15
3.657182153287114372e-15
2.757458982834252819e-15
2.154574263491652830e-15
1.767542760113911731e-15
1.521306191232416250e-15
1.378884310340203412e-15
1.295952093508729558e-15
1.257444462663951883e-15
1.242274412513270577e-15
