# bin_4_3
1.597713583030958014e-08
1.624644360775001843e-08
1.655341718433865532e-08
1.690049569022672539e-08
1.729615115306559673e-08
1.774299240408909095e-08
1.824576029057719331e-08
1.880631430562700436e-08
1.943656243809262351e-08
2.013526354868924475e-08
2.090640489157552323e-08
2.174748529860048680e-08
2.266546549300226969e-08
2.365848114144562849e-08
2.472158708202970007e-08
2.584648476626577565e-08
2.702130137290476037e-08
2.821796248180096235e-08
2.940699667466004372e-08
3.055243217309754870e-08
3.163781090226209024e-08
3.265651450896811183e-08
3.357459055570965278e-08
3.431174024292217338e-08
3.480152543842832357e-08
3.505268714932655419e-08
3.503404376156836683e-08
3.468778610010481268e-08
3.398038092554018860e-08
3.293551089411935053e-08
3.154365788506110116e-08
2.980936095816951451e-08
2.780208025505337177e-08
2.554826971927635873e-08
2.314115925448418633e-08
2.064498420837439522e-08
1.815865225795271608e-08
1.575608866091513613e-08
1.350767930425120503e-08
1.146294728418649331e-08
9.644320525959407303e-09
8.051984858207976772e-09
6.670256931146870052e-09
5.477664396176089654e-09
4.456542285661643308e-09
3.596081387949064445e-09
2.887442460128609946e-09
2.316130743484219086e-09
1.860372747150316163e-09
1.497724001768107356e-09
1.210578499996801198e-09
9.843622371418733845e-10
8.058069165773392750e-10
6.641791315679478664e-10
5.509310460725711664e-10
4.592972376052553254e-10
3.841972236571123641e-10
3.218312129812400195e-10
2.694274178091629860e-10
2.249876608873518336e-10
1.870794227092587825e-10
1.546641773080505255e-10
1.269690551006828790e-10
1.033981304361234099e-10
8.346257465251068715e-11
6.673849729394025787e-11
5.284289861923993159e-11
4.142110603520621840e-11
3.214024427405025249e-11
2.468922337858973689e-11
1.878006119319934927e-11
1.415066654278521392e-11
1.056711579830569450e-11
7.825018680792743967e-12
5.749661794054390333e-12
4.194915941267748862e-12
3.041099694125224617e-12
2.192119243055161743e-12
1.572217390570384620e-12
1.122639699565637665e-12
7.985287894518435634e-13
5.660929792524902573e-13
4.001514247270012477e-13
2.821460426882886448e-13
1.985270609083177839e-13
1.394435062235837005e-13
9.780436157809958761e-14
6.854068183658512307e-14
4.802495739585613001e-14
3.366665073691716034e-14
2.363749821268815234e-14
1.664023031627973686e-14
1.179774451569922487e-14
8.460520088569032006e-15
6.170001620591456528e-15
4.595108782989778944e-15
3.535492593776063090e-15
2.836511402420139824e-15
2.392437258052184866e-15
2.118369045638921640e-15
