# bin_4_2
1.396496176876252576e-08
1.419039913923884579e-08
1.444513138706507088e-08
1.473598924150166495e-08
1.506439791592810174e-08
1.543213519716335836e-08
1.584327960284733247e-08
1.629804037635981112e-08
1.680752257583940828e-08
1.736848897980616291e-08
1.797399988256759970e-08
1.862726602906136034e-08
1.932305649877785738e-08
2.006527234503710622e-08
2.084545257814746422e-08
2.165506634588662751e-08
2.248494589730892352e-08
2.331708966053097128e-08
2.412160125060877050e-08
2.486150369544187103e-08
2.549599889959683890e-08
2.600537110822694094e-08
2.639516774083076460e-08
2.665326176950052526e-08
2.671161822930917495e-08
2.650179594368358430e-08
2.605524282921321213e-08
2.538571917465326661e-08
2.445757815453015726e-08
2.326375979605661356e-08
2.185604265816121058e-08
2.027232783683661228e-08
1.852015061971773399e-08
1.670021780963027220e-08
1.483543737512012006e-08
1.300812340549675848e-08
1.125612791468996775e-08
9.633849325735543034e-09
8.158583714641080409e-09
6.847373211076918570e-09
5.698464327661726094e-09
4.701028053357897560e-09
3.843904687893416589e-09
3.116775515228660889e-09
2.510147706963008445e-09
2.013172236371592135e-09
1.612303068959735523e-09
1.292434834086603989e-09
1.038945301975278937e-09
8.391644146676755841e-10
6.821660459624817113e-10
5.586083093008141270e-10
4.608260223891767338e-10
3.826903933931127906e-10
3.195047602245352723e-10
2.677103617048682011e-10
2.246294003164920397e-10
1.883556456351336723e-10
1.575207221398525692e-10
1.311446233232627379e-10
1.085313124628049745e-10
8.916512188571168834e-11
7.264971977660596451e-11
5.865883538624946715e-11
4.690850940226086079e-11
3.713924806374655693e-11
2.910728403353079953e-11
2.258161726886219233e-11
1.734440579701953134e-11
1.319298668649783758e-11
9.942313007616697646e-12
7.427089197593809504e-12
5.502940905983040275e-12
4.046656815235124620e-12
2.955392515539835263e-12
2.145070514669654115e-12
1.548320627217511650e-12
1.112092607702017065e-12
7.953130459842909801e-13
5.666117744953512252e-13
4.023348778538140586e-13
2.848576787201649149e-13
2.011879819574487381e-13
1.418010758286164668e-13
9.976637697701667281e-14
7.011678047842141451e-14
4.923655493804004553e-14
3.456879970598744444e-14
2.428878345463520428e-14
1.710201788617072298e-14
1.209700708874111471e-14
8.625663524392345948e-15
6.219962969198735499e-15
4.564477995672840701e-15
3.439373795657209311e-15
2.686823153440032261e-15
2.198424549075091260e-15
1.887577817164497255e-15
1.703054088082016831e-15
1.612570245122813461e-15
