# bin_4_4
1.662948902314725639e-08
1.692079177618364003e-08
1.725185968803652105e-08
1.763138397491824353e-08
1.806251398972550849e-08
1.854900428083653726e-08
1.909727952356592596e-08
1.970977416884937402e-08
2.040099277966825411e-08
2.117041557827492883e-08
2.201399750500210872e-08
2.293892865954582215e-08
2.394287662726155533e-08
2.503362147520183444e-08
2.620605988563396133e-08
2.745426277470752995e-08
2.877138787908832114e-08
3.014073508799124826e-08
3.153168493333180645e-08
3.290512887860435033e-08
3.421536836062467153e-08
3.543554617980014165e-08
3.656100180297181132e-08
3.756528865249541141e-08
3.836103029787242852e-08
3.885665539526368405e-08
3.905891771241616078e-08
3.895387991505406415e-08
3.847499964106460590e-08
3.758469004193526036e-08
3.630808708331512142e-08
3.465968245000845993e-08
3.263033082230347725e-08
3.031747712390501444e-08
2.775098566185561017e-08
2.503822321535807776e-08
2.225572558494123265e-08
1.951098824235085792e-08
1.688010997120474597e-08
1.443830238921792448e-08
1.223079014463472514e-08
1.027456033894430330e-08
8.565189349082834618e-09
7.083688446810762850e-09
5.807697760647732943e-09
4.720111442076733246e-09
3.809647465877644989e-09
3.064234412685854906e-09
2.464404252321745019e-09
1.985276101457457902e-09
1.604101223404331221e-09
1.302760892264980154e-09
1.064947894470663096e-09
8.763361934509599622e-10
7.259766024357316046e-10
6.049772439513117354e-10
5.062627792724878728e-10
4.247175931774571842e-10
3.564715017302544496e-10
2.987404284910479209e-10
2.495264092861414758e-10
2.073979156689987550e-10
1.713040182816163006e-10
1.404508329814166893e-10
1.142100700168613149e-10
9.205080309497315525e-11
7.350001671404016768e-11
5.812403535000974535e-11
4.551654613972595772e-11
3.529631715838076654e-11
2.710781687010602601e-11
2.062414879204664189e-11
1.555008924195808425e-11
1.162425938352609796e-11
8.619928887301290628e-12
6.344553640487035364e-12
4.637927038116360745e-12
3.369295691973864228e-12
2.433967000116272456e-12
1.749475877061530355e-12
1.251860474993474392e-12
8.922418310622168639e-13
6.337094709618196960e-13
4.487100004658632475e-13
3.168541999207575807e-13
2.232389167742292487e-13
1.569727884478896649e-13
1.101933092320148336e-13
7.727112691320176155e-14
5.415371895373404086e-14
3.797502502747450344e-14
2.665794095752327502e-14
1.876857443943898065e-14
1.329415133535282340e-14
9.525711353396209175e-15
6.941538395611520120e-15
5.173238872680011186e-15
3.975280397554382204e-15
3.175987650137036767e-15
2.692633618368028494e-15
