# bin_4_1
1.158507391532978384e-08
1.175473898476458338e-08
1.194509720266561431e-08
1.216133807749318390e-08
1.240359764021362424e-08
1.267220871129261474e-08
1.296948126341213036e-08
1.329428405654399806e-08
1.365486133615521189e-08
1.404651657576284183e-08
1.446073722695689818e-08
1.489793952954167631e-08
1.535199660301470904e-08
1.582482533324823685e-08
1.630685920553321277e-08
1.678975896762384583e-08
1.726492302299816678e-08
1.771621064630424613e-08
1.811794863323555189e-08
1.843862562029339101e-08
1.864539768525376048e-08
1.872778628476358165e-08
1.870227002661301190e-08
1.857037518810040538e-08
1.828126895296416095e-08
1.778481695577410166e-08
1.712832697240085872e-08
1.634129549440071230e-08
1.540431169634282467e-08
1.432238046388259586e-08
1.315098622743786250e-08
1.192750954665391314e-08
1.065228818646607042e-08
9.406132358313285913e-09
8.189340489311647677e-09
7.052008069819750537e-09
6.000983374498309512e-09
5.059696080141527835e-09
4.222959487343429709e-09
3.493841371770061568e-09
2.866345239280385566e-09
2.331853305941442075e-09
1.883326937238876457e-09
1.513222258737163427e-09
1.212802894156787968e-09
9.722435102461700536e-10
7.811218999829711150e-10
6.301443814886954853e-10
5.113861872041118635e-10
4.180974252800113801e-10
3.446540142207722798e-10
2.862741200460431839e-10
2.393084531966376635e-10
2.009615402592007999e-10
1.692131529431531828e-10
1.425556957870369942e-10
1.198830246767731643e-10
1.004461697233596663e-10
8.371789083464889635e-11
6.930454454411272017e-11
5.692575879945758771e-11
4.635238610985371587e-11
3.739280620689233777e-11
2.987261204531343037e-11
2.362815490716089736e-11
1.850268045555104948e-11
1.434605717040981196e-11
1.101604808953668165e-11
8.380528982953589027e-12
6.319262198296115711e-12
4.725388255292150221e-12
3.506247130365662832e-12
2.583086030253950934e-12
1.890574011878114049e-12
1.375542900880199811e-12
9.954495573400466464e-13
7.169353354899396075e-13
5.141201685098516876e-13
3.672876459789040422e-13
2.615096877243303166e-13
1.856443108866011234e-13
1.314475858818821055e-13
9.287638511389951633e-14
6.551494734678499799e-14
4.614329055592007483e-14
3.249971416496506663e-14
2.286965043120683363e-14
1.612062658753063584e-14
1.140134964101348494e-14
8.107695676045862691e-15
5.825659456025257456e-15
4.253105223346191246e-15
3.174869510656502613e-15
2.446489984062905469e-15
1.973841546891217758e-15
1.671282110910789838e-15
1.490606082911867526e-15
1.385081848977224559e-15
1.332889920496480719e-15
1.311278920216117002e-15
