# bin_2_2
3.720678663158963953e-07
3.283395170946179036e-07
2.803158372050949971e-07
2.304395740952633412e-07
1.811618945974555667e-07
1.348260716511714660e-07
9.340132330889222719e-08
5.828890126059506446e-08
3.026250419148652000e-08
9.494027710507577127e-09
-4.390688440974518377e-09
-1.221027987698401514e-08
-1.510795418506238602e-08
-1.440318887155163150e-08
-1.142987428602253370e-08
-7.394455831551926442e-09
-3.272267614725304627e-09
2.625485973392271038e-10
2.847486755855061331e-09
4.354491187535186288e-09
