# bin_2_3
2.048873192673581869e-07
1.700995614589669368e-07
1.358006349296963570e-07
1.036585421614195402e-07
7.489135645354637214e-08
5.036133962123298435e-08
3.057159089943219115e-08
1.564271069117865009e-08
5.347500708031074033e-09
-8.307082868978272903e-10
-3.629479298383183207e-09
-3.922873021192217413e-09
-2.605227630750381543e-09
-4.973212579868068155e-10
1.727936447712131167e-09
3.599214997606207926e-09
4.857122170868953878e-09
5.432122262264706563e-09
5.293479027491909621e-09
4.735317913415792850e-09
