# bin_1_4
9.928981553225720181e-08
7.942154438921758997e-08
6.117684668002607132e-08
4.517526876906280867e-08
3.175052098750849451e-08
2.104973755301255021e-08
1.305494605278282942e-08
7.574869355091451066e-09
4.276353049803516236e-09
2.721352544339237354e-09
2.412909588458060197e-09
2.861813930329496640e-09
3.634187280442450763e-09
4.386765140414279763e-09
4.896620993347323720e-09
5.062591446299321363e-09
4.877089588002143125e-09
4.308656914902905847e-09
3.603279598578163657e-09
3.035733856014281556e-09
