# bin_4_2
1.279912183068370232e-06
1.105780602136568399e-06
9.211600781088930630e-07
7.360095943556657404e-07
5.593703441921952591e-07
3.990218579332904369e-07
2.608549414162189009e-07
1.484376751075637423e-07
6.304089701331791103e-08
3.852645151335788363e-09
-3.170634826512766978e-08
-4.756578118204660758e-08
-4.851195877817246189e-08
-3.958351226607212243e-08
-2.550095417222524684e-08
-1.022099719582927770e-08
3.370851776196225945e-09
1.355993049902000572e-08
1.968113607781777351e-08
2.182007574298796646e-08
