# bin_3_3
5.099736552443289071e-07
4.244646522592351393e-07
3.392040459187301857e-07
2.586343752811438097e-07
1.860772148529758773e-07
1.239116817993823269e-07
7.356661962872177957e-08
3.547464648632861675e-08
9.163872605631967683e-09
-6.594547462967811539e-09
-1.360785001388943814e-08
-1.406616043450870282e-08
-1.026437288104240163e-08
-4.321995087693929652e-09
1.983549174032075005e-09
7.383839787433444372e-09
1.115475762219361329e-08
1.309282498258681643e-08
1.319842075588120560e-08
1.185884473095323316e-08
