# bin_4_4
7.993136697114897261e-07
6.460618547051265049e-07
5.010196631643038686e-07
3.703433331669926910e-07
2.579569502976256879e-07
1.661560085401533323e-07
9.573294152169275256e-08
4.594682269734324392e-08
1.475313484600449162e-08
-8.998903609546591048e-10
-4.747166357642214488e-09
-7.493536982513064186e-10
7.382839467100780376e-09
1.649030372914323061e-08
2.427769832591546489e-08
2.940304840591652930e-08
3.145083985609711282e-08
3.037065722356533442e-08
2.657436989585205059e-08
2.267735235551540622e-08
