# bin_4_1
9.738803233313516556e-07
8.781373431771487325e-07
7.688214703124587119e-07
6.509399774114360369e-07
5.300050623496339720e-07
4.118042392435141831e-07
3.017593127932484356e-07
2.043023317982515339e-07
1.225109223738682587e-07
5.800277396068606498e-08
1.094204353647037363e-08
-1.978373600029004813e-08
-3.632684981764399415e-08
-4.155372930943007484e-08
-3.866104740895746254e-08
-3.080440761833228774e-08
-2.077444185684733229e-08
-1.075334253196626116e-08
-2.215427862975185908e-09
3.993991943112076117e-09
