# bin_1_2
1.380230246094608773e-07
1.223259248472061872e-07
1.051460857115638955e-07
8.729380791613650439e-08
6.957948118846059727e-08
5.280217164300832326e-08
3.765367108072727432e-08
2.464896847721715574e-08
1.409156512381914556e-08
6.077478060050457633e-09
5.084465167465215763e-10
-2.873511613037092335e-09
-4.445354348244510878e-09
-4.651377829951824764e-09
-3.950175724022897020e-09
-2.764686285398262017e-09
-1.449202477223544084e-09
-2.569311637395456258e-10
6.735784989247925915e-10
1.271089237068583504e-09
