# bin_3_2
8.745297613381244516e-07
7.636453738598015815e-07
6.435874878669802531e-07
5.208454160600384925e-07
4.016271797821120685e-07
2.915255632227067355e-07
1.949856864866960745e-07
1.149238193071876247e-07
5.270071782539620100e-08
8.229073331628444152e-09
-1.984233240032717310e-08
-3.386759853115055843e-08
-3.689629927681616503e-08
-3.228173498197792057e-08
-2.327617043006094866e-08
-1.271357972801311557e-08
-2.765180522413333764e-09
5.182038916762682440e-09
1.048552037591118175e-08
1.300286416229143695e-08
