# bin_3_1
7.940133000286100273e-07
7.205933126222811385e-07
6.355013094002684665e-07
5.424885575953081912e-07
4.458139705684493642e-07
3.501386812688286338e-07
2.599792647326510537e-07
1.791364100697515768e-07
1.103769551259866667e-07
5.530426696554690759e-08
1.432974895325953844e-08
-1.320755456790138389e-08
-2.886103365217155868e-08
-3.482686713550654955e-08
-3.363815370277048351e-08
-2.786919276128566914e-08
-1.985855733455042314e-08
-1.149355104014239621e-08
-4.104391285389342298e-09
1.518137388749233273e-09
