# bin_2_4
1.563270357651213296e-07
1.275810399419917648e-07
1.003087585816941565e-07
7.559713540656248575e-08
5.415721798391474159e-08
3.642877704818468670e-08
2.259254786346341483e-08
1.254971427955376431e-08
5.959413225128192723e-09
2.288419646207432039e-09
8.723387182445873865e-10
1.004562939474860003e-09
2.014233221059542527e-09
3.324034179350174103e-09
4.507888831570808736e-09
5.310675240652003198e-09
5.626869665866099549e-09
5.392906058570810125e-09
4.774859866571818019e-09
4.172072740126749973e-09
