# bin_3_4
2.620897887275512324e-07
2.184865608944276517e-07
1.752224887382508904e-07
1.344162306211338043e-07
9.767020004761807271e-08
6.614583059678687757e-08
4.054649008363803359e-08
2.108091728524110312e-08
7.509194407684185657e-09
-7.871349881440755894e-10
-4.715087532151568385e-09
-5.360388098364431645e-09
-3.851218027627681134e-09
-1.236908728488707676e-09
1.612971223331918787e-09
4.075808673400229596e-09
5.796181762906821983e-09
6.629024980499672699e-09
6.591028928502277549e-09
6.023073448540299012e-09
