# bin_1_3
9.371887514817134459e-08
7.713181691506266277e-08
6.106901600745547241e-08
4.626005993019085776e-08
3.320488044486752726e-08
2.223616723309452529e-08
1.352446023131337901e-08
7.070333543007816867e-09
2.722280485591645298e-09
2.053978326612824565e-10
-8.467391992150361707e-10
-8.500802112214377740e-10
-2.136600524353253748e-10
6.976094763407464195e-10
1.597374969023700693e-09
2.296676969092744912e-09
2.703127793803944140e-09
2.804751773965302111e-09
2.590838962939879760e-09
2.256582232036300174e-09
