# bin_2_1
4.409278223746691479e-07
4.055374525888891072e-07
3.633113371782236944e-07
3.158481774666541317e-07
2.651464121669318997e-07
2.135810971465600128e-07
1.636261887199595351e-07
1.175456612823138582e-07
7.713814327956194197e-08
4.362190543830677196e-08
1.756931481025911197e-08
-1.055232927211117663e-09
-1.282278231324310056e-08
-1.872683196340368236e-08
-2.003379049097279962e-08
-1.811986818459326194e-08
-1.431691366199454557e-08
-9.763741659991364219e-09
-5.347231659859408973e-09
-1.656339624095555729e-09
