# bin_1_1
1.999809885356284893e-07
1.861077064941903155e-07
1.691356935087416048e-07
1.495985855159568768e-07
1.282109786122859802e-07
1.058998786110777944e-07
8.370032311905321585e-08
6.263839213121837440e-08
4.359728288700674197e-08
2.724929203970692111e-08
1.400006373895150665e-08
3.987420610662853219e-09
-2.901139418071495894e-09
-6.989705048968897366e-09
-8.756423691928545479e-09
-8.769305635900719326e-09
-7.618178081545906245e-09
-5.830519093442652217e-09
-3.861093644064710971e-09
-2.047054581497282946e-09
