# bin_4_3
1.249172868842311462e-06
1.022690723570933965e-06
8.025416066977941999e-07
5.994757451312721492e-07
4.209286345879493576e-07
2.717651425083550397e-07
1.544106679357675383e-07
6.881073877120751974e-08
1.273714013047208819e-08
-1.778182207686502010e-08
-2.798166056455923129e-08
-2.381798808817659774e-08
-1.116831119824789854e-08
4.760557019243675172e-09
1.986292689996847328e-08
3.145845338204513007e-08
3.829047707902260600e-08
4.034349094864248693e-08
3.764834714787717133e-08
3.233086990364148399e-08
