# bin_3_3
1.565001548726662764e-08
1.590385774471698419e-08
1.619287727382524635e-08
1.651915174396471335e-08
1.689066658796443120e-08
1.730956612587371306e-08
1.778004126751620308e-08
1.830339415536265253e-08
1.889076020808311949e-08
1.954024317642024358e-08
2.025497730800924851e-08
2.103168591560454070e-08
2.187636947649581887e-08
2.278632603999396197e-08
2.375575212860829939e-08
2.477558168999932714e-08
2.583324177940777020e-08
2.690030848653145822e-08
2.794717192692412237e-08
2.893820108949036959e-08
2.985771196023588867e-08
3.070052011442806042e-08
3.143500320842254914e-08
3.198424285411672493e-08
3.228610535651318876e-08
3.235442509143467173e-08
3.216418224517462739e-08
3.166467894422012052e-08
3.082994983300693438e-08
2.969120388844788487e-08
2.824652839641930053e-08
2.650711470622193235e-08
2.454723987586066289e-08
2.239617246038707939e-08
2.014640775153144283e-08
1.785790804035562807e-08
1.562069156758803183e-08
1.349601033380922962e-08
1.153865819932744280e-08
9.781736350486543343e-09
8.233226138662371486e-09
6.883603335050254695e-09
5.713897624174232165e-09
4.705152076801080598e-09
3.844839939896061729e-09
3.125531283809969887e-09
2.537685637282404150e-09
2.064280974960581670e-09
1.683806422529239528e-09
1.377894921884158701e-09
1.133113537647840253e-09
9.372776541871952599e-10
7.794332743277023144e-10
6.512486330103251068e-10
5.461110385602900446e-10
4.588540078879247924e-10
3.856520518464444427e-10
3.236465808892367668e-10
2.707651804894790824e-10
2.254785771477089236e-10
1.866600718093383014e-10
1.534446997367077788e-10
1.251472994882361708e-10
1.011947319121885802e-10
8.108321087260431601e-11
6.435396875507143259e-11
5.058157577194320314e-11
3.936847794053335482e-11
3.034382666716188376e-11
2.316572684873758292e-11
1.752340277135434223e-11
1.313951829730988664e-11
9.771514537661960617e-12
7.211502598951999327e-12
5.285051468113180205e-12
3.848715646820471303e-12
2.786787888341821139e-12
2.007625884828231307e-12
1.439801991018501714e-12
1.028455505864842687e-12
7.320340414653539807e-13
5.194238689887767444e-13
3.675466667607778770e-13
2.594424938896135661e-13
1.827514615629201984e-13
1.284894564230718214e-13
9.019997275190855446e-14
6.325879228868339880e-14
4.434798802818504502e-14
3.109994070434241040e-14
2.183428465453857260e-14
1.537447471480011672e-14
1.090599256702611259e-14
7.828597067129059046e-15
5.714202980900677895e-15
4.264970580455562690e-15
3.292467046076628463e-15
2.658652369504434314e-15
2.253813678623490537e-15
1.996333276290552816e-15
