# bin_4_3
1.618411993799268483e-08
1.645342737798447459e-08
1.676040054818486828e-08
1.710747856322857190e-08
1.750313343046155220e-08
1.794997395532216880e-08
1.845274095256001399e-08
1.901329387227136629e-08
1.964354064864988943e-08
2.034224006999945939e-08
2.111337929647349943e-08
2.195445703737606599e-08
2.287243385131904678e-08
2.386544518935092834e-08
2.492854560146570299e-08
2.605343615535327568e-08
2.722824351827146076e-08
2.842489258466431655e-08
2.961391101545223124e-08
3.075932579557904286e-08
3.184467719338528276e-08
3.286334462743872096e-08
3.378137265913927743e-08
3.451845847064693418e-08
3.500815854868129705e-08
3.525920668434442535e-08
3.524041167502000291e-08
3.489395165105619379e-08
3.418627659624991848e-08
3.314104736459994276e-08
3.174871765597801652e-08
3.001379058001713889e-08
2.800568153312903235e-08
2.575078962508006906e-08
2.334227958522934480e-08
2.084431242356925579e-08
1.835571402294843919e-08
1.595032539059997747e-08
1.369845155697578829e-08
1.164954321256625827e-08
9.825970131295620950e-09
8.227872608013884638e-09
6.839526304822243681e-09
5.639423526000777532e-09
4.609872163777759532e-09
3.740095168945662491e-09
3.021395763659196045e-09
2.439543532766011983e-09
1.973039169792672832e-09
1.599572671080333027e-09
1.301602120367117921e-09
1.064804073700562682e-09
8.762166132479293224e-10
7.251538015152694555e-10
6.031716926675375111e-10
5.036141692871426206e-10
4.214119873828080580e-10
3.527809191869625313e-10
2.949242614360898761e-10
2.458009214352197114e-10
2.039193406859509603e-10
1.681736471359056110e-10
1.377183861550504072e-10
1.118840903742362465e-10
9.011119078902556411e-11
7.190991425234214991e-11
5.683741264201314968e-11
4.448609030003208041e-11
3.447703496065668677e-11
2.645999048699307208e-11
2.011409100561492638e-11
1.515007143846902624e-11
1.131183726197705346e-11
8.377126325462242672e-12
6.156969285941368936e-12
4.493993479696130020e-12
3.259718959804393650e-12
2.351236881885556633e-12
1.687548489528535395e-12
1.205900594479711716e-12
8.584064611830864113e-13
6.089948167878687877e-13
4.307796501806662201e-13
3.039356507454367287e-13
2.139757300943424751e-13
1.503598040552341094e-13
1.054924682461083181e-13
7.393742141390498183e-14
5.180077853016730266e-14
3.629965992771975996e-14
2.546744494733211524e-14
1.790778374266747417e-14
1.267286850510051493e-14
9.062907335018169899e-15
6.583651950416910666e-15
4.878649683374579480e-15
3.729546578412835380e-15
2.969115866148627203e-15
2.482902364685449744e-15
2.179973134436747031e-15
