# bin_2_2
1.231273806144907388e-08
1.250131882545360273e-08
1.271524396705312991e-08
1.295613733935581700e-08
1.322629387127120652e-08
1.352398606887184168e-08
1.385639014232058217e-08
1.422567469261831135e-08
1.463275790378413953e-08
1.507328629715063310e-08
1.554972300447701050e-08
1.604918226610478269e-08
1.657089358632953917e-08
1.711191638734738029e-08
1.766561575340985018e-08
1.822396695935109831e-08
1.877588357549040829e-08
1.931051889057826112e-08
1.980801362371709007e-08
2.023836511058930271e-08
2.056101750659989732e-08
2.073864278710418799e-08
2.076424556174224689e-08
2.066228900739161925e-08
2.042945856129661728e-08
1.999880761545215156e-08
1.932966122851711075e-08
1.849176544985415806e-08
1.750321853945860282e-08
1.635582873714701471e-08
1.505618496554941512e-08
1.369077511676937738e-08
1.228188434555644771e-08
1.085328544539736240e-08
9.487236842115548737e-09
8.183610351422897622e-09
6.997056317081950791e-09
5.921838818265052783e-09
4.978128780236935957e-09
4.152355040031225811e-09
3.437795023410705965e-09
2.826580792233892624e-09
2.309331942837005629e-09
1.878745323026390598e-09
1.526522675876896486e-09
1.241791311941775627e-09
1.013008273129220480e-09
8.298513593733761954e-10
6.836222889744355536e-10
5.669523645824725008e-10
4.734701412210549892e-10
3.977369534117621402e-10
3.353373488977903486e-10
2.830829477728282755e-10
2.391633696263758021e-10
2.021544247210817896e-10
1.703131688669341093e-10
1.426944041620375829e-10
1.190282898848812320e-10
9.851528948686041457e-11
8.095050128533008511e-11
6.593201095529145947e-11
5.322477819433143172e-11
4.256605883203096756e-11
3.372065017304573310e-11
2.645932942881052843e-11
2.056778207237056067e-11
1.584344058190204039e-11
1.209819667572216663e-11
9.162822552018239699e-12
6.886859885785127298e-12
5.139676536306251338e-12
3.811361251505378992e-12
2.809881603051246584e-12
2.060782372905407222e-12
1.504367411453828673e-12
1.093586394430151406e-12
7.920096719897898763e-13
5.716806516917071526e-13
4.113991647076987230e-13
2.952636745987637826e-13
2.113757601074857542e-13
1.509710300555032595e-13
1.076161660473766847e-13
7.657058467592729202e-14
5.439449313874199199e-14
3.859743883313860904e-14
2.736825462613587973e-14
1.940881820954796932e-14
1.379418200335028603e-14
9.845881288523314237e-15
7.080619540500669853e-15
5.152584770531509756e-15
3.821298338297726020e-15
2.913785632572158644e-15
2.304709407951248989e-15
1.904283845979215754e-15
1.646956519720127020e-15
1.491318955365617046e-15
1.406610519299748387e-15
