# bin_4_1
1.160387135283926807e-08
1.177353615012847963e-08
1.196389404285570782e-08
1.218013452469091651e-08
1.242239361257941540e-08
1.269100410751619709e-08
1.298827595785320279e-08
1.331307788921271101e-08
1.367365411087672804e-08
1.406530804186886121e-08
1.447952706780002539e-08
1.491672734692272147e-08
1.537078189250792485e-08
1.584360743966667539e-08
1.632563730893168311e-08
1.680853201440871687e-08
1.728368966515336545e-08
1.773496917170292856e-08
1.813669686606032936e-08
1.845736079864660378e-08
1.866411632001950782e-08
1.874648398115720947e-08
1.872094126769050609e-08
1.858901307550244175e-08
1.829986497077339788e-08
1.780336054170594168e-08
1.714680515405360310e-08
1.635969251167477274e-08
1.542260831044699111e-08
1.434055377561537319e-08
1.316900890854059005e-08
1.194534979008937646e-08
1.066990917898159517e-08
9.423492415601973866e-09
8.206392768507063861e-09
7.068701145427849489e-09
6.017261587110452372e-09
5.075500639550701192e-09
4.238229846762879243e-09
3.508516403465151288e-09
2.880364655887541557e-09
2.345158537936503566e-09
1.895864353694968903e-09
1.524947586062226349e-09
1.223684271012477604e-09
9.822626917196421813e-10
7.902727151815593189e-10
6.384303619080964872e-10
5.188215632435635662e-10
4.247101286597303011e-10
3.504845639124224455e-10
2.913697821745991523e-10
2.437219829006092609e-10
2.047507539079460936e-10
1.724383233375630206e-10
1.452762735782076769e-10
1.221587076620189893e-10
1.023340984561423874e-10
8.527089006733627908e-11
7.057201145740620477e-11
5.795197971722653370e-11
4.717696926944508945e-11
3.805043928833252575e-11
3.039330353117755058e-11
2.403754137732824379e-11
1.882237073844123291e-11
1.459406858291593289e-11
1.120723510173175210e-11
8.527010057258810033e-12
6.430828937465111160e-12
4.809880762151885537e-12
3.569884490367103623e-12
2.630763667885122780e-12
1.926113057679899734e-12
1.401904300062896395e-12
1.014911468850706012e-12
7.312384541259650169e-13
5.245860227508850262e-13
3.749135587943834294e-13
2.670436707822772859e-13
1.896444949288064696e-13
1.343280976755040945e-13
9.494298571540005361e-14
6.699231312717527722e-14
4.719574166562519998e-14
3.324690290804727363e-14
2.339834839377160942e-14
1.649349173426261799e-14
1.166346459518074180e-14
8.291371873588003792e-15
5.953973176173216236e-15
4.342478716947945026e-15
3.236945634912298259e-15
2.489491159920406240e-15
2.003553612879108926e-15
1.691765430508605753e-15
1.504706783191169689e-15
1.394786768367411454e-15
1.339580962732781208e-15
1.315917701589069094e-15
