# bin_3_2
1.371967657616349950e-08
1.393147163033504630e-08
1.417175913810361542e-08
1.444168562822405787e-08
1.474792329701666011e-08
1.509144178026532461e-08
1.547502887435082878e-08
1.589864306343662773e-08
1.637137907622039528e-08
1.688985557941586324e-08
1.745512567953307192e-08
1.806226596808703973e-08
1.871504536741931484e-08
1.940912550641988498e-08
2.013715279782394522e-08
2.088892917138083780e-08
2.165106739587558624e-08
2.239563416493020558e-08
2.309420821364633777e-08
2.371392925072174940e-08
2.424310496275886751e-08
2.468232343002725457e-08
2.500810236166287279e-08
2.515444270641121086e-08
2.507208504469600468e-08
2.478856325084384837e-08
2.429459125134998496e-08
2.355669128310028283e-08
2.256589592268695356e-08
2.136811524108252416e-08
1.997471436248934460e-08
1.840575590990946107e-08
1.673732886686861750e-08
1.499448086160957954e-08
1.325513167015758918e-08
1.155710387121070063e-08
9.959756332569597626e-09
8.490476854307982331e-09
7.170855876162447789e-09
6.007527419944287235e-09
4.993490950423991878e-09
4.117080737735334168e-09
3.366686010158941817e-09
2.732651662317765474e-09
2.206434032484068629e-09
1.777645227191903808e-09
1.432991698092177768e-09
1.158027444401954490e-09
9.395105820764045873e-10
7.664372809322173237e-10
6.293888530490516174e-10
5.203112054744948153e-10
4.327808197465965916e-10
3.617816567462008613e-10
3.034576765481310592e-10
2.549363038882767338e-10
2.140670006555388686e-10
1.793117412726693251e-10
1.495894364927364543e-10
1.240863418896789246e-10
1.022233671782191216e-10
8.354336433833504897e-11
6.768051635634523946e-11
5.431713255000879552e-11
4.316667884121079739e-11
3.396174072794880261e-11
2.645009563228931190e-11
2.039369563466546342e-11
1.557024206072483293e-11
1.177567807478817135e-11
8.826265341289437017e-12
6.560215319122106486e-12
4.838246122840643489e-12
3.543068983420070962e-12
2.578052605834071935e-12
1.865171264991220558e-12
1.342573330894413016e-12
9.620933784009534142e-13
6.867438943444452754e-13
4.885123898320082124e-13
3.464636688050463529e-13
2.450869635258303108e-13
1.729856619834911117e-13
1.218620418702569644e-13
8.572394757409943304e-14
6.023220960175212227e-14
4.229659068889738736e-14
2.970376877426989316e-14
2.087879967952074179e-14
1.471784461781264580e-14
1.042730676798855932e-14
7.451526342730563613e-15
5.395393275762454277e-15
3.986699907724178781e-15
3.034562323191902135e-15
2.398295238499910790e-15
1.988187216772513042e-15
1.731543481097613268e-15
1.582398736582493893e-15
1.508264688619451135e-15
