# bin_4_4
1.701732071205642620e-08
1.730862298743629309e-08
1.763969032430405864e-08
1.801921391574398447e-08
1.845034308739777925e-08
1.893683235063140161e-08
1.948510633382932586e-08
2.009759942798784832e-08
2.078881611825752818e-08
2.155823652410673088e-08
2.240181545335234060e-08
2.332674283036748618e-08
2.433068600744005662e-08
2.542142474563887422e-08
2.659385531857568562e-08
2.784204809669555164e-08
2.915916008846259698e-08
3.052849020732489068e-08
3.191941767707934663e-08
3.329283219482539154e-08
3.460303282859176862e-08
3.582315919752761044e-08
3.694854647054324958e-08
3.795274229605010473e-08
3.874836249277896011e-08
3.924382529357517845e-08
3.944587053739571191e-08
3.934054234761838511e-08
3.886127373154781749e-08
3.797044541604410921e-08
3.669315113967989032e-08
3.504382800275810878e-08
3.301326111145159567e-08
3.069880934449324070e-08
2.813023051651463458e-08
2.541476719878524375e-08
2.262881205990429419e-08
1.987970553136946196e-08
1.724338764579668133e-08
1.479491856923588412e-08
1.257939021588681594e-08
1.061368658062184589e-08
8.893298331380610034e-09
7.399167816080098618e-09
6.108859022019224507e-09
5.005221087149689781e-09
4.077043173183688386e-09
3.312569087195136161e-09
2.692880309661829381e-09
2.193587682676256510e-09
1.792089124435264039e-09
1.470429593138367386e-09
1.212911443466986199e-09
1.005637605296816428e-09
8.377400187985707530e-10
7.005864390302571039e-10
5.872287732807819937e-10
4.925994608924144624e-10
4.128355707902240000e-10
3.451021853914278537e-10
2.873143714076690218e-10
2.379272796389785269e-10
1.957610512316421308e-10
1.598844850364627343e-10
1.295315748530779394e-10
1.040397831365356930e-10
8.281384887157293492e-11
6.530984778311959719e-11
5.102398295446250585e-11
3.949074460525228755e-11
3.028296587313040844e-11
2.301381006335629844e-11
1.733862493188913042e-11
1.295579817518447899e-11
9.606210010544173979e-12
7.071554645807462078e-12
5.171316104316527716e-12
3.758889391150856146e-12
2.717313342589508385e-12
1.954702449019333704e-12
1.399916743942999952e-12
9.986465105342452570e-13
7.098978475239057254e-13
5.030678348345362493e-13
3.555017708530656725e-13
2.506232873990497106e-13
1.763115919283779670e-13
1.238051940383931145e-13
8.682050374343909622e-14
6.083100572405834855e-14
4.262854384081912236e-14
2.989020033538926378e-14
2.100611022247236584e-14
1.483805108847659480e-14
1.058790625828738021e-14
7.670666422620277538e-15
5.672878533539547354e-15
4.317135638007282699e-15
3.409522708539542894e-15
2.851905379786995204e-15
