# bin_4_2
1.402935232828753139e-08
1.425478950894673752e-08
1.450952152866634471e-08
1.480037910755100781e-08
1.512878744797176497e-08
1.549652432260154090e-08
1.590766823101501731e-08
1.636242839263837589e-08
1.687190983639806272e-08
1.743287530110070901e-08
1.803838503031220834e-08
1.869164970342672015e-08
1.938743831309548596e-08
2.012965179699806604e-08
2.090982901736996739e-08
2.171943892379615989e-08
2.254931350338817940e-08
2.338145084030236115e-08
2.418595409414367632e-08
2.492584568863986189e-08
2.556032673097575185e-08
2.606968041220436028e-08
2.645945275526372093e-08
2.671751489082980688e-08
2.677582944008704809e-08
2.656595204503625116e-08
2.611932648980407616e-08
2.544970772405099501e-08
2.452144203964091722e-08
2.332746082293684391e-08
2.191953178683367360e-08
2.033554281438389075e-08
1.858301332524485512e-08
1.676263172601858832e-08
1.489728518225591963e-08
1.306926528908427281e-08
1.131640082718046565e-08
9.693067277720228803e-09
8.216539585731409592e-09
6.903840982292283158e-09
5.753202133774565469e-09
4.753782180252199396e-09
3.894415291153738477e-09
3.164786786454211885e-09
2.555420939716385308e-09
2.055500312348066858e-09
1.651521745669718427e-09
1.328430195060515161e-09
1.071663424598916308e-09
8.686180282875337392e-10
7.084204630848928585e-10
5.817660786022550778e-10
4.810424008077786419e-10
4.001669923520308997e-10
3.344627046648356233e-10
2.803852728737932854e-10
2.352678858380553422e-10
1.972008358399316005e-10
1.648077061529870588e-10
1.370947621904524271e-10
1.133480890014438472e-10
9.303204269016404120e-11
7.572923932625391468e-11
6.109238643245397927e-11
4.881731957405492716e-11
3.862578120056435136e-11
3.025702216538678308e-11
2.346501739362121632e-11
1.801888415245042889e-11
1.370483596431886322e-11
1.032849434935563421e-11
7.716836297466447110e-12
5.719176273899508232e-12
4.207207222951813780e-12
3.074014218677478673e-12
2.232301886865204280e-12
1.612179410073170997e-12
1.158638796489343004e-12
8.290991251110270566e-13
5.910375318521318113e-13
4.199253382942735698e-13
2.974783474343808040e-13
2.102101976303165528e-13
1.482281541226603554e-13
1.043290669891652727e-13
7.334499704618722164e-14
5.151301868414876984e-14
3.616882516227353711e-14
2.540968316610027023e-14
1.788469577959511760e-14
1.264173639312985776e-14
9.003565297495347441e-15
6.481314837671799622e-15
4.744698607773896274e-15
3.563323883994945234e-15
2.771884489801857043e-15
2.256693541435334534e-15
1.927430106082886941e-15
1.730270765868279941e-15
1.631139749447088339e-15
