# bin_2_1
1.045999813674247285e-08
1.060774141424071004e-08
1.077448511014990830e-08
1.096099663373307911e-08
1.116851847618931754e-08
1.139466890129190305e-08
1.164498967128149458e-08
1.192052730001421216e-08
1.222101358718249569e-08
1.254148928804983095e-08
1.288220096070990230e-08
1.323008155952949491e-08
1.358333860604623401e-08
1.393875336360083606e-08
1.428894638912942488e-08
1.462704165859985281e-08
1.494345827994618963e-08
1.522953242921253637e-08
1.546912644472864847e-08
1.563716735956775916e-08
1.570038020849692869e-08
1.562934946468276052e-08
1.542535662015225914e-08
1.512160283668801165e-08
1.472536804583658842e-08
1.418241127303652224e-08
1.346336448450485894e-08
1.264448391405475251e-08
1.174946030711299657e-08
1.077453494176944242e-08
9.725515169253388771e-09
8.679299298373383020e-09
7.647746207685454404e-09
6.639201976013251785e-09
5.713863217578137411e-09
4.854152600007188856e-09
4.094373983295570841e-09
3.417508968119957312e-09
2.834788397675412578e-09
2.332129730965328178e-09
1.904950082078628849e-09
1.547812391717932486e-09
1.252957904009353255e-09
1.013315911068667670e-09
8.211460624452304987e-10
6.682119536795578715e-10
5.468099025921025563e-10
4.505210755345805595e-10
3.739409320704145235e-10
3.125537776256889006e-10
2.628177793704842387e-10
2.219482619274612605e-10
1.878789219721699603e-10
1.590858024731450454e-10
1.344760923319494183e-10
1.132558559563889352e-10
9.487893248174479650e-11
7.896332642065064041e-11
6.520737325444888845e-11
5.338719645487950422e-11
4.330564216306322728e-11
3.478841985244462973e-11
2.766783722429538528e-11
2.178302034897688584e-11
1.697768727397128718e-11
1.310199357782024972e-11
1.001452996852061644e-11
7.584762928048790795e-12
5.695096208216955392e-12
4.241931822828323053e-12
3.136173583572570691e-12
2.303062124501267947e-12
1.680932251355476266e-12
1.220133205366009694e-12
8.813325841229861981e-13
6.338148109208436024e-13
4.540504475410587382e-13
3.241430177068489070e-13
2.306988760387579271e-13
1.637556001333831620e-13
1.159705314211784123e-13
8.195549107010932139e-14
5.781328154222990890e-14
4.074079552074539832e-14
2.868398667442101703e-14
2.020079429075276800e-14
1.422940794138928088e-14
1.005439010833442951e-14
7.144275070803392020e-15
5.124516206070144828e-15
3.731636648808251896e-15
2.781531205750148975e-15
2.138067643466984989e-15
1.712264602664198340e-15
1.443043875735461104e-15
1.276488886937100969e-15
1.181365655318994937e-15
1.129842827556117315e-15
1.106365684516245503e-15
1.097364719043754333e-15
