# bin_3_1
1.143248124163244254e-08
1.159259986575180583e-08
1.177314701528041099e-08
1.197425629284977554e-08
1.220093259155578749e-08
1.245289689125834135e-08
1.273139722983652137e-08
1.303510737171694959e-08
1.337073577294533049e-08
1.373368384891936304e-08
1.412283360643839838e-08
1.453202113658320324e-08
1.496299401540845025e-08
1.541061282187937104e-08
1.586685211207210869e-08
1.632171665695219035e-08
1.676253612874929281e-08
1.716415783418489785e-08
1.750181934223929353e-08
1.774839901153583036e-08
1.789905398267572547e-08
1.796301365556787049e-08
1.792796082408839366e-08
1.774198720563330532e-08
1.737103277609552027e-08
1.685662220919326085e-08
1.620467985978951037e-08
1.539728334997460786e-08
1.443829217659822881e-08
1.338049643585248180e-08
1.223934554882119789e-08
1.103236960665685623e-08
9.823666309618557401e-09
8.622020471835619447e-09
7.479480088809352599e-09
6.406707521619898204e-09
5.433204440595307559e-09
4.561600007699853379e-09
3.795161929242927978e-09
3.131446694805328252e-09
2.562843790542292518e-09
2.081417950554509832e-09
1.679652814421733040e-09
1.349788015039660516e-09
1.083259248053703792e-09
8.706067673911087849e-10
7.020998726841267708e-10
5.692565649298803728e-10
4.648124904591606667e-10
3.826036548450962638e-10
3.175085258711893796e-10
2.653356189501719543e-10
2.229484048339543164e-10
1.879689442753404917e-10
1.586949214987402663e-10
1.338954554358638416e-10
1.126380056939279326e-10
9.429601500778676189e-11
7.846597281711462853e-11
6.479940737515855024e-11
5.306720269114670675e-11
4.305999708776318705e-11
3.460312238439138119e-11
2.752956044456308152e-11
2.168034127065233912e-11
1.690120721367675292e-11
1.304457518524841860e-11
9.970839415416485375e-12
7.551003165290761422e-12
5.668578831109145033e-12
4.220780013402089049e-12
3.119165777433132295e-12
2.289253882389530336e-12
1.669731805765601971e-12
1.211079581325802021e-12
8.740630790203515974e-13
6.280468256103420808e-13
4.495463449035337551e-13
3.206900617426994435e-13
2.280788371288016489e-13
1.618085337592339902e-13
1.145411309777386121e-13
8.093013480835058160e-14
5.710085410421145562e-14
4.025227588836454396e-14
2.835166676015601465e-14
1.998769313486471174e-14
1.412137126481573857e-14
1.000126730235534362e-14
7.138416912437024351e-15
5.148178796515089595e-15
3.776050249182276498e-15
2.839927758831991234e-15
2.211654712113674201e-15
1.806964968805706767e-15
1.548478789196188692e-15
1.397586410532962269e-15
1.308816751283950235e-15
1.266303996740365757e-15
1.248406873049225746e-15
