# bin_1_1
8.907696916095687750e-09
9.033073220906100659e-09
9.174561563985949412e-09
9.332808859634489610e-09
9.508318326962342885e-09
9.698562513118481529e-09
9.905322081887315589e-09
1.013403334149158365e-08
1.038323568556925859e-08
1.065022492193467749e-08
1.092352972182155863e-08
1.119966286467233144e-08
1.147159046455203702e-08
1.173277550520410043e-08
1.197199840891258564e-08
1.217533296534263625e-08
1.233860151923272104e-08
1.245773808557745984e-08
1.252658168426261846e-08
1.254012698618514830e-08
1.248951235017224438e-08
1.235054313645528805e-08
1.209241811097904514e-08
1.168931771652021132e-08
1.116123232446872821e-08
1.057526144593157025e-08
9.954374826507930521e-09
9.235942264280768437e-09
8.409072641782806214e-09
7.579842285789710470e-09
6.762013984143293349e-09
5.957816353461078038e-09
5.155490790960437706e-09
4.437936286522131002e-09
3.778491720808608813e-09
3.176423451969715915e-09
2.663439874152692448e-09
2.205180976595126749e-09
1.822906684218421527e-09
1.491135380237704595e-09
1.218653006997342951e-09
9.931108069757375033e-10
8.088317023199414672e-10
6.615426574310729751e-10
5.439033037030565821e-10
4.499593509545198616e-10
3.747667921305074372e-10
3.143173154731923281e-10
2.652869150285883235e-10
2.250157358208299743e-10
1.914934266238818771e-10
1.631373716529980432e-10
1.388032173825541963e-10
1.177161340145607693e-10
9.940092193506890973e-11
8.347651704544525570e-11
6.959245271963433337e-11
5.754491855222097338e-11
4.718969458416381990e-11
3.833505366036216222e-11
3.085279754255164870e-11
2.459022477813989414e-11
1.941035700791769526e-11
1.517546706903999656e-11
1.175429929888456806e-11
9.022850063253372620e-12
6.867220257730847007e-12
5.184860144569093452e-12
3.885622238977049564e-12
2.892127216242075954e-12
2.139257653532213657e-12
1.573498219146570996e-12
1.151501764522767294e-12
8.388293385089321380e-13
6.085796373233703937e-13
4.398878387304717229e-13
3.169082909000058805e-13
2.276129226770359647e-13
1.630437499935606472e-13
1.164848766389904145e-13
8.303388467843505316e-14
5.909314290155629269e-14
4.198451745133972619e-14
2.979008301233329372e-14
2.110718761548808418e-14
1.498664897184952863e-14
1.062546687561080005e-14
7.567611147084446327e-15
5.436994832088280417e-15
3.947343075403532529e-15
2.917932526239325336e-15
2.219327919167961674e-15
1.748313400328278730e-15
1.439721990834204718e-15
1.246539465878867208e-15
1.127081618274981952e-15
1.058071014277007470e-15
1.018953335892335309e-15
9.974361193708114456e-16
9.857056906186966899e-16
