# bin_3_3
6.227866892233232147e-08
-4.956875716694116340e-09
-3.119386001581545142e-08
-2.850661813140428331e-08
-8.194051205180025252e-09
2.001434814292981009e-08
4.850056327065658842e-08
7.190132281823565991e-08
8.713268999228731888e-08
9.320248994917511851e-08
9.083217184888372806e-08
8.189057742504772659e-08
6.878740230453537835e-08
5.399059197124127846e-08
3.957766548123582770e-08
2.701074206144596032e-08
1.707132585435298498e-08
9.982769344117077474e-09
5.286316755677430441e-09
1.876252418433418804e-09
