# bin_4_4
2.112061211960860702e-07
1.337670776574978613e-07
1.099754031590468701e-07
1.204903052882227434e-07
1.482269950120196650e-07
1.794722629620087278e-07
2.045330512028311404e-07
2.176311959907543389e-07
2.166335556402789876e-07
2.024427083139264852e-07
1.780530562515353318e-07
1.475095077693975737e-07
1.150449212274846212e-07
8.426171679813074994e-08
5.770301578713614274e-08
3.672261910011273482e-08
2.167887677414910919e-08
1.176639403987597765e-08
4.421237525609885604e-09
-1.036495308569895382e-10
