# bin_1_3
2.304258160486889981e-08
1.121478475015403414e-08
6.278051551788162575e-09
6.075966567277123960e-09
8.634474710453467397e-09
1.229917178623516204e-08
1.582364484993617481e-08
1.837887589672097381e-08
1.954209736994365642e-08
1.924824743034668992e-08
1.770390002913402790e-08
1.527490027597339341e-08
1.238987400356898157e-08
9.450702775498553855e-09
6.769497635616206700e-09
4.543154227466999666e-09
2.852297189157929576e-09
1.689115050197911780e-09
8.567082887555557423e-10
2.491840209287387267e-10
