# bin_4_1
4.346706685653282666e-07
1.301009414786838941e-07
-7.468723354117581907e-08
-1.935032909404779153e-07
-2.430645694211517277e-07
-2.411607829786605980e-07
-2.049749545087294565e-07
-1.499986501825425282e-07
-8.912420604555217858e-08
-3.208977221578005341e-08
1.469075049022183399e-08
4.799558326376589883e-08
6.733758348663488064e-08
7.426726742637693199e-08
7.160094465888656356e-08
6.264234436454509008e-08
5.055343296570030590e-08
3.792170679226641668e-08
2.655564078051572197e-08
1.732016682705720603e-08
