# bin_2_4
5.610945071628134250e-08
3.699076902558214795e-08
2.857637320064025477e-08
2.730985250292662324e-08
3.000004288209019581e-08
3.404321958788322647e-08
3.755933445065583239e-08
3.937679330120932923e-08
3.899106640382988217e-08
3.645426439104953020e-08
3.220533450414969906e-08
2.689432647525081133e-08
2.122530408246047797e-08
1.580836796750667118e-08
1.108321795283007426e-08
7.302209669394317814e-09
4.540650458900925960e-09
2.593156530175135867e-09
1.100609863850850403e-09
2.408723862309870181e-10
