# bin_1_1
1.747882302469962140e-07
9.098907673884078644e-08
2.782350505804849061e-08
-1.609623482179377333e-08
-4.305168461889709596e-08
-5.594938205976055300e-08
-5.799412756055612808e-08
-5.242292067850132294e-08
-4.225004463599251654e-08
-3.006748890676394770e-08
-1.792618401057207987e-08
-7.272238814575409328e-09
1.050890570229702403e-09
6.735673443043452438e-09
9.905600795848841705e-09
1.097238107241156910e-08
1.048920562318442485e-08
9.055926158174862819e-09
7.205067830325603382e-09
5.327591258473697948e-09
