# bin_2_3
3.834791840344205814e-08
1.073631808341959125e-08
-8.905868045168038489e-10
-1.264231097386095229e-09
5.203558170337558434e-09
1.473668031440751977e-08
2.440645020228316230e-08
3.217733249499721760e-08
3.690672961528928950e-08
3.826138678314802657e-08
3.655376966580820350e-08
3.251199220923547920e-08
2.705870270875890019e-08
2.111436049638802365e-08
1.543875729542053675e-08
1.055339314469886815e-08
6.723960090221001359e-09
4.011036201066695168e-09
2.117784371367664487e-09
7.360437952126075691e-10
