# bin_4_2
2.097996959726440337e-07
-4.788171023842804035e-08
-1.858964463555346836e-07
-2.310680782636150562e-07
-2.107849320059715121e-07
-1.505250683672836120e-07
-7.211121028124868457e-08
7.101804386554654129e-09
7.478561753542602238e-08
1.237084274135597061e-07
1.513044680349010593e-07
1.588232331530156188e-07
1.501247016535914041e-07
1.304030367902287255e-07
1.050523413288032209e-07
7.874766206743507515e-08
5.491013091410589482e-08
3.552432771855267637e-08
2.120020160177904645e-08
1.117457593986786183e-08
