# bin_1_4
4.896768500722367662e-08
3.890262518485710296e-08
3.466446635608142277e-08
3.397865243234385161e-08
3.489546258447315255e-08
3.591722901292588174e-08
3.606515764499872090e-08
3.483919961265105506e-08
3.216354948874636958e-08
2.828622969776944931e-08
2.364436008905863766e-08
1.874372999507550157e-08
1.405695680269742030e-08
9.938447819871075165e-09
6.595851314108470001e-09
4.101248079506455042e-09
2.416167815568456123e-09
1.243032473925415623e-09
3.357706475531555146e-10
-8.397696592194294346e-11
