# bin_2_2
1.012552836371320915e-07
7.380949851882186399e-09
-4.967978953012105697e-08
-7.665937423768929538e-08
-8.094891411281773255e-08
-6.981815702003230007e-08
-4.983337592398068660e-08
-2.653558778408924823e-08
-4.200184948504558981e-09
1.427612438615478147e-08
2.733818967642456401e-08
3.461961499368789195e-08
3.667573757269871799e-08
3.465079238486307494e-08
2.995113854917062734e-08
2.395934813147914217e-08
1.781869951978806354e-08
1.232496348371199761e-08
7.918375506362915554e-09
4.670561664657261769e-09
