# bin_1_2
5.319969543232732885e-08
1.559611911995153623e-08
-8.532360804476864366e-09
-2.145646615921273323e-08
-2.572736983072004347e-08
-2.390092600398280813e-08
-1.832594154775615200e-08
-1.101941245270707021e-08
-3.573990752612747378e-09
2.890960695375943256e-09
7.721350613951080355e-09
1.068241170183421991e-08
1.187252352860247636e-08
1.161566592807967388e-08
1.035077856185580855e-08
8.533763626134283021e-09
6.553977435184026174e-09
4.692285484893617319e-09
3.133826334848877031e-09
1.941609445977213585e-09
