# bin_3_1
3.958030138305278301e-07
1.330649215756163125e-07
-4.741396165304290178e-08
-1.559643257768182774e-07
-2.056318256166892178e-07
-2.106391056051342554e-07
-1.850017582031375591e-07
-1.415972036459190186e-07
-9.135581602381426035e-08
-4.274317179459626678e-08
-1.555703279839827895e-09
2.903149761002855923e-08
4.815056997338291020e-08
5.671626445667121713e-08
5.682196588104116420e-08
5.109689364576459793e-08
4.216667426684876171e-08
3.226203985990108221e-08
2.300630940177288334e-08
1.529626524417501676e-08
