# bin_3_2
1.629393010903660879e-07
-3.217415384324177990e-08
-1.424383853981374491e-07
-1.853046455430743403e-07
-1.791522986960473499e-07
-1.414999140670992193e-07
-8.772634743619814730e-08
-3.042545918812781112e-08
2.108063979426127201e-08
6.089683618099597874e-08
8.637194559046603203e-08
9.762123470082510752e-08
9.677505625146764034e-08
8.711839492757217457e-08
7.230702379528821167e-08
5.568657503532442493e-08
3.985206498236027681e-08
2.646515061358681291e-08
1.628437436630615333e-08
9.067828623938082984e-09
