# bin_2_1
2.905658013378656158e-07
1.255703573990554361e-07
6.644449522328724021e-09
-7.065159402788442975e-08
-1.125597739286067138e-07
-1.263868789817798878e-07
-1.197153114511877167e-07
-9.982518578809761730e-08
-7.317995667575533816e-08
-4.506073900463722264e-08
-1.937768510167505439e-08
1.388073820726400859e-09
1.609476948420675025e-08
2.471476667394209682e-08
2.803585194210549941e-08
2.731826856789958850e-08
2.397659520182913810e-08
1.934315936184052822e-08
1.448539597196434021e-08
1.010881832716523638e-08
