# bin_4_3
1.799050537075089942e-07
4.706927942456922548e-08
6.726144510694342570e-09
2.832766878869470841e-08
8.416289961821745364e-08
1.511995086999402953e-07
2.122504698570733767e-07
2.560865590078258140e-07
2.772569382765507441e-07
2.753880358603982258e-07
2.540006093181251505e-07
2.188883513963021756e-07
1.766526037564918249e-07
1.334765512615943571e-07
9.413384576459174131e-08
6.161967466543341169e-08
3.715723967114243959e-08
2.068863442336857701e-08
9.795710596384318334e-09
1.781919058557763386e-09
