# bin_3_4
4.985299256144894059e-08
1.277534385325951993e-08
-3.442168813199354478e-09
-4.822424378919841966e-09
2.982495063019075136e-09
1.510177184901299426e-08
2.772327682250603438e-08
3.815723922851390069e-08
4.484674562850614223e-08
4.726794163755706175e-08
4.573044940447850889e-08
4.110268534354374843e-08
3.453128709306518625e-08
2.718281559961291925e-08
2.004550378847969707e-08
1.381805954337578546e-08
8.885349493867642324e-09
5.308677144995189442e-09
2.779216417098565588e-09
1.042305980476412784e-09
