# bin_2_1
2.676482622354654367e-06
2.181053567436740757e-06
1.746513799515092915e-06
1.372763297822168468e-06
1.057822204652002479e-06
7.981401364550703988e-07
5.889798067033709795e-07
4.246377038761424538e-07
2.988412196847328279e-07
2.051492852119298745e-07
1.373163786456529336e-07
8.959698539240732587e-08
5.698846791014195802e-08
3.532967483300281398e-08
2.133795719064446665e-08
1.255388520251877415e-08
7.136473443320626290e-09
3.903094234965111132e-09
2.036692553653337796e-09
9.858517363571796715e-10
