# bin_4_3
1.214042972222583156e-05
9.404136044918179669e-06
7.130322246353880797e-06
5.286330027868541100e-06
3.828207522646912953e-06
2.705283234507877693e-06
1.864512470341024171e-06
1.253037655535814850e-06
8.212529676990466975e-07
5.251556316024438780e-07
3.278023371376879759e-07
1.997189868036894694e-07
1.186190221001449026e-07
6.840854629298261654e-08
3.804255711362421528e-08
2.015417162748079758e-08
1.005147597980399789e-08
4.527313794934133886e-09
1.363343185431141208e-09
-2.698253987216386540e-10
