# bin_3_2
4.428414810882720952e-06
3.487140551990865352e-06
2.691417591938877728e-06
2.033760411366740679e-06
1.502831535484184336e-06
1.084691832573355314e-06
7.640009880062450641e-07
5.247865655319439003e-07
3.514046870458548617e-07
2.293626418442448674e-07
1.459404393913143451e-07
9.054100810247018714e-08
5.474501392796120046e-08
3.222136170629035680e-08
1.841953310031801841e-08
1.008258049428725277e-08
5.227796251892964910e-09
2.554504513993718831e-09
1.091962415689213013e-09
3.005540833986283895e-10
