# bin_4_1
7.765037658415053134e-07
6.088509936250765443e-07
4.689222878938701939e-07
3.545281798973679835e-07
2.629269106762625821e-07
1.911139735106744248e-07
1.360565716246684460e-07
9.480005506328674447e-08
6.460168913453757341e-08
4.301771783059508268e-08
2.796457657185650312e-08
1.772820888123961360e-08
1.094109607004725668e-08
6.566881630195641444e-09
3.844942985570914394e-09
2.145596599509612039e-09
1.105233045215553276e-09
5.367087788310120674e-10
2.416934527610936607e-10
9.468805531331686796e-11
