# bin_2_2
6.841362766327018331e-06
5.366265946880891932e-06
4.136455113384523554e-06
3.131237262822510119e-06
2.325474363870409656e-06
1.692506241915721789e-06
1.205766026135008966e-06
8.398299162324699756e-07
5.711686635912791500e-07
3.786844029487353268e-07
2.443502800021090567e-07
1.532926749659951284e-07
9.324126444964501712e-08
5.505335192858584795e-08
3.191547431937155969e-08
1.677939879380234824e-08
7.900296024322636768e-09
3.728299503428173001e-09
1.631453244747138400e-09
5.685800953307462286e-10
