# bin_1_1
3.087886480812211622e-06
2.537506005161266526e-06
2.054395864510433917e-06
1.637229542900489815e-06
1.282998806678425901e-06
9.874803678255895737e-07
7.456078375352115911e-07
5.516450491418448585e-07
3.994590128976181462e-07
2.827860857418788286e-07
1.955226592842488818e-07
1.319362474288425311e-07
8.682763811803058566e-08
5.572618706934709253e-08
3.492715862684420782e-08
2.120470717635080993e-08
1.242192008032458898e-08
7.113945886096586304e-09
3.942996082295662818e-09
2.085832935489721495e-09
