# bin_1_1
1.029607275093989828e-05
8.544332962425756463e-06
7.002138544144282220e-06
5.675554830947314204e-06
4.560467725429008978e-06
3.643723847126451588e-06
2.905266204883891760e-06
2.320396866701359492e-06
1.862544276384921683e-06
1.505744481420649622e-06
1.226526111601600902e-06
1.005074565381500756e-06
8.257143062760824512e-07
6.769210613443279854e-07
5.508490021397936480e-07
4.423265454316461682e-07
3.486865076718232978e-07
2.686757083320307109e-07
2.013414011240473943e-07
1.460433718113738151e-07
