# bin_4_4
8.632991914555788917e-05
7.017587373918015355e-05
5.687080737298817008e-05
4.608323431533641311e-05
3.742833960221208253e-05
3.051403847527232142e-05
2.497773347166618350e-05
2.050309487678625737e-05
1.683212356651858014e-05
1.376823601780946900e-05
1.117171389567362859e-05
8.950339793251636889e-06
7.047652219072807442e-06
5.430277656593070200e-06
4.077197977689823077e-06
2.971100637742740219e-06
2.093355582179273425e-06
1.420722603958251283e-06
9.238944310265193073e-07
5.665944134692931653e-07
