# bin_4_2
3.328927401430979032e-05
2.731299323127887857e-05
2.232413710297632953e-05
1.824406179088037898e-05
1.495900145866939769e-05
1.233756184355391721e-05
1.024735485525709881e-05
8.565837137863111051e-06
7.188568701383904926e-06
6.033314726914117701e-06
5.040503150792778001e-06
4.171045436341490258e-06
3.402340573637924784e-06
2.723518689963782656e-06
2.130738786547048682e-06
1.623042719262310245e-06
1.199448624493137812e-06
8.569313242631937000e-07
5.895574841331153290e-07
3.884782059890573922e-07
