# bin_3_3
5.675437522108094389e-05
4.626773322665254663e-05
3.751354597462356889e-05
3.034567354217357124e-05
2.456482471208775231e-05
1.994773644239519877e-05
1.627305850909993744e-05
1.333665226647162286e-05
1.096328567480991347e-05
9.012386612995110005e-06
7.378705532217571768e-06
5.988930313428692385e-06
4.795838968871895698e-06
3.771357749274946845e-06
2.899457192730581669e-06
2.170052275446280881e-06
1.574583815798594710e-06
1.103174911304304234e-06
7.434337593288810933e-07
4.794971929084357458e-07
