# bin_2_1
1.360977899826000858e-05
1.124944811579532367e-05
9.197997928149544478e-06
7.458131488223538439e-06
6.016595638075850717e-06
4.847067985717283542e-06
3.914550293897191453e-06
3.179502024669079735e-06
2.602166685411559339e-06
2.145994030078702088e-06
1.779837128250105423e-06
1.479032881442202760e-06
1.225512860065102547e-06
1.007128791933213680e-06
8.165519667847334366e-07
6.499405212625177904e-07
5.055169766912807723e-07
3.826064422411104367e-07
2.806421824759861721e-07
1.986736382073902797e-07
