# bin_4_1
1.704691507309435454e-05
1.402014256372106660e-05
1.145586954259694110e-05
9.333610852299146485e-06
7.612615136035687643e-06
6.238542346765375315e-06
5.151084106756163522e-06
4.289937810543844216e-06
3.600141192144842189e-06
3.035550740087639778e-06
2.560411218632084692e-06
2.149389444104139260e-06
1.786390750840380845e-06
1.462647253158427533e-06
1.174509825669799244e-06
9.211935102465319363e-07
7.031541211654776403e-07
5.205464557582028989e-07
3.722117049361227175e-07
2.559251762475511627e-07
