# bin_3_2
3.054679715253817441e-05
2.507038655753593211e-05
2.045912335414608622e-05
1.666012504391381160e-05
1.358557480752849751e-05
1.112739382890643243e-05
9.171952187158209565e-06
7.610408375077541215e-06
6.346954607819921695e-06
5.303499852182230684e-06
4.421127076246001527e-06
3.659044623991587393e-06
2.991734519420150415e-06
2.405232945120074796e-06
1.893135403558439634e-06
1.452832267658900085e-06
1.082952164906140979e-06
7.812195466736733586e-07
5.433340844186186383e-07
3.626970690674235520e-07
