# bin_3_1
1.583709632851155769e-05
1.302643944887859792e-05
1.063066613150140262e-05
8.637745398552429006e-06
7.015910426139655774e-06
5.719374246320110477e-06
4.695080603732577828e-06
3.888375294239278619e-06
3.248183207189602660e-06
2.730599796465703222e-06
2.300760274955037435e-06
1.933226900932805341e-06
1.611166597714483499e-06
1.324872698585597576e-06
1.069818419506740123e-06
8.444831480196921261e-07
6.491772050258402945e-07
4.843119649922479095e-07
3.493301550190171057e-07
2.425588653753537915e-07
