# bin_4_3
6.098775213164500122e-05
4.990363889855371104e-05
4.072306871002131812e-05
3.324678346112628323e-05
2.722744114677677109e-05
2.240329304589897084e-05
1.852629984739007980e-05
1.537702050276224024e-05
1.277496111241530793e-05
1.058214276452212084e-05
8.701048186865562945e-06
7.068477291989938479e-06
5.647490216603012719e-06
4.418590877976354736e-06
3.371632434453478317e-06
2.499310604559782765e-06
1.792868959148450116e-06
1.239997565747597573e-06
8.240011600623956688e-07
5.214336871658582744e-07
