# bin_2_2
2.477308689364385582e-05
2.022678860452413615e-05
1.637339325193426208e-05
1.318043414722259130e-05
1.058756090612067205e-05
8.516541918399365364e-06
6.881353051347439293e-06
5.596235591104105356e-06
4.582424993657543929e-06
3.772531933378701221e-06
3.112854636280708056e-06
2.563470556326596022e-06
2.096440495425266860e-06
1.694286217480306328e-06
1.346915116395523264e-06
1.046930449758304664e-06
7.930346540210943986e-07
5.837772895977803898e-07
4.155146447011582080e-07
2.846783213277749396e-07
