# bin_3_3
2.930534220719486963e-10
2.930528137042352852e-10
2.930520846664703019e-10
2.930512102315139458e-10
2.930501553404220494e-10
2.930488784031760221e-10
2.930473253048288890e-10
2.930454251588930472e-10
2.930430870971298047e-10
2.930401931295367991e-10
2.930365906436624894e-10
2.930320800643316267e-10
2.930263915403643810e-10
2.930191727783013729e-10
2.930099517653187041e-10
2.929981038056821560e-10
2.929827899661667368e-10
2.929628855067359294e-10
2.929368814004378513e-10
2.929027533730796761e-10
2.928577764324321553e-10
2.927982888337176724e-10
2.927193791731493573e-10
2.926144588459593828e-10
2.924746856351437146e-10
2.922882737594454913e-10
2.920395826847421643e-10
2.917078697660452421e-10
2.912660051633076902e-10
2.906787154985936474e-10
2.899007259550671558e-10
2.888748880308443090e-10
2.875305832547408890e-10
2.857822231785664948e-10
2.835305966366129954e-10
2.806634717928969589e-10
2.770624210066377554e-10
2.726085775532931520e-10
2.671931191601743049e-10
2.607239298674139461e-10
2.531290639963966576e-10
2.443494435432069328e-10
2.343278284626348465e-10
2.230115204102780288e-10
2.103901221930948605e-10
1.965864052633600404e-10
1.819180251097426925e-10
1.668026744244726306e-10
1.515148655214336032e-10
1.361413564256019918e-10
1.209236825719467453e-10
1.063149253596611664e-10
9.253691722176461014e-11
7.966777210258081433e-11
6.789514345887091006e-11
5.728022250358438431e-11
4.784963419008648305e-11
3.959037516676658348e-11
3.245346369495282284e-11
2.636476121051566472e-11
2.123293530300388247e-11
1.695806831700626964e-11
1.343568872002250786e-11
1.056308542999372991e-11
8.243424806298290480e-12
6.387677518816073154e-12
4.916163892193887427e-12
3.759116302889363413e-12
2.856526929920266162e-12
2.157758193570759346e-12
1.620654645584257075e-12
1.210616200803257173e-12
8.996117014094089458e-13
6.651686498648889632e-13
4.894720798223890780e-13
3.585357535687883330e-13
2.614716001216565489e-13
1.898812741837275780e-13
1.373334613284592729e-13
9.893980545583082548e-14
7.101131350711932327e-14
5.078065262994229644e-14
3.618507271744288411e-14
2.569578288897741290e-14
1.818546102462294193e-14
1.282743168120899161e-14
9.018223784892158914e-15
6.319324504983258281e-15
4.413524783652241304e-15
3.072224366790358141e-15
2.131370118319924807e-15
1.473721997483506544e-15
1.015785689630804490e-15
6.982625796546096372e-16
4.790175919199703780e-16
3.280838383866378949e-16
2.243626157749084050e-16
1.531872992670650912e-16
1.044085388313814882e-16
7.101958817793809471e-17
