# bin_4_2
6.439055952500607053e-11
6.439036970789139375e-11
6.439014160127420815e-11
6.438986604934213484e-11
6.438953204366297231e-11
6.438912543818362893e-11
6.438862816768591778e-11
6.438801627856567471e-11
6.438726055865296226e-11
6.438632129454492741e-11
6.438514774460974425e-11
6.438367436536118153e-11
6.438181431762772812e-11
6.437945196095911258e-11
6.437643922250277752e-11
6.437257790953312563e-11
6.436760607925550333e-11
6.436117977138936115e-11
6.435284353490638154e-11
6.434199319799171654e-11
6.432783137891222678e-11
6.430930397741877800e-11
6.428501443295542758e-11
6.425312132928203849e-11
6.421121077787337567e-11
6.415610135266754237e-11
6.408366059086519886e-11
6.398854939772879434e-11
6.386388511075845000e-11
6.370102688023116396e-11
6.348912867246329611e-11
6.321497754727797469e-11
6.286270552712157638e-11
6.241391638831637740e-11
6.184780713579987520e-11
6.114188358751355037e-11
6.027291249049743973e-11
5.921795198468521348e-11
5.795587109032879546e-11
5.646777121536429110e-11
5.473780611283964606e-11
5.275412689430182391e-11
5.051060326032165614e-11
4.801127122555084772e-11
4.527323275337673474e-11
4.232807597647476207e-11
3.921867670998286473e-11
3.599536097391108132e-11
3.271812262363743546e-11
2.945361361985814860e-11
2.625441712241117942e-11
2.315776930144093145e-11
2.021637841860189512e-11
1.747659895891809295e-11
1.495794444030037363e-11
1.267491116892507131e-11
1.063848552156329930e-11
8.845190204797915247e-12
7.286984013134496007e-12
5.950138867189677944e-12
4.816776538638874243e-12
3.866920804452355287e-12
3.079519549647955416e-12
2.433551046204517773e-12
1.908810171794068395e-12
1.486533136817794020e-12
1.149738131855980519e-12
8.834001247590229849e-13
6.744783554308985651e-13
5.118492778210254353e-13
3.861813417389369212e-13
2.897470998726373536e-13
2.162353679164677044e-13
1.605504077166887568e-13
1.186217031376432589e-13
8.723137219555021560e-14
6.385878285565938454e-14
4.654618878732590131e-14
3.378607912673603861e-14
2.442575735678054191e-14
1.759046044045952390e-14
1.262066871421587962e-14
9.022215672867821083e-15
6.427078294043886989e-15
4.562690012148598351e-15
3.228216567765805944e-15
2.276463746108726286e-15
1.600025456286095039e-15
1.120899711465067330e-15
7.826778934243959990e-16
5.447293043887437373e-16
3.779017731030010493e-16
2.613518684730638273e-16
1.802206121010552031e-16
1.239500883377358984e-16
8.506133636182483139e-17
5.826899236024322495e-17
3.985228891838948836e-17
2.721667778626304898e-17
1.856950432427492381e-17
