# bin_3_2
9.379849362423380516e-11
9.379774576470283269e-11
9.379687463791520692e-11
9.379587132384355205e-11
9.379470783767766679e-11
9.379336356259992987e-11
9.379180759688977809e-11
9.378999700767052165e-11
9.378787854385302537e-11
9.378539054284174378e-11
9.378246653822020044e-11
9.377901867740410476e-11
9.377490657103754876e-11
9.376996012331214937e-11
9.376395327318413460e-11
9.375659159383155077e-11
9.374746634734541475e-11
9.373604058799249078e-11
9.372158938615501963e-11
9.370313612993317946e-11
9.367937385646151359e-11
9.364857291142322970e-11
9.360843805620439280e-11
9.355590559645196349e-11
9.348691341382898671e-11
9.339613111984670077e-11
9.327658678088215711e-11
9.311923596703945920e-11
9.291243953423157231e-11
9.264149989371075774e-11
9.228804966083120850e-11
9.182971276695897815e-11
9.123973636603104244e-11
9.048740191632988160e-11
8.953843601632975740e-11
8.835672582992457302e-11
8.690637221617685443e-11
8.515382337639151720e-11
8.307072960958017155e-11
8.063373527170285383e-11
7.782462138397192286e-11
7.462860907087540371e-11
7.103626606556238453e-11
6.705376696659725823e-11
6.271902410179806428e-11
5.811604254454767159e-11
5.335639988843071254e-11
4.852984176018053845e-11
4.368824803659125510e-11
3.890447429159436246e-11
3.429031439634502415e-11
2.991848165536233979e-11
2.583538979330288659e-11
2.208606373915456907e-11
1.869387112188235308e-11
1.566891653399948258e-11
1.300955862499708565e-11
1.070316176684205361e-11
8.726903971894436598e-12
7.054687068865893161e-12
5.655532498789891374e-12
4.497810920299531957e-12
3.549604974471816689e-12
2.780596119805173548e-12
2.162772658759019543e-12
1.670764077175439544e-12
1.282265713514392928e-12
9.779545076944377544e-13
7.413864694261778583e-13
5.588175168943849011e-13
4.188891010580907572e-13
3.123397311651045880e-13
2.317172997887260885e-13
1.710709375398872136e-13
1.257101539590601754e-13
9.196539557896454497e-14
6.699007127795262206e-14
4.859634524403510337e-14
3.511322108397681393e-14
2.527362351867169079e-14
1.812410692464334725e-14
1.295033519542013923e-14
9.221149467760348613e-15
6.543433100433237029e-15
4.627701650157277898e-15
3.262007282105930475e-15
2.291794202728557996e-15
1.604852460585291194e-15
1.120125216351191521e-15
7.792231336241851624e-16
5.403004961363847350e-16
3.734649425418359126e-16
2.574197323033131614e-16
1.770192821239704883e-16
1.214961276945433635e-16
8.324341778994459185e-17
5.693855598633648830e-17
3.887969935185174087e-17
2.650442734106478239e-17
1.804985806590252803e-17
