# bin_3_1
2.914276905400755081e-11
2.914192322850218914e-11
2.914093461421758576e-11
2.913979734644023144e-11
2.913847425633380472e-11
2.913694454921190149e-11
2.913517411116085567e-11
2.913311477902343192e-11
2.913070880089680201e-11
2.912789155358709446e-11
2.912459443865599312e-11
2.912072976228808618e-11
2.911615570431976268e-11
2.911072049332174043e-11
2.910420956632043846e-11
2.909637637073283168e-11
2.908687814164886440e-11
2.907528390390812094e-11
2.906103284725713800e-11
2.904339013959641169e-11
2.902141473648417368e-11
2.899394244964087532e-11
2.895952530971262551e-11
2.891631087148464002e-11
2.886194012949466254e-11
2.879356510223801274e-11
2.870769880012639370e-11
2.860005450997425295e-11
2.846551176980125483e-11
2.829812080078655450e-11
2.809101243447227992e-11
2.783654951663275013e-11
2.752634124087459875e-11
2.715149738542366204e-11
2.670285321842370784e-11
2.617170414447887801e-11
2.555034937379590343e-11
2.483273048187536371e-11
2.401514204765369590e-11
2.309577475823907288e-11
2.207478055233471373e-11
2.095394538641889852e-11
1.973902730218645991e-11
1.844177859274306916e-11
1.708203158772284699e-11
1.568732443601859059e-11
1.428495065412578101e-11
1.289267815553528596e-11
1.152372355749465068e-11
1.020083101325032435e-11
8.948841127288040854e-12
7.777275964005646680e-12
6.696432798599809378e-12
5.715715486176783675e-12
4.835407300335874455e-12
4.053499806509330547e-12
3.369318347419644292e-12
2.778258166414917872e-12
2.271488378429684204e-12
1.842967544899980746e-12
1.483623183045615150e-12
1.185598791295344589e-12
9.405850474495605442e-13
7.409728022745959532e-13
5.798181654919716451e-13
4.507238106906497472e-13
3.481720419085981005e-13
2.673230073304982982e-13
2.040365695473826178e-13
1.548529939289180993e-13
1.168853192336240330e-13
8.775821861906959085e-14
6.555883060133596697e-14
4.873351808656383576e-14
3.605605648525052235e-14
2.655592458856689787e-14
1.947281555408506016e-14
1.421879188999244243e-14
1.034021693775566428e-14
7.489659007535994230e-15
5.404467613554634527e-15
3.885252612759015869e-15
2.783048078791637146e-15
1.986568024545073200e-15
1.413136803566810628e-15
1.001847859333075386e-15
7.079222184123030122e-16
4.985750208205392096e-16
3.500157458256093917e-16
2.449379996033504397e-16
1.708784954889297794e-16
1.188680958951624707e-16
8.246877599773836585e-17
5.708044862202132108e-17
3.942220869179503019e-17
2.717259796377248503e-17
1.870210019275877391e-17
1.286465777522058805e-17
8.859534076413791286e-18
6.132460535955164888e-18
