# bin_4_3
2.069841076831041721e-10
2.069837702344571947e-10
2.069833638462140400e-10
2.069828730018467226e-10
2.069822773959555215e-10
2.069815512330788325e-10
2.069806619828197428e-10
2.069795666443614062e-10
2.069782105572661822e-10
2.069765213102143079e-10
2.069744048979775986e-10
2.069717387755785709e-10
2.069683583167775067e-10
2.069640479053011962e-10
2.069585194360020476e-10
2.069513890874993596e-10
2.069421453666990940e-10
2.069301028633525976e-10
2.069143407921868246e-10
2.068936224814940339e-10
2.068662911231910684e-10
2.068301184706062391e-10
2.067821034296249582e-10
2.067182277247583874e-10
2.066331102529767633e-10
2.065195350178736907e-10
2.063679134516347832e-10
2.061655509513805930e-10
2.058956707097302480e-10
2.055364704805913540e-10
2.050597709169126973e-10
2.044296218476220481e-10
2.036012780756614621e-10
2.025199058037105573e-10
2.011203307451585421e-10
1.993282151948599533e-10
1.970617649957229531e-10
1.942367296848412451e-10
1.907722527245839134e-10
1.865959283797655556e-10
1.816496053362128710e-10
1.758877498059082017e-10
1.692693736753733705e-10
1.617591298246874646e-10
1.533298781161165086e-10
1.440137809965979940e-10
1.339533035305862027e-10
1.234127892817927414e-10
1.126664226423566944e-10
1.018486693122255809e-10
9.102362037031664520e-11
8.044183655868929737e-11
7.040969667059002153e-11
6.097466994732158908e-11
5.224064659496638344e-11
4.431693168188732108e-11
3.721476372569568735e-11
3.094970620572253769e-11
2.549684362692688362e-11
2.081326054786787132e-11
1.683991797669217772e-11
1.350946982785507739e-11
1.074933105436752979e-11
8.485959938112839745e-12
6.648616136514876953e-12
5.171416958401885575e-12
3.994514022773216474e-12
3.064984264825863628e-12
2.336790686606435897e-12
1.770767108403336606e-12
1.334029812415575893e-12
9.994048956838119169e-13
7.447214636713596586e-13
5.521076446694989066e-13
4.073074918869781996e-13
2.990775384283810574e-13
2.186192656791689065e-13
1.591176388303948395e-13
1.153310989581508756e-13
8.326089491407406409e-14
5.987767173124282260e-14
4.290183753537851778e-14
3.062822545366497238e-14
2.178960805714808070e-14
1.544866918602468494e-14
1.091629783165042156e-14
7.688106668008730494e-15
5.396739577319860343e-15
3.775821134311172655e-15
2.633009190802600802e-15
1.829946734643961713e-15
1.267553426387738498e-15
8.751239894012892635e-16
6.023872464491382872e-16
4.136503298254539897e-16
2.835409003848008316e-16
1.940539846367724377e-16
1.326044637284874279e-16
9.046510663326503847e-17
6.160408879782556363e-17
