# bin_4_4
3.878316889091698617e-10
3.878312112526538923e-10
3.878306362675379453e-10
3.878299408257397004e-10
3.878290976722691053e-10
3.878280697948643560e-10
3.878268102633987608e-10
3.878252591384745097e-10
3.878233385892752088e-10
3.878209458318036031e-10
3.878179483502318801e-10
3.878141708216654824e-10
3.878093801785020676e-10
3.878032704370402903e-10
3.877954329417236667e-10
3.877853219880212746e-10
3.877722093742742804e-10
3.877551193336393132e-10
3.877327437475385276e-10
3.877033162210406937e-10
3.876644679670954819e-10
3.876130177274719995e-10
3.875446675714401740e-10
3.874536435546912468e-10
3.873321949065309711e-10
3.871698983114939867e-10
3.869528249795504033e-10
3.866624325643186864e-10
3.862740904832102437e-10
3.857553741088493683e-10
3.850640563647675489e-10
3.841455527496485382e-10
3.829302891481179024e-10
3.813322205882254836e-10
3.792448546590229603e-10
3.765439834271646032e-10
3.730864749630610237e-10
3.687172890186025421e-10
3.632776745919367532e-10
3.566161800179598460e-10
3.486000712520905932e-10
3.391262416775426487e-10
3.281089822977754163e-10
3.154793692693355101e-10
3.011612613714916159e-10
2.851096450729568455e-10
2.673957073060432934e-10
2.483346745092812547e-10
2.284760573400841557e-10
2.083115812187984265e-10
1.879879010309329216e-10
1.676687008733871803e-10
1.479635489963231811e-10
1.293014118458564143e-10
1.117634163628391484e-10
9.560919507894535563e-11
8.096599400829414677e-11
6.788186771495726533e-11
5.636406905996954387e-11
4.636175690037994568e-11
3.778796212152755888e-11
3.052936396997978488e-11
2.445703295002583014e-11
1.943365205504603526e-11
1.532150483621662449e-11
1.198898004156253612e-11
9.313832157532762391e-12
7.185812433109852643e-12
5.507436814736548939e-12
4.194427446871521814e-12
3.175149003024382835e-12
2.389661271309655337e-12
1.788535689931047374e-12
1.331538791658380631e-12
9.862811232428825431e-13
7.270010053204264106e-13
5.333890662001669708e-13
3.895936991769921201e-13
2.833463424732360304e-13
2.052265719578032482e-13
1.480562689495254847e-13
1.064046794720283678e-13
7.618837656208605464e-14
5.435783436867300816e-14
3.864757093230811709e-14
2.738437062482045879e-14
1.933880348048829579e-14
1.361188480637828253e-14
9.549376830237337829e-15
6.677286770324309267e-15
4.653518813344620502e-15
3.232259377865989948e-15
2.237535783033385183e-15
1.543899753123771395e-15
1.062194904891170242e-15
7.291280270087574185e-16
4.996396608595364639e-16
3.418552404529005434e-16
2.335350584025062749e-16
1.592717614189668085e-16
