# bin_4_1
1.879743750948341539e-11
1.879716536389653343e-11
1.879684019009351113e-11
1.879644719773235215e-11
1.879597236579185257e-11
1.879539622358242236e-11
1.879469444107313580e-11
1.879383266871213854e-11
1.879277472151574280e-11
1.879146610601959069e-11
1.878984084312740938e-11
1.878781738104571922e-11
1.878528949321740204e-11
1.878210641843908024e-11
1.877810339846958265e-11
1.877304678487022484e-11
1.876664215519999552e-11
1.875852539868300266e-11
1.874823282477622178e-11
1.873517835321147218e-11
1.871863476574793528e-11
1.869769639362874365e-11
1.867124107749410639e-11
1.863788740203727312e-11
1.859601780923668414e-11
1.854358593184074108e-11
1.847818165274395769e-11
1.839701727406071414e-11
1.829661410416693311e-11
1.817331173277781292e-11
1.802268110272773099e-11
1.784024343546358017e-11
1.762099251552455871e-11
1.736005728868746451e-11
1.705227919541595494e-11
1.669307560809915245e-11
1.627821261214295954e-11
1.580455940917354761e-11
1.527035941944965287e-11
1.467503169508989072e-11
1.401941660715601673e-11
1.330523199506169073e-11
1.253741645609225072e-11
1.172532732506299593e-11
1.088137685568963141e-11
1.001918147347214709e-11
9.150815198588169942e-12
8.285980419400998654e-12
7.435376039451752753e-12
6.612703379718898398e-12
5.830549691650168144e-12
5.095662128555957096e-12
4.413529703971591697e-12
3.789213648745300149e-12
3.225170394409834567e-12
2.720577791170691557e-12
2.275682985245820104e-12
1.887928732782726789e-12
1.552999232687383942e-12
1.267466913293481167e-12
1.026220917768947606e-12
8.245831595913753956e-13
6.576330814401900046e-13
5.206914858641183918e-13
4.093864701673463294e-13
3.196902828901840287e-13
2.480114125061215383e-13
1.911870121950700032e-13
1.464810743052207794e-13
1.115667391689958399e-13
8.449250685973564461e-14
6.363736000144085398e-14
4.767763763117201640e-14
3.553904580178555262e-14
2.636139918269655506e-14
1.946191151065927755e-14
1.430311863602539043e-14
1.046585424103338597e-14
7.625912815479406141e-15
5.533983057946961378e-15
4.000184042205339066e-15
2.880511793621983074e-15
2.066600601500542012e-15
1.477365780390284746e-15
1.052451109705124356e-15
7.471887430822060198e-16
5.286979625647754045e-16
3.728651467319834312e-16
2.621149541672564671e-16
1.836761975421416922e-16
1.283137201479591006e-16
8.937349360175376829e-17
6.207612425579579327e-17
4.300117585750089466e-17
2.971206598789108876e-17
2.048331959781589105e-17
1.410070027930217928e-17
9.704919390186876903e-18
6.691042236300411803e-18
4.638781372952181764e-18
