# bin_1_1
1.587612017564517247e-10
1.587493404603415478e-10
1.587354619744798401e-10
1.587192876150388008e-10
1.587003687988506438e-10
1.586782815191752049e-10
1.586524210594238389e-10
1.586219694057890980e-10
1.585860356413944097e-10
1.585433947984859341e-10
1.584928123894254992e-10
1.584326469351293416e-10
1.583605422454615808e-10
1.582736141245895743e-10
1.581682434712032892e-10
1.580399196941679178e-10
1.578826655190891112e-10
1.576892044485647236e-10
1.574503934300669400e-10
1.571550052173884760e-10
1.567888934778834975e-10
1.563345836740038308e-10
1.557706025377835078e-10
1.550728991756521524e-10
1.542130487293554981e-10
1.531570355850902235e-10
1.518672957650105292e-10
1.503013255279049831e-10
1.484138540746650150e-10
1.461592655802137931e-10
1.434910598456194613e-10
1.403718268959238804e-10
1.367663946739096632e-10
1.326485678255710568e-10
1.279992966401916576e-10
1.228119191814065404e-10
1.171010147264866939e-10
1.108912515482554742e-10
1.042390522978380010e-10
9.721953113464796454e-11
8.993114629956001669e-11
8.247906752531079984e-11
7.498065396980237454e-11
6.756115022040798890e-11
6.033234950660311385e-11
5.339172033208124079e-11
4.681944134192686126e-11
4.068915859500894997e-11
3.505215554199418072e-11
2.993346863132296385e-11
2.534471216361213039e-11
2.128049214008398294e-11
1.772554720800223707e-11
1.465086839534937374e-11
1.201752565822177210e-11
9.782636484955650191e-12
7.907517291950063941e-12
6.348564822274138292e-12
5.061709813799285203e-12
4.010197184380044779e-12
3.156772422564021631e-12
2.469930246493136997e-12
1.921064907601500939e-12
1.485542534480477340e-12
1.142378047584331618e-12
8.737076304250931908e-13
6.647194301620044469e-13
5.031521676092516676e-13
3.789669831277408083e-13
2.840645677305568598e-13
2.119405981241270837e-13
1.574112595159856781e-13
1.164030138830632619e-13
8.571124261257120408e-14
6.285170057527372447e-14
4.590509270476268158e-14
3.339697604742003526e-14
2.420514972048965004e-14
1.747879100332942373e-14
1.257592701414729398e-14
9.016738445017066360e-15
6.442543933921556187e-15
4.587709214684245700e-15
3.256106999727280647e-15
2.303480650706024980e-15
1.624384568466692385e-15
1.141985289286643245e-15
8.004595077943009143e-16
5.595286458959910657e-16
3.901310573634533027e-16
2.714153878311811855e-16
1.884759592536921705e-16
1.306945560687578539e-16
9.058082457864599243e-17
6.284014497892259809e-17
4.381257996695313867e-17
3.091736026902861137e-17
2.233590595661978855e-17
1.675123845580450340e-17
1.320201486935026659e-17
