# bin_2_2
1.540542991834193722e-10
1.540487020958977505e-10
1.540422900728694251e-10
1.540350604357694324e-10
1.540268864098319941e-10
1.540177155006214497e-10
1.540074518930552363e-10
1.539959350748209395e-10
1.539829894753172194e-10
1.539684453652486433e-10
1.539522513034666748e-10
1.539343212934046970e-10
1.539142781166173340e-10
1.538917261758997496e-10
1.538661971085456930e-10
1.538370354517703620e-10
1.538032030540773160e-10
1.537633928959097967e-10
1.537157862124920468e-10
1.536579432657046533e-10
1.535865577956458826e-10
1.534971986634242462e-10
1.533839831436956412e-10
1.532393344434852814e-10
1.530533424707483389e-10
1.528130257754505157e-10
1.525019376637326350e-10
1.520991756842323697e-10
1.515787964899457569e-10
1.509092106896150953e-10
1.500524767926071215e-10
1.489651681807281906e-10
1.475981220309389342e-10
1.458992410024615889e-10
1.438151022629669243e-10
1.412946564829588197e-10
1.382923385644877348e-10
1.347681982855461568e-10
1.306909248614728132e-10
1.260316048438890132e-10
1.207725001669102187e-10
1.149142587734605402e-10
1.084983524018838318e-10
1.016206294955247318e-10
9.441031214607576576e-11
8.699823810428587882e-11
7.949104960361044951e-11
7.198443669069037815e-11
6.460183106683457040e-11
5.746351559788551449e-11
5.066076394486746644e-11
4.425993560198967877e-11
3.833228380991209729e-11
3.292840900694595402e-11
2.805009529302399443e-11
2.367695043864681186e-11
1.982358778240701452e-11
1.647330955381588590e-11
1.357193887403087409e-11
1.109974884883286550e-11
9.006530078374177193e-12
7.255197801882568932e-12
5.801905594380617320e-12
4.606686459110879886e-12
3.633028017770476172e-12
2.845789509219400737e-12
2.214797614606294714e-12
1.713009046275426679e-12
1.316799613239989982e-12
1.006310654439382576e-12
7.646982129146923802e-13
5.778596123025763649e-13
4.344011403232765809e-13
3.248691201930608096e-13
2.417593183151493570e-13
1.790636672185526630e-13
1.320135098591282958e-13
9.689669342838860933e-14
7.082031683996951327e-14
5.154411124832040496e-14
3.736766639436465526e-14
2.698453022993339712e-14
1.941346791969908099e-14
1.391629547392945675e-14
9.940038763268754736e-15
7.075318330153112642e-15
5.019296452811718761e-15
3.548648776977485763e-15
2.500836519203467484e-15
1.756748827101842390e-15
1.230250014095125089e-15
8.590503172866131923e-16
5.981668095785400149e-16
4.153808987917483856e-16
2.876819212651000025e-16
1.986862509366020936e-16
1.368573809577840273e-16
9.403240292574351744e-17
6.450182881350010205e-17
4.433470360871295460e-17
