# bin_2_1
9.848232361757627214e-11
9.847565094915127764e-11
9.846795434307357767e-11
9.845919845990331271e-11
9.844919453705109040e-11
9.843783682294398999e-11
9.842495045837135298e-11
9.841026943715516278e-11
9.839351218757311108e-11
9.837434818678143544e-11
9.835255549712289149e-11
9.832782946938370817e-11
9.829949774196022616e-11
9.826684161228886606e-11
9.822894326677022938e-11
9.818466977077319328e-11
9.813234303908591567e-11
9.806993646504579255e-11
9.799479513680124731e-11
9.790352924496855046e-11
9.779169936308169927e-11
9.765356213500369027e-11
9.748176250869913726e-11
9.726753372366906091e-11
9.699982908034352229e-11
9.666469626955324482e-11
9.624553078045316213e-11
9.572208328562366950e-11
9.507113025862368663e-11
9.426580948335029123e-11
9.327655242793162765e-11
9.207225466132163987e-11
9.062059936136378609e-11
8.888973319333864078e-11
8.685065748628765653e-11
8.447783713327104982e-11
8.175362634441065981e-11
7.866586527163751406e-11
7.521299219830212763e-11
7.140155458956540683e-11
6.725067847088157627e-11
6.280083796432117792e-11
5.811910602624763278e-11
5.329403054421581635e-11
4.841676658945384175e-11
4.356451073309169537e-11
3.880695807486989573e-11
3.421878112088129241e-11
2.987017518700071482e-11
2.581743283443210606e-11
2.209645343095529690e-11
1.872746604312753034e-11
1.572253032912395523e-11
1.307703828945844219e-11
1.077809605494324268e-11
8.805426303147895050e-12
7.132944431984864783e-12
5.730407964280528938e-12
4.567185977284368464e-12
3.612296471195231565e-12
2.836027514917475893e-12
2.210790449806577436e-12
1.711675256804009588e-12
1.316589304976090512e-12
1.006330390781093321e-12
7.645645193570830269e-13
5.775257068013413330e-13
4.338244936961410025e-13
3.241502397539837876e-13
2.409672472425042274e-13
1.782541698711467446e-13
1.312452531065911746e-13
9.619667177237705341e-14
7.020311264368597594e-14
5.101977098270972475e-14
3.692937284995593528e-14
2.662709978679643504e-14
1.912695989408965640e-14
1.368951041993128330e-14
9.763401384103210100e-15
6.939238758061589441e-15
4.915405724574350293e-15
3.470256796264919425e-15
2.441917904365902196e-15
1.712703880315154956e-15
1.197337590226914939e-15
8.343316558158952558e-16
5.795271800005453857e-16
4.012904214531608038e-16
2.770781476574899130e-16
1.908365672123323923e-16
1.311677592040733204e-16
9.000865160128236534e-17
6.168318265719841277e-17
4.223321745561452343e-17
2.892831833558751276e-17
1.987124170718234826e-17
1.376261031258052768e-17
9.718110933619380854e-18
7.165626121624999195e-18
