# bin_4_3
1.639110404567578951e-08
1.666041114821893075e-08
1.696738391203108123e-08
1.731446143623041842e-08
1.771011570785750767e-08
1.815695550655524665e-08
1.865972161454283466e-08
1.922027343891572821e-08
1.985051885920715535e-08
2.054921659130967404e-08
2.132035370137147563e-08
2.216142877615164518e-08
2.307940220963582387e-08
2.407240923725622819e-08
2.513550412090170592e-08
2.626038754444077571e-08
2.743518566363816114e-08
2.863182268752767075e-08
2.982082535624441546e-08
3.096621941806053703e-08
3.205154348450847527e-08
3.307017474590933010e-08
3.398815476256890208e-08
3.472517669837169497e-08
3.521479165893427053e-08
3.546572621936229651e-08
3.544677958847163898e-08
3.510011720200757490e-08
3.439217226695964837e-08
3.334658383508053499e-08
3.195377742689493188e-08
3.021822020186476326e-08
2.820928281120469294e-08
2.595330953088377938e-08
2.354339991597450326e-08
2.104364063876411636e-08
1.855277578794416230e-08
1.614456212028481882e-08
1.388922380970037156e-08
1.183613914094602323e-08
1.000761973663183460e-08
8.403760357819792504e-09
7.008795678497617310e-09
5.801182655825465410e-09
4.763202041893875757e-09
3.884108949942260536e-09
3.155349067189782144e-09
2.562956322047804879e-09
2.085705592435029707e-09
1.701421340392558698e-09
1.392625740737434643e-09
1.145245910259251979e-09
9.466263099185193698e-10
7.861284714625910445e-10
6.554123392625038558e-10
5.479311009690299158e-10
4.586267511085037518e-10
3.837306253926850432e-10
3.204211050630167662e-10
2.666141819830875892e-10
2.207592586626431380e-10
1.816831169637606964e-10
1.484677172094179353e-10
1.203700503123490959e-10
9.675980692554044106e-11
7.708133121074404195e-11
6.083192666478636777e-11
4.755107456485794242e-11
3.681382564726312105e-11
2.823075759539640727e-11
2.144812081803050348e-11
1.614947633415283856e-11
1.205655872564841241e-11
8.929233970131741377e-12
6.564276777828347540e-12
4.793071018124511179e-12
3.478338225483562682e-12
2.510354520715951523e-12
1.802879588486686169e-12
1.289161489393785768e-12
9.182841329143291582e-13
6.518966543232473181e-13
4.614078756343311420e-13
3.257252588025848125e-13
2.294243992803671664e-13
1.612761018868845183e-13
1.131805749141170486e-13
7.933416099122484060e-14
5.557659966447847532e-14
3.893266911852235957e-14
2.729739168197607814e-14
1.917533716905521149e-14
1.354799249450180498e-14
9.665294581467307792e-15
6.997302280242364803e-15
5.162190583759380016e-15
3.923600563049607669e-15
3.101720329877114581e-15
2.573367471318714622e-15
2.241577223234572422e-15
