# bin_3_3
1.594306890933857763e-08
1.619691055842121793e-08
1.648592935849171639e-08
1.681220295419622730e-08
1.718371674330485480e-08
1.760261500427688960e-08
1.807308859282103270e-08
1.859643958052154537e-08
1.918380329518025027e-08
1.983328336954978162e-08
2.054801389865291245e-08
2.132471799566887253e-08
2.216939586803618305e-08
2.307934521277226283e-08
2.404876208037361903e-08
2.506857979380500888e-08
2.612622456937393621e-08
2.719327137203819291e-08
2.824010880832455877e-08
2.923110384286344932e-08
3.015056973666832093e-08
3.099331840326177887e-08
3.172772258759569767e-08
3.227685731296268214e-08
3.257858004214833486e-08
3.264671336519411826e-08
3.245622182785936774e-08
3.195638681398616431e-08
3.112121583817023995e-08
2.998188260394648105e-08
2.853642912237436640e-08
2.679598959425277609e-08
2.483477045911540543e-08
2.268195468356564640e-08
2.042993834816805733e-08
1.813857151214852560e-08
1.589775398859467041e-08
1.376861891136252349e-08
1.180585131848761628e-08
1.004246028035395688e-08
8.486355202658768350e-09
7.127952778593461628e-09
5.948225452636866960e-09
4.928163597211358653e-09
4.055230062089156435e-09
3.322117689073329773e-09
2.719603662392146946e-09
2.231083649385054120e-09
1.835321288050673183e-09
1.514036278309760693e-09
1.254037220219787024e-09
1.043592579546856426e-09
8.719701915494669246e-10
7.309164051129059211e-10
6.140061820191609805e-10
5.161342303915092155e-10
4.335016860365309387e-10
3.632369560560033374e-10
3.032186441844318923e-10
2.518433383582246077e-10
2.078930071123421936e-10
1.704027680537140549e-10
1.385829882082586883e-10
1.117578173421823085e-10
8.932663567890261295e-11
7.074164627388750089e-11
5.549773966413709299e-11
4.312759424342271500e-11
3.320035359708214912e-11
2.532348504230834146e-11
1.914405741693859829e-11
1.435013449811314381e-11
1.067112623907136997e-11
7.876671248816888290e-12
5.774523547935569182e-12
4.207251400389259434e-12
3.048259488463477890e-12
2.197507159011959062e-12
1.577135452346961088e-12
1.127395311320673437e-12
8.030453549724733040e-13
5.702045216187190282e-13
4.037317394782207422e-13
2.851382767785909885e-13
2.009369225875431341e-13
1.413168881042808004e-13
9.921819653680071337e-14
6.957811679366666181e-14
4.876151281183728475e-14
3.417216507113277051e-14
2.396565477285849662e-14
1.684819671228362306e-14
1.192177825665691767e-14
8.526859646783668880e-15
6.193220572820648667e-15
4.593054418842200634e-15
3.516829661851537065e-15
2.811839668771499430e-15
2.358222217454871914e-15
2.067352864468490997e-15
