# bin_3_2
1.381347506978773295e-08
1.402526937609974914e-08
1.426555601274153041e-08
1.453548149954790154e-08
1.484171800485433847e-08
1.518523514382792370e-08
1.556882068194771891e-08
1.599243306044429850e-08
1.646516695476424763e-08
1.698364096995870577e-08
1.754890814607129263e-08
1.815604498676444353e-08
1.880882027399035169e-08
1.950289546654319859e-08
2.023091675109712942e-08
2.098268576297467030e-08
2.174481486222293213e-08
2.248937020551819727e-08
2.318792980303249346e-08
2.380763238685168205e-08
2.433678433661532902e-08
2.477597200293867888e-08
2.510171079971907872e-08
2.524799861200766318e-08
2.516557195810983443e-08
2.488195938196369503e-08
2.438786783813086626e-08
2.364981051906732127e-08
2.265880836222118548e-08
2.146075674097623420e-08
2.006700241215017583e-08
1.849758562267642016e-08
1.682856860323464956e-08
1.508496826352590821e-08
1.334467010617391937e-08
1.164546059704062468e-08
1.004666270478577478e-08
8.575630677684374275e-09
7.253926605772028000e-09
6.088161155215989753e-09
5.071315571807963426e-09
4.191709346806209739e-09
3.437722276224504305e-09
2.799705429284362784e-09
2.269153056585866771e-09
1.835761269736451518e-09
1.486348097980608474e-09
1.206557286162135016e-09
9.831988301129958037e-10
8.053417552238116991e-10
6.636791674453966609e-10
5.502296871298571228e-10
4.586162095398994846e-10
3.838677204853554271e-10
3.221515476700134155e-10
2.706052204222762358e-10
2.270765592805359429e-10
1.900149030395113852e-10
1.583163404646309006e-10
1.311410289585448275e-10
1.078788996770090073e-10
8.804117525863457527e-11
7.123012133081705130e-11
5.709772866981396867e-11
4.532945149996981774e-11
3.563250480512424397e-11
2.773236134580370503e-11
2.137165014235990198e-11
1.631162853015101078e-11
1.233449559168255665e-11
9.245154442347527370e-12
6.872555050287211326e-12
5.069963422629369729e-12
3.714139920959958327e-12
2.703762759793131984e-12
1.957136660570185178e-12
1.409563402172365562e-12
1.010689723644988543e-12
7.218571154284220893e-13
5.137860133506799284e-13
3.645877757296897159e-13
2.580372987212504500e-13
1.822068114512514730e-13
1.284054749706902133e-13
9.035164922425671015e-14
6.349421688385804802e-14
4.458838489162594456e-14
3.130862123485518495e-14
2.199892489587193390e-14
1.549706775143683086e-14
1.096760726412494386e-14
7.824991285272399920e-15
5.652813008065767389e-15
4.163719189848148899e-15
3.156058450886445499e-15
2.481538656289855357e-15
2.045125772758849457e-15
1.770423180449465040e-15
1.608903163923558663e-15
1.526314546685353712e-15
