# bin_4_2
1.409374288781253702e-08
1.431917987865462925e-08
1.457391167026761854e-08
1.486476897360035067e-08
1.519317698001542820e-08
1.556091344803972344e-08
1.597205685918270216e-08
1.642681640891694066e-08
1.693629709695671715e-08
1.749726162239525511e-08
1.810277017805681699e-08
1.875603337779207997e-08
1.945182012741311454e-08
2.019403124895902586e-08
2.097420545659247055e-08
2.178381150170569226e-08
2.261368110946743527e-08
2.344581202007375103e-08
2.425030693767858213e-08
2.499018768183785276e-08
2.562465456235466480e-08
2.613398971618177961e-08
2.652373776969667727e-08
2.678176801215908851e-08
2.684004065086492124e-08
2.663010814638891802e-08
2.618341015039494018e-08
2.551369627344872342e-08
2.458530592475167718e-08
2.339116184981707426e-08
2.198302091550613661e-08
2.039875779193116921e-08
1.864587603077197626e-08
1.682504564240690444e-08
1.495913298939172085e-08
1.313040717267178713e-08
1.137667373967096356e-08
9.752285229704914572e-09
8.274495456821738776e-09
6.960308753507647747e-09
5.807939939887404843e-09
4.806536307146501233e-09
3.944925894414060366e-09
3.212798057679762882e-09
2.600694172469762172e-09
2.097828388324541581e-09
1.690740422379701330e-09
1.364425556034426333e-09
1.104381547222553679e-09
8.980716419073918942e-10
7.346748802073040056e-10
6.049238479036960287e-10
5.012587792263804982e-10
4.176435913109490088e-10
3.494206491051359743e-10
2.930601840427183696e-10
2.459063713596186189e-10
2.060460260447295287e-10
1.720946901661215483e-10
1.430449010576421164e-10
1.181648655400827327e-10
9.689896349461639407e-11
7.880875887590186485e-11
6.352593747865849139e-11
5.072612974584899354e-11
4.011231433738214578e-11
3.140676029724276663e-11
2.434841751838024032e-11
1.869336250788132645e-11
1.421668524213988886e-11
1.071467569109457078e-11
8.006583397339084716e-12
5.935411641815976189e-12
4.367757630668502941e-12
3.192635921815122084e-12
2.319533259060754445e-12
1.676038192928830344e-12
1.205184985276668943e-12
8.628852042377631331e-13
6.154632892089123974e-13
4.375157987347330811e-13
3.100990161485966931e-13
2.192324133031843676e-13
1.546552324167042440e-13
1.088917570013138727e-13
7.657321361395302877e-14
5.378948243025749415e-14
3.776885061855962978e-14
2.653058287756533618e-14
1.866737367301951222e-14
1.318646569751860081e-14
9.381467070598348934e-15
6.742666706144863745e-15
4.924919219874951847e-15
3.687273972332681157e-15
2.856945826163681825e-15
2.314962533795577809e-15
1.967282395001276627e-15
1.757487443654543052e-15
1.649709253771363217e-15
