# bin_4_4
1.740515240096559601e-08
1.769645419868894616e-08
1.802752096057159622e-08
1.840704385656972541e-08
1.883817218507005001e-08
1.932466042042626597e-08
1.987293314409272576e-08
2.048542468712632262e-08
2.117663945684680225e-08
2.194605746993853294e-08
2.278963340170257248e-08
2.371455700118915022e-08
2.471849538761855791e-08
2.580922801607591399e-08
2.698165075151740991e-08
2.822983341868357333e-08
2.954693229783687281e-08
3.091624532665853309e-08
3.230715042082688681e-08
3.368053551104643275e-08
3.499069729655886570e-08
3.621077221525507923e-08
3.733609113811468784e-08
3.834019593960479804e-08
3.913569468768549170e-08
3.963099519188667285e-08
3.983282336237526304e-08
3.972720478018270608e-08
3.924754782203102908e-08
3.835620079015295806e-08
3.707821519604465921e-08
3.542797355550775763e-08
3.339619140059971408e-08
3.108014156508146695e-08
2.850947537117365899e-08
2.579131118221240975e-08
2.300189853486735573e-08
2.024842282038806600e-08
1.760666532038861669e-08
1.515153474925384541e-08
1.292799028713890674e-08
1.095281282229938849e-08
9.221407313678385450e-09
7.714647185349433560e-09
6.410020283390716071e-09
5.290330732222646316e-09
4.344438880489731783e-09
3.560903761704417415e-09
2.921356367001913744e-09
2.401899263895055117e-09
1.980077025466196857e-09
1.638098294011754618e-09
1.360874992463309303e-09
1.134939017142672894e-09
9.495034351614100048e-10
7.961956341092024725e-10
6.681947672890761146e-10
5.604813286073716890e-10
4.691996398501934986e-10
3.914639422918077864e-10
3.251023335291965677e-10
2.684566436089582989e-10
2.202180841816679609e-10
1.793181370915087792e-10
1.448530796892945639e-10
1.160287631780982307e-10
9.212768102910570216e-11
7.249566021622945549e-11
5.653141976919905398e-11
4.368517205212380855e-11
3.345811487615479410e-11
2.540347133466595499e-11
1.912716062182017658e-11
1.428733696684286003e-11
1.059249113378705733e-11
7.798555651127887984e-12
5.704705170516694686e-12
4.148483090327848064e-12
3.000659685062744315e-12
2.159929020977137054e-12
1.547973012892525513e-12
1.105051190006273549e-12
7.860862240859917548e-13
5.574256692032092511e-13
3.941493417853737644e-13
2.780076580238701473e-13
1.956503954088662691e-13
1.374170788447713955e-13
9.636988057367643090e-14
6.750829249438266255e-14
4.728206265416374129e-14
3.312245971325525255e-14
2.324364600550575102e-14
1.638195084160036619e-14
1.165010116317855124e-14
8.399794449629034957e-15
6.172518194399083523e-15
4.658990878460183193e-15
3.643057766942049415e-15
3.011177141205961914e-15
