# bin_2_1
1.055848046036004949e-08
1.070621706518986062e-08
1.087295306449298179e-08
1.105945583219298238e-08
1.126696767072636817e-08
1.149310673811484647e-08
1.174341462173986604e-08
1.201893756945136790e-08
1.231940709937006894e-08
1.263986363623661267e-08
1.298055351620702470e-08
1.332840938899887846e-08
1.368163810378819452e-08
1.403702020521312553e-08
1.438717533239619585e-08
1.472522632837062627e-08
1.504159062298527646e-08
1.532760236567758208e-08
1.556712123986544878e-08
1.573507088881272902e-08
1.579817190786000960e-08
1.572700302681776466e-08
1.552283838266095850e-08
1.521887037041168054e-08
1.482236787491693257e-08
1.427907596930607479e-08
1.355961001528531180e-08
1.274020599734037585e-08
1.184453143737162042e-08
1.086880075125279293e-08
9.818791721681320256e-09
8.771371553034705384e-09
7.738366807046818475e-09
6.728091709206590736e-09
5.800713875064425287e-09
4.938630437140460022e-09
4.176127609639981669e-09
3.496174833391594929e-09
2.910001389873714615e-09
2.403531285554893546e-09
1.972200760549510502e-09
1.610613229682253663e-09
1.311077010035600927e-09
1.066609941612883538e-09
8.695628290346842952e-10
7.117764644126495152e-10
5.856168606669724391e-10
4.847398566554618906e-10
4.038111072574152190e-10
3.383712104601210293e-10
2.849142328014395420e-10
2.406757279705887715e-10
2.036014523012939059e-10
1.721628407626034892e-10
1.452541883868926674e-10
1.220612822595368286e-10
1.020118769137296597e-10
8.469373438493116450e-11
6.977455923173326257e-11
5.699949292607473458e-11
4.614166967798070357e-11
3.699921030225120556e-11
2.937951248109939407e-11
2.309960965395297554e-11
1.798401766475238151e-11
1.386655809717733335e-11
1.059205567532195817e-11
8.018587421744930990e-12
6.019246447970939079e-12
4.482899070070827583e-12
3.314427753443717234e-12
2.434307377607858995e-12
1.777128923127853295e-12
1.290336318009695595e-12
9.323523551056958976e-13
6.707441837707995124e-13
4.806775473278551575e-13
3.432699776009385697e-13
2.443883864586892262e-13
1.735190015174863658e-13
1.229097701792400088e-13
8.687089679468367326e-14
6.128353833849482399e-14
4.318271342511130051e-14
3.039669055473616903e-14
2.139813188097968412e-14
1.506373959720517604e-14
1.063391728833497450e-14
7.545565492256552479e-15
5.401594353727634692e-15
3.922473216020584288e-15
2.912698964954222369e-15
2.228076295068267219e-15
1.773947785321396691e-15
1.485277093191075560e-15
1.305417205272688438e-15
1.201236897026177341e-15
1.143605437868697901e-15
1.116083795449864981e-15
1.104530345165379325e-15
