# bin_2_2
1.246679236063249279e-08
1.265536752754950128e-08
1.286928625712599923e-08
1.311017239979158685e-08
1.338032075768103890e-08
1.367800378437246349e-08
1.401039759421363710e-08
1.437967062769313301e-08
1.478674089325945619e-08
1.522725474251588053e-08
1.570367525578047650e-08
1.620311658739818826e-08
1.672480786444615519e-08
1.726580811352327864e-08
1.781948195051839696e-08
1.837780399480286846e-08
1.892968677854448424e-08
1.946428228347417257e-08
1.996172940992958206e-08
2.039202305385500887e-08
2.071460406439554419e-08
2.089213998576761081e-08
2.091762954488594194e-08
2.081552834183510559e-08
2.058251190376736564e-08
2.015162064122760045e-08
1.948216316618084416e-08
1.864386462553839201e-08
1.765479733594854961e-08
1.650673794783663006e-08
1.520623744234202250e-08
1.383974028495010565e-08
1.242948246758738590e-08
1.099918468639982466e-08
9.631051944378514834e-09
8.324905007905856054e-09
7.135348655646438423e-09
6.056607016550599146e-09
5.108819705098408822e-09
4.278386644875115160e-09
3.558567523577616287e-09
2.941495051007353268e-09
2.417830295238889642e-09
1.980365952521915498e-09
1.620932988022972148e-09
1.328789550046061532e-09
1.092499322732831007e-09
9.018357960640665736e-10
7.482241200412700852e-10
6.244158801803579959e-10
5.241309051659224298e-10
4.419968890137518060e-10
3.736696327077024459e-10
3.160113567797742295e-10
2.672134649193998094e-10
2.258313751597286111e-10
1.901367566493411141e-10
1.591677137158534720e-10
1.326002287589120932e-10
1.096150383356932833e-10
8.995703136370426230e-11
7.318720875717402840e-11
5.902668378871205470e-11
4.717274529114184745e-11
3.735367819081621048e-11
2.930511893802992917e-11
2.278257968697685619e-11
1.755644962817746585e-11
1.341499628896215600e-11
1.016913320645762227e-11
7.651558098699819375e-12
5.717536148608827703e-12
4.245762391828655573e-12
3.134750723244307293e-12
2.302541691220556781e-12
1.683431078672381261e-12
1.225599904289279727e-12
8.889063654181785109e-13
6.425009685316767164e-13
4.629432759560191595e-13
3.326313409931284252e-13
2.383602903374191513e-13
1.703844979752023405e-13
1.215324615213061383e-13
8.651062343919604676e-14
6.146981146889510226e-14
4.361673528595032938e-14
3.091690340311336707e-14
2.190965472875143720e-14
1.555093083045212960e-14
1.107613130261843854e-14
7.939669857787282947e-15
5.750751580110049574e-15
4.236679237089474208e-15
3.201467553837258450e-15
2.503395658887850885e-15
2.041141226936999879e-15
1.740988922645870550e-15
1.555820784179117222e-15
1.450945222908461243e-15
