# bin_4_1
1.162266879034875230e-08
1.179233331549237589e-08
1.198269088304580133e-08
1.219893097188864913e-08
1.244118958494520656e-08
1.270979950373977944e-08
1.300707065229427522e-08
1.333187172188142396e-08
1.369244688559824420e-08
1.408409950797488059e-08
1.449831690864315261e-08
1.493551516430376829e-08
1.538956718200114065e-08
1.586238954608511393e-08
1.634441541233015344e-08
1.682730506119358791e-08
1.730245630730856412e-08
1.775372769710161099e-08
1.815544509888510683e-08
1.847609597699981654e-08
1.868283495478525517e-08
1.876518167755083728e-08
1.873961250876800029e-08
1.860765096290447813e-08
1.831846098858263481e-08
1.782190412763778170e-08
1.716528333570634748e-08
1.637808952894883317e-08
1.544090492455115755e-08
1.435872708734815053e-08
1.318703158964331761e-08
1.196319003352483978e-08
1.068753017149711992e-08
9.440852472890661818e-09
8.223445047702480045e-09
7.085394221035948441e-09
6.033539799722595231e-09
5.091305198959874549e-09
4.253500206182328776e-09
3.523191435160241007e-09
2.894384072494697548e-09
2.358463769931565056e-09
1.908401770151061349e-09
1.536672913387289270e-09
1.234565647868167240e-09
9.922818731931143090e-10
7.994235303801475228e-10
6.467163423274974891e-10
5.262569392830152689e-10
4.313228320394492222e-10
3.563151136040726112e-10
2.964654443031551208e-10
2.481355126045808582e-10
2.085399675566913873e-10
1.756634937319728584e-10
1.479968513693783596e-10
1.244343906472648142e-10
1.042220271889251085e-10
8.682388930002366181e-11
7.183947837069968937e-11
5.897820063499547969e-11
4.800155242903646303e-11
3.870807236977271374e-11
3.091399501704167079e-11
2.444692784749559022e-11
1.914206102133141633e-11
1.484207999542205544e-11
1.139842211392682256e-11
8.673491131564031040e-12
6.542395676634106608e-12
4.894373269011620854e-12
3.633521850368544413e-12
2.678441305516294626e-12
1.961652103481685419e-12
1.428265699245592978e-12
1.034373380361365378e-12
7.455415727619904263e-13
5.350518769919183648e-13
3.825394716098628166e-13
2.725776538402242552e-13
1.936446789710118157e-13
1.372086094691260835e-13
9.700958631690059088e-14
6.846967890756555644e-14
4.824819277533032512e-14
3.399409165112948064e-14
2.392704635633638522e-14
1.686635688099460014e-14
1.192557954934799867e-14
8.475048071130144893e-15
6.082286896321175016e-15
4.431852210549698807e-15
3.299021759168093904e-15
2.532492335777907012e-15
2.033265678867000095e-15
1.712248750106421669e-15
1.518807483470471853e-15
1.404491687757598350e-15
1.346272004969081698e-15
1.320556482962021186e-15
