# bin_1_1
9.066458117852139553e-09
9.191822561366442026e-09
9.333297025960428554e-09
9.491528147249527713e-09
9.667018695761193166e-09
9.857240794637656941e-09
1.006397450294674007e-08
1.029265531089737257e-08
1.054182172121065339e-08
1.080876831673316396e-08
1.108202253421098424e-08
1.135809551160746045e-08
1.162995100679749881e-08
1.189104911932869083e-08
1.213016665238378839e-08
1.233337288503680407e-08
1.249648418475181085e-08
1.261542729002602461e-08
1.268403207769268582e-08
1.269728199140253621e-08
1.264630124365012863e-08
1.250687772012929113e-08
1.224818871351682818e-08
1.184439061569586345e-08
1.131544537319808301e-08
1.072841848151666037e-08
1.010624212227294051e-08
9.386243589808673653e-09
8.557486495857470919e-09
7.726001551369924082e-09
6.905505043988912552e-09
6.098188180357002229e-09
5.292257185634347291e-09
4.570584854347701878e-09
3.906491017448800678e-09
3.299235371151122455e-09
2.780540888879178986e-09
2.316072228143382417e-09
1.927145736516259321e-09
1.588354911372352559e-09
1.308584153296902994e-09
1.075589874501048342e-09
8.838123562897438547e-10
7.291038076514809123e-10
6.042356532096597477e-10
5.033510712866011024e-10
4.215862334724343113e-10
3.550064740682012651e-10
3.003390705705824783e-10
2.549492044521529123e-10
2.168381387874940075e-10
1.844178637930820390e-10
1.565287645905564333e-10
1.323670024099101463e-10
1.114184475932906834e-10
9.325915353040090589e-11
7.749997001158439246e-11
6.389348337449511329e-11
5.225140439796310349e-11
4.234525084474220538e-11
3.400956996511567195e-11
2.706015502463303194e-11
2.133142191551919660e-11
1.666100960352047269e-11
1.289667734646890008e-11
9.896557693678465508e-12
7.531939687892851959e-12
5.688012312178344918e-12
4.264589222104790776e-12
3.176191783972632713e-12
2.351198251656340842e-12
1.730909478662556674e-12
1.267904778405830556e-12
9.245405811215034178e-13
6.714313378986441687e-13
4.857929314352344045e-13
3.503052669474259158e-13
2.518180723975256400e-13
1.805225409968900583e-13
1.290608036531376974e-13
9.205062312345211636e-14
6.553568683547784967e-14
4.657222666602397268e-14
3.304619001206057239e-14
2.341066826619410837e-14
1.661103354031622101e-14
1.176745216489744369e-14
8.368070654878746748e-15
5.996523477984271877e-15
4.337474132766985536e-15
3.189347914070506522e-15
2.407803878421653697e-15
1.879007956397036485e-15
1.530302815412850674e-15
1.309379610857789856e-15
1.170894198241935134e-15
1.088988374546036057e-15
1.041289241848955011e-15
1.014187357826615927e-15
9.989077054880468579e-16
