# bin_3_1
1.146162401068645014e-08
1.162174178898030834e-08
1.180228794989462914e-08
1.200339609019621622e-08
1.223007106581212119e-08
1.248203383580755325e-08
1.276053240394768217e-08
1.306424048649597304e-08
1.339986648174622791e-08
1.376281174047294988e-08
1.415195820087705448e-08
1.456114186634549112e-08
1.499211017111277007e-08
1.543972354237269165e-08
1.589595632163842924e-08
1.635081303332292325e-08
1.679162300689094192e-08
1.719323311808880584e-08
1.753088037508654901e-08
1.777744240167542757e-08
1.792807539741220947e-08
1.799200759801751179e-08
1.795692034939810717e-08
1.777090351650478915e-08
1.739989471622501353e-08
1.688541577429550029e-08
1.623338755858963618e-08
1.542588340448458072e-08
1.446675768836802935e-08
1.340879455665326779e-08
1.226743656125567088e-08
1.106020615617348861e-08
9.851192650859431757e-09
8.649171969221043306e-09
7.506182942027776291e-09
6.432879225764377318e-09
5.458754789969103182e-09
4.586432738181728445e-09
3.819177071290581270e-09
3.154542469563567296e-09
2.584918571094627380e-09
2.102371895940928611e-09
1.699391841723919452e-09
1.368229793632403636e-09
1.100341279641426574e-09
8.862940918271273755e-10
7.163848233382525163e-10
5.821492430854156620e-10
4.763362140166553643e-10
3.928044858583466076e-10
3.264573669984774334e-10
2.731128949141776058e-10
2.296448376325541282e-10
1.936846597615172883e-10
1.635303287990761286e-10
1.379489552423731706e-10
1.160073240413475810e-10
9.707427317420167653e-11
8.073746119554430627e-11
6.664237492005853502e-11
5.455082587419232372e-11
4.424559587905852982e-11
3.554370743184094315e-11
2.827053324683767777e-11
2.226015943614431036e-11
1.735193102436740327e-11
1.339274722715701589e-11
1.023816242274698443e-11
7.755039734838144797e-12
5.823431825038063435e-12
4.337665332635713283e-12
3.206923996052201886e-12
2.354812712990866354e-12
1.718465323852165907e-12
1.247135637811052607e-12
9.006190036089185142e-13
6.475196411644271220e-13
4.637651367935262354e-13
3.310302786804551267e-13
2.355684961363376242e-13
1.672130013727886129e-13
1.184263835904976350e-13
8.371318288714221914e-14
5.908742212875652724e-14
4.166541269193135695e-14
2.935351461948908708e-14
2.069561535327701505e-14
1.461994628563627739e-14
1.035128304818095370e-14
7.383354912040375579e-15
5.319057292004019670e-15
3.894918345077438623e-15
2.922396534829729649e-15
2.268735160735695571e-15
1.846387177497501803e-15
1.575651387159961134e-15
1.416288510725721126e-15
1.321681409059170913e-15
1.275163530816779632e-15
1.254539333585180916e-15
