# 2pt_theory
1.029607275093989828e-05
8.544332962425756463e-06
7.002138544144282220e-06
5.675554830947314204e-06
4.560467725429008978e-06
3.643723847126451588e-06
2.905266204883891760e-06
2.320396866701359492e-06
1.862544276384921683e-06
1.505744481420649622e-06
1.226526111601600902e-06
1.005074565381500756e-06
8.257143062760824512e-07
6.769210613443279854e-07
5.508490021397936480e-07
4.423265454316461682e-07
3.486865076718232978e-07
2.686757083320307109e-07
2.013414011240473943e-07
1.460433718113738151e-07
6.016595638075850717e-06
4.847067985717283542e-06
3.914550293897191453e-06
3.179502024669079735e-06
2.602166685411559339e-06
2.145994030078702088e-06
1.779837128250105423e-06
1.479032881442202760e-06
1.225512860065102547e-06
1.007128791933213680e-06
8.165519667847334366e-07
6.499405212625177904e-07
5.055169766912807723e-07
3.826064422411104367e-07
2.806421824759861721e-07
1.986736382073902797e-07
7.015910426139655774e-06
5.719374246320110477e-06
4.695080603732577828e-06
3.888375294239278619e-06
3.248183207189602660e-06
2.730599796465703222e-06
2.300760274955037435e-06
1.933226900932805341e-06
1.611166597714483499e-06
1.324872698585597576e-06
1.069818419506740123e-06
8.444831480196921261e-07
6.491772050258402945e-07
4.843119649922479095e-07
3.493301550190171057e-07
2.425588653753537915e-07
9.333610852299146485e-06
7.612615136035687643e-06
6.238542346765375315e-06
5.151084106756163522e-06
4.289937810543844216e-06
3.600141192144842189e-06
3.035550740087639778e-06
2.560411218632084692e-06
2.149389444104139260e-06
1.786390750840380845e-06
1.462647253158427533e-06
1.174509825669799244e-06
9.211935102465319363e-07
7.031541211654776403e-07
5.205464557582028989e-07
3.722117049361227175e-07
2.559251762475511627e-07
1.058756090612067205e-05
8.516541918399365364e-06
6.881353051347439293e-06
5.596235591104105356e-06
4.582424993657543929e-06
3.772531933378701221e-06
3.112854636280708056e-06
2.563470556326596022e-06
2.096440495425266860e-06
1.694286217480306328e-06
1.346915116395523264e-06
1.046930449758304664e-06
7.930346540210943986e-07
5.837772895977803898e-07
4.155146447011582080e-07
2.846783213277749396e-07
1.358557480752849751e-05
1.112739382890643243e-05
9.171952187158209565e-06
7.610408375077541215e-06
6.346954607819921695e-06
5.303499852182230684e-06
4.421127076246001527e-06
3.659044623991587393e-06
2.991734519420150415e-06
2.405232945120074796e-06
1.893135403558439634e-06
1.452832267658900085e-06
1.082952164906140979e-06
7.812195466736733586e-07
5.433340844186186383e-07
3.626970690674235520e-07
1.495900145866939769e-05
1.233756184355391721e-05
1.024735485525709881e-05
8.565837137863111051e-06
7.188568701383904926e-06
6.033314726914117701e-06
5.040503150792778001e-06
4.171045436341490258e-06
3.402340573637924784e-06
2.723518689963782656e-06
2.130738786547048682e-06
1.623042719262310245e-06
1.199448624493137812e-06
8.569313242631937000e-07
5.895574841331153290e-07
3.884782059890573922e-07
2.456482471208775231e-05
1.994773644239519877e-05
1.627305850909993744e-05
1.333665226647162286e-05
1.096328567480991347e-05
9.012386612995110005e-06
7.378705532217571768e-06
5.988930313428692385e-06
4.795838968871895698e-06
3.771357749274946845e-06
2.899457192730581669e-06
2.170052275446280881e-06
1.574583815798594710e-06
1.103174911304304234e-06
7.434337593288810933e-07
4.794971929084357458e-07
2.722744114677677109e-05
2.240329304589897084e-05
1.852629984739007980e-05
1.537702050276224024e-05
1.277496111241530793e-05
1.058214276452212084e-05
8.701048186865562945e-06
7.068477291989938479e-06
5.647490216603012719e-06
4.418590877976354736e-06
3.371632434453478317e-06
2.499310604559782765e-06
1.792868959148450116e-06
1.239997565747597573e-06
8.240011600623956688e-07
5.214336871658582744e-07
4.608323431533641311e-05
3.742833960221208253e-05
3.051403847527232142e-05
2.497773347166618350e-05
2.050309487678625737e-05
1.683212356651858014e-05
1.376823601780946900e-05
1.117171389567362859e-05
8.950339793251636889e-06
7.047652219072807442e-06
5.430277656593070200e-06
4.077197977689823077e-06
2.971100637742740219e-06
2.093355582179273425e-06
1.420722603958251283e-06
9.238944310265193073e-07
5.665944134692931653e-07
7.569763814115833615e-07
6.123671271536748890e-07
4.905788198266598398e-07
3.916460307749212620e-07
3.138781548752500262e-07
2.542214193545766954e-07
2.095342916210987659e-07
1.761152997630444806e-07
1.505151084123578629e-07
1.300952007814462188e-07
4.545857221786318791e-07
3.777609330940081225e-07
3.196030184523096305e-07
2.747688459708002472e-07
2.386927848283580042e-07
2.079487183479774013e-07
5.905851427690309567e-07
5.008891997678173011e-07
4.318713230678505652e-07
3.766170689003773868e-07
3.297270726657290868e-07
2.875999433935895947e-07
7.861504085457243553e-07
6.600068968482140902e-07
5.633727358870522529e-07
4.878131139365523009e-07
4.260345209318150645e-07
3.725412700233740600e-07
3.239406665231719197e-07
7.954940426298448417e-07
6.713492365881846757e-07
5.759024163648583215e-07
4.987684238900376660e-07
4.326147835351145401e-07
3.734400115269642115e-07
9.766015781665263632e-07
8.496069922680196902e-07
7.418954879665950161e-07
6.455748245460220602e-07
5.559306166273540394e-07
1.129732752363087418e-06
9.874537155725701262e-07
8.636646300416948852e-07
7.505677077185042974e-07
6.439440203690728010e-07
1.662499790152085239e-06
1.443217601611981101e-06
1.252180998337054474e-06
1.078256378116319076e-06
9.153299068126397115e-07
2.015300856618928386e-06
1.758244594239514172e-06
1.527064653438768527e-06
1.311527511665597024e-06
1.106486511836716298e-06
3.048936406703269297e-06
2.649292089028221638e-06
2.301280183743205872e-06
1.984222310493454956e-06
1.687116651869308283e-06
1.406581260069138221e-06
