# 2pt_simulation
1.313145789776663642e-05
1.629272684612012882e-05
5.619960379944609380e-06
1.552090527340402189e-06
9.731928818736892492e-07
5.126340668004653683e-06
4.759104496206507582e-07
1.013018543406850369e-06
1.424657381646795605e-06
2.116011105824343150e-06
1.850438631650636237e-06
1.179415198668563694e-06
1.234595605262481160e-06
1.581189025046239207e-06
7.583636307354242945e-07
2.707836954293502576e-07
5.285837842985759914e-07
2.748273254358633727e-07
1.447271009434709719e-07
1.125860200810713030e-07
4.812892094439125198e-06
6.133391052917629494e-06
4.336344930044390906e-06
3.193381894408041565e-06
2.954553757093121445e-06
2.970088649984765122e-06
2.035874790783672014e-06
1.423402877815005951e-06
1.235323896233898114e-06
1.422894388924404259e-06
1.153934674595719832e-06
4.065684654768635193e-07
4.824653177696883682e-07
2.962263812132276809e-07
4.704900230356072571e-07
1.930166478674151048e-07
1.051146512558648867e-05
6.756286144221673326e-06
3.637244345666631780e-06
6.336372762057705913e-06
4.798282648001599225e-06
3.320502734590502858e-06
2.882228196234748738e-06
2.171711456227010703e-06
1.861303092286878483e-06
1.598708552771055510e-06
1.113982284895214246e-06
8.879591130172651025e-07
6.272895250600889656e-07
4.255795623561456725e-07
4.355990713951633440e-07
4.366826285267550402e-07
1.190297059969051648e-05
5.445295405296864233e-06
6.194105895542126935e-06
5.073364945691788530e-06
2.111700776054144780e-06
4.492663340040506587e-06
4.107921538935816480e-06
3.628963477094359760e-06
1.836743633830037990e-06
1.844730799725496334e-06
1.247205541840588490e-06
6.430423828049443346e-07
9.972397639636667259e-07
6.991920662421470588e-07
3.637456980637792217e-07
4.336877332227195277e-07
1.555876996427815366e-07
9.609560148574743338e-06
1.198065507791453460e-05
8.781349247283090821e-06
6.864411943957207896e-06
5.189492814320874305e-06
5.292162032945273776e-06
4.007521154577878526e-06
1.900659109439567402e-06
2.657544882432611424e-06
2.261272735026619433e-06
1.875420972167285963e-06
1.804357595189577888e-06
1.302576249369339565e-06
1.071054110356592379e-06
6.456256223658962027e-07
3.560246605889762047e-07
1.687868205212000294e-05
1.055018395832063315e-05
1.103686870782139690e-05
9.322053188941928684e-06
7.326832855582777465e-06
7.443990440632230741e-06
5.103494155843051474e-06
4.031464153161181211e-06
2.755671938294870163e-06
2.949127896130141354e-06
2.491524943134816460e-06
1.485903987317905012e-06
1.706168027391838104e-06
9.842088629088553388e-07
7.536578645571341418e-07
5.410565825824581212e-07
1.476403131078714336e-05
1.692067455453351500e-05
8.164238542603777745e-06
8.369121807399088108e-06
7.230265393028016648e-06
5.730298673694969950e-06
6.043029507339096922e-06
3.651797090487743331e-06
4.005275774147622602e-06
2.990917836888866140e-06
2.947829681575155654e-06
2.117163139034912625e-06
1.539027926998310998e-06
1.177383064210629482e-06
7.939771709285811743e-07
3.098554774029523673e-07
2.480801412706767667e-05
1.924010429659362117e-05
1.673523613065864760e-05
1.148583070926824571e-05
1.253717072491411553e-05
8.571829663527358011e-06
7.137913017238386394e-06
5.932772925835882727e-06
4.672001870081758711e-06
3.980716719427878736e-06
3.080047332048637808e-06
2.370739936067698306e-06
1.572154006832126841e-06
1.615435665837553076e-06
8.844658199577677404e-07
5.377390205639766004e-07
3.153085302617961123e-05
2.475261291813350641e-05
2.088617876514236080e-05
1.756489411584049565e-05
1.321711407433503802e-05
1.022725315788359482e-05
9.652691273738998903e-06
7.844081167587131870e-06
5.437907473875480932e-06
5.386342043396080801e-06
3.534372652127987414e-06
2.912022391458137930e-06
1.840670880506758683e-06
1.300133459100904054e-06
5.031601803962806369e-07
3.838189681969853672e-07
4.777438717993215861e-05
3.826439475571167165e-05
2.611307701785230644e-05
2.248194185098096562e-05
2.191690804266270028e-05
1.811421763048474249e-05
1.053965102656912915e-05
1.158903589880357329e-05
9.251276045817665548e-06
7.220319316180833393e-06
6.370458329632021432e-06
4.091663668496074226e-06
3.376465607607798290e-06
2.098495889638809082e-06
1.379761208728967145e-06
6.643534463997578842e-07
3.045154399822970167e-07
4.565389112385059532e-07
8.389654686417029748e-07
3.205615386647060088e-07
7.321112615795012212e-07
5.827656287787804014e-07
-5.699324011858660772e-09
3.368903608143634457e-07
3.293056698037358932e-07
-2.356286419415513883e-08
7.292261037368985182e-08
4.628870946957099069e-07
3.379942654989112839e-07
3.219995912020037493e-07
2.044219277635570849e-07
3.929762511364137249e-07
1.875742376140274932e-07
6.706407240137635519e-07
5.400918511883968616e-07
4.464877290814412026e-07
4.968681729959915406e-07
4.794339846548934213e-07
2.718281091190061064e-07
6.479776181189487288e-07
5.875998918099677607e-07
8.349771043447173225e-07
6.802661744998519108e-07
7.187800228590952873e-07
3.743696405139863167e-07
2.790356364855276906e-07
4.491216241878282350e-07
7.614695466025082958e-07
5.565762321210531461e-07
7.580952152529180018e-07
5.659936134783288010e-07
5.438837739338166595e-07
1.080357974992195842e-06
6.919804974035925474e-07
6.749954618761097304e-07
7.044938393026994860e-07
6.716542647898508829e-07
1.111274780545775356e-06
9.893210577801214110e-07
1.008329417529647617e-06
7.033054027747790377e-07
6.949657338954318954e-07
1.659583104394889167e-06
1.649266940477513727e-06
1.243735201647751877e-06
1.171601594316486232e-06
8.556468542652117715e-07
2.094375760938288005e-06
1.983909202180690232e-06
1.512713577121535837e-06
1.286185814003142135e-06
1.306022096541403949e-06
3.957827159540493824e-06
2.610727449697921892e-06
2.197664862088573767e-06
1.901858614967760301e-06
1.721436988296260223e-06
1.524994760012029834e-06
