# 2pt_angle
8.229387690873494164e-04
1.036064005890620626e-03
1.304352096216184701e-03
1.642127882053423310e-03
2.067361448446826747e-03
2.602802414643366497e-03
3.276565214141882992e-03
4.124979260334946281e-03
5.193234685324933653e-03
6.537672584372390336e-03
8.230726304870724860e-03
1.036155036403195624e-02
1.304433902723648765e-02
1.642187056261512276e-02
2.067347733315703234e-02
2.602584821301817675e-02
3.276410623739660355e-02
4.124591051912492728e-02
5.192413877239702297e-02
6.536837367894852979e-02
2.067404346888919182e-03
2.602859436614295835e-03
3.276626304192232098e-03
4.125048999379209679e-03
5.193313670611752510e-03
6.537725976513922982e-03
8.230826394195351822e-03
1.036162203488453538e-02
1.304440631046090496e-02
1.642197356864965804e-02
2.067354346742797042e-02
2.602587407713157636e-02
3.276419089252412264e-02
4.124593954762947878e-02
5.192437749874498354e-02
6.536846849293463657e-02
2.067480320799592632e-03
2.602945357474030583e-03
3.276707559662965941e-03
4.125125097014316171e-03
5.193429132904256451e-03
6.537829466237272957e-03
8.230980877875023263e-03
1.036174568187055688e-02
1.304452911821049090e-02
1.642209874902195513e-02
2.067371571113857734e-02
2.602589584209177506e-02
3.276434599315902058e-02
4.124600649539184732e-02
5.192436752382122156e-02
6.536811025592441371e-02
1.642237962306658137e-03
2.067490391240206851e-03
2.603002249132450006e-03
3.276677055831471799e-03
4.125090957627676469e-03
5.193498118219254216e-03
6.537729502783557779e-03
8.231088788462879308e-03
1.036169136098003506e-02
1.304442227697577388e-02
1.642198969160880290e-02
2.067357828764374364e-02
2.602577357547419812e-02
3.276455038182596313e-02
4.124591526004693642e-02
5.192470524704016072e-02
6.536911977272825969e-02
2.067347184174750732e-03
2.602822611921332911e-03
3.276549756529092972e-03
4.124962042625409525e-03
5.193253299181092332e-03
6.537605280408599270e-03
8.230739311525759119e-03
1.036145429605832453e-02
1.304419445591696071e-02
1.642173995452087670e-02
2.067322984215759843e-02
2.602550155834851275e-02
3.276395450362752648e-02
4.124550737059990563e-02
5.192409733713088810e-02
6.536822584772988831e-02
2.067434128796869809e-03
2.602924761912462758e-03
3.276636126546632419e-03
4.125046251180674618e-03
5.193374004810051396e-03
6.537696768592391079e-03
8.230899970695893311e-03
1.036158256733426750e-02
1.304432157318395624e-02
1.642186327744759450e-02
2.067346018998521620e-02
2.602554023297657532e-02
3.276411153818383631e-02
4.124557746716523560e-02
5.192424144438756439e-02
6.536785400805167345e-02
2.067446966500325212e-03
2.603020793557555331e-03
3.276594182882616897e-03
4.125007876581394256e-03
5.193478829846504517e-03
6.537557375123999835e-03
8.231059013594747495e-03
1.036149775398141626e-02
1.304414466801815005e-02
1.642161512093385720e-02
2.067317060987837116e-02
2.602516676785817870e-02
3.276420441222116509e-02
4.124525150765612908e-02
5.192433161265755381e-02
6.536852944857111936e-02
2.067348957187579300e-03
2.602853673278159377e-03
3.276512286321035545e-03
4.124901106865218325e-03
5.193259258440451748e-03
6.537491676748980948e-03
8.230757437863053111e-03
1.036131613120596165e-02
1.304402078896666102e-02
1.642154728937295777e-02
2.067309303956908415e-02
2.602500702391028278e-02
3.276388216811741694e-02
4.124529656858613724e-02
5.192372486677039600e-02
6.536704813629770627e-02
2.067406029971643154e-03
2.603002363065773719e-03
3.276528456172020636e-03
4.124932677133771354e-03
5.193437300270901426e-03
6.537427930979547094e-03
8.231007612566640028e-03
1.036137047569893506e-02
1.304401178893474164e-02
1.642149505618437436e-02
2.067300184131859800e-02
2.602488747253394949e-02
3.276406826133294176e-02
4.124491594148829710e-02
5.192379134164819970e-02
6.536801302878254838e-02
1.642092352263204011e-03
2.067330751938990276e-03
2.603160470827256719e-03
3.276294684396623916e-03
4.124687170202066128e-03
5.193553861026972869e-03
6.536872814109264372e-03
8.231168100714034846e-03
1.036083278399515563e-02
1.304324687297970381e-02
1.642063496529050370e-02
2.067197020122169340e-02
2.602367628683371556e-02
3.276386633043287810e-02
4.124358080220871109e-02
5.192352492209578729e-02
6.536780702156609613e-02
8.230726304870724860e-03
1.036155036403195624e-02
1.304433902723648765e-02
1.642187056261512276e-02
2.067347733315703234e-02
2.602584821301817675e-02
3.276410623739660355e-02
4.124591051912492728e-02
5.192413877239702297e-02
6.536837367894852979e-02
2.067354346742797042e-02
2.602587407713157636e-02
3.276419089252412264e-02
4.124593954762947878e-02
5.192437749874498354e-02
6.536846849293463657e-02
2.067371571113857734e-02
2.602589584209177506e-02
3.276434599315902058e-02
4.124600649539184732e-02
5.192436752382122156e-02
6.536811025592441371e-02
1.642198969160880290e-02
2.067357828764374364e-02
2.602577357547419812e-02
3.276455038182596313e-02
4.124591526004693642e-02
5.192470524704016072e-02
6.536911977272825969e-02
2.067322984215759843e-02
2.602550155834851275e-02
3.276395450362752648e-02
4.124550737059990563e-02
5.192409733713088810e-02
6.536822584772988831e-02
2.602554023297657532e-02
3.276411153818383631e-02
4.124557746716523560e-02
5.192424144438756439e-02
6.536785400805167345e-02
2.602516676785817870e-02
3.276420441222116509e-02
4.124525150765612908e-02
5.192433161265755381e-02
6.536852944857111936e-02
2.602500702391028278e-02
3.276388216811741694e-02
4.124529656858613724e-02
5.192372486677039600e-02
6.536704813629770627e-02
2.602488747253394949e-02
3.276406826133294176e-02
4.124491594148829710e-02
5.192379134164819970e-02
6.536801302878254838e-02
2.067197020122169340e-02
2.602367628683371556e-02
3.276386633043287810e-02
4.124358080220871109e-02
5.192352492209578729e-02
6.536780702156609613e-02
