# 2pt_data
1.583901478293078834e-05
1.689815445722552646e-05
6.599896119295064048e-06
9.033453787738366416e-06
-6.584225473047076788e-07
5.460057240380874225e-07
2.161643640055691670e-06
9.727502895255272072e-07
1.392511265855126879e-06
8.821705914045014746e-07
-3.492908878216241437e-07
7.059346159295537368e-07
4.894495353227901075e-07
4.396774681063935889e-07
6.491460842285708301e-07
1.363934225461117522e-07
6.070402025837221211e-08
2.731551515325625208e-07
2.890468098772524121e-07
1.218437350187891038e-07
1.299166011464282093e-06
5.329630371079907317e-06
3.847727025149558608e-06
1.710536627345875061e-06
2.883819872234608972e-06
2.497938682238305278e-06
2.564820270400775373e-06
9.675704705591517392e-07
1.098289377012632265e-06
5.837248981807797221e-07
6.680113264626733278e-07
4.472214774272331100e-07
5.025536290053526053e-07
4.670315637590651601e-07
2.042547546209815647e-07
1.270750790063232731e-07
7.137849028685118419e-06
1.027177868533714466e-05
5.594680313555786635e-06
2.468155149650403750e-06
4.077447929485506399e-06
2.527858409990426074e-06
2.695311318213196951e-06
1.591240137877657550e-06
1.828682325721900033e-06
1.177071329518007864e-06
1.031559375885722146e-06
6.627826277451379641e-07
5.457803949505503863e-07
5.260957503810790322e-07
1.351254866256815892e-07
4.501176458398545319e-08
7.006427681179689032e-06
8.251139248776518875e-06
4.746701419660783928e-06
6.659094583944874414e-06
3.690410817898230181e-06
2.528297552118319083e-06
2.225584399193249902e-06
3.070612772617129612e-06
1.928999204194291305e-06
2.006524295156119938e-06
1.250304634923211061e-06
1.427497005821872607e-06
4.020930149912451213e-07
6.813505009428017319e-07
3.461118401734472786e-07
2.340882031599486129e-07
1.379547019704711058e-07
9.831795797342820849e-06
7.441430731996518389e-06
7.514090916736956206e-06
5.726360804964811652e-06
5.555530212856859706e-06
2.697005886094426532e-06
3.487046631151671931e-06
1.389774036644642537e-06
8.727710866700663453e-07
9.084171493909319751e-07
1.057802329833847543e-06
1.164757860583041234e-06
7.838985229780568313e-07
4.803985299901561553e-07
2.263368853336463872e-07
4.414928509013732673e-07
1.354384915184528544e-05
1.073525984442671484e-05
7.869098989092244647e-06
6.446212223208306770e-06
5.972187741315024757e-06
4.366391235040997134e-06
4.469876290778011980e-06
3.310804181994781275e-06
2.293310441151171874e-06
2.016319793052724183e-06
1.206910317208238905e-06
1.281560557217784775e-06
1.186234679654691546e-06
8.294924504753031069e-07
4.597010515734067038e-07
2.046254960617809886e-07
1.461984594626684311e-05
1.537917443597576478e-05
1.084976207373450444e-05
9.055041893054840244e-06
6.132063459689600677e-06
4.598100540002250480e-06
5.041882870007491870e-06
4.174092136156965200e-06
3.050643471241060385e-06
2.524650287236646951e-06
2.181882339428468031e-06
1.597276371302396994e-06
1.120832928100126645e-06
1.026842723353995960e-06
3.583650357287757536e-07
4.598964363141891611e-07
2.481958318049399205e-05
2.201634388560296408e-05
1.721576050961944556e-05
1.433492462550897070e-05
1.106652714461844167e-05
1.087901256334286145e-05
7.913378922837245374e-06
5.407623799921072251e-06
5.257432422796391315e-06
3.507241299966566718e-06
1.981364775788764716e-06
1.962829967137156704e-06
1.485660390635404640e-06
8.233617596349230963e-07
3.934090974604304676e-07
3.653924475225740658e-07
2.595456101161928335e-05
2.296591677231625591e-05
2.204933252201877870e-05
1.857676519529639781e-05
1.214791550866477614e-05
1.170704747388452902e-05
8.264914353334909341e-06
6.217568484740383037e-06
5.794232548536142477e-06
4.714749464678915340e-06
3.535888759604998243e-06
2.411708253682328982e-06
1.464300456017167521e-06
1.069673167201682008e-06
7.922438713380487502e-07
4.731824877372868865e-07
3.495778871815531202e-05
3.112693699745240573e-05
2.802008916469709933e-05
1.861848536122920485e-05
1.988593404605301038e-05
1.847282228575892863e-05
1.380482321029869057e-05
9.880448448446180399e-06
8.381427088855859800e-06
6.147519859707286220e-06
5.128177501292762433e-06
3.663254815430886752e-06
3.456780952608956153e-06
2.127836847427310888e-06
1.163323613975036719e-06
6.002595896206168526e-07
4.308668731752215024e-07
1.320519344861959545e-06
1.592129268976940109e-06
1.847894694832995645e-07
4.864089251325720820e-07
1.074558949018232656e-07
2.855381616701898327e-07
1.025240026327876424e-07
7.313661604979874620e-08
1.133672751740576642e-07
1.222866323846828488e-07
5.183919422208332175e-07
2.718991069872929004e-07
4.785937237025631716e-07
3.896071106153064956e-07
2.668628078785451274e-07
2.337380248841561044e-07
7.462538270699768471e-07
2.360465383362070315e-07
7.604761142654804840e-07
5.482007156688562299e-07
1.817345370167091481e-07
2.829441571610617890e-07
8.478530091175369071e-07
5.678660484183427696e-07
5.801117152201695903e-07
3.650022960305867998e-07
4.386051313355984782e-07
3.587549389803231888e-07
3.126459515154122561e-07
1.345704093631821156e-06
8.196269839274873153e-07
4.609418663404917230e-07
4.174271632766698443e-07
5.436384950566342735e-07
3.507782445212637096e-07
1.398247953867019116e-06
7.077877035226782959e-07
5.652461054817511154e-07
4.729098182683161544e-07
4.556186090509768080e-07
1.435491123080532447e-06
5.024922263317042662e-07
8.900546846402730553e-07
7.790721112318331645e-07
5.368946428067870662e-07
1.453689928832408757e-06
1.542742922793719126e-06
1.196650497388835148e-06
1.117298582399491678e-06
9.005205508025540855e-07
2.317152855100462978e-06
1.637532362064031103e-06
1.437278438557229427e-06
1.427737405829957777e-06
1.114874451100280101e-06
3.094625895847553452e-06
2.400516202050538477e-06
1.888198457636131479e-06
2.175185144534223096e-06
2.096639993971994540e-06
1.342257647206427055e-06
