# bin_4_2
1.137868893472831862e-05
1.076100900515824981e-05
9.970101660173864670e-06
9.043985331718492712e-06
8.029814049282071506e-06
6.981606642078005330e-06
5.953449049302488999e-06
4.991710978324332101e-06
4.130517921704094218e-06
3.389818479201874571e-06
2.775738441958268657e-06
2.282773309442467180e-06
1.896944744327567223e-06
1.599354134606680942e-06
1.369500298707536358e-06
1.187941697530020117e-06
1.038331800734231901e-06
9.081645411822359181e-07
7.892403534847440932e-07
6.771229311281287770e-07
