# bin_4_3
2.135046718420934540e-05
1.991405220476970170e-05
1.818322946695083745e-05
1.625351547494228045e-05
1.422870836474632929e-05
1.221432081218852306e-05
1.030524730490033726e-05
8.573885990963963708e-06
7.065698536134400144e-06
5.799397831828893926e-06
4.770285449030597302e-06
3.955729302763019853e-06
3.321958846103293681e-06
2.830359994786480228e-06
2.442975596849109595e-06
2.126615057184313082e-06
1.855360412338523094e-06
1.611411355595376222e-06
1.383969120570331220e-06
1.167602776982419475e-06
