# bin_2_1
3.438005630153167951e-06
3.348274509941190350e-06
3.204214924572959864e-06
3.008218373489217326e-06
2.766358886667390427e-06
2.489221185026289264e-06
2.190915364119468807e-06
1.886998465756719475e-06
1.592412024954608236e-06
1.319723319184337700e-06
1.077898140282054467e-06
8.718785990499512760e-07
7.027915464499496241e-07
5.685812770346420593e-07
4.649638622754351920e-07
3.863851720339372391e-07
3.268995188460370954e-07
2.810417873294850213e-07
2.441421138331774500e-07
2.126961638278377479e-07
