# bin_4_1
5.442562978712044220e-06
5.210097815431103039e-06
4.894614676622975780e-06
4.507539607601689681e-06
4.065264708734648774e-06
3.589333482061503696e-06
3.104036239424555475e-06
2.632834971602125154e-06
2.195588647559064824e-06
1.806680127741050292e-06
1.474177379562237817e-06
1.200093802283485538e-06
9.813655151665948524e-07
8.112940834745332633e-07
6.811160875129139659e-07
5.813912483509732576e-07
5.034149812503658353e-07
4.396605057132467796e-07
3.844563647548786034e-07
3.343013541558955245e-07
