# bin_4_4
3.062735553058046350e-05
2.817850334265102711e-05
2.539189902476874148e-05
2.241719565156626002e-05
1.940211018061421345e-05
1.648645260504054446e-05
1.378834069925658165e-05
1.139089122828383948e-05
9.339279269593998546e-06
7.643116297606789700e-06
6.282174309729883683e-06
5.215045323088349160e-06
4.388531443790641117e-06
3.745986387931164565e-06
3.234722492533698927e-06
2.810725960315251878e-06
2.441508047071807125e-06
2.105130341134406153e-06
1.789920632431518704e-06
1.492290895119624764e-06
