# bin_3_3
1.814001402762892802e-05
1.704058101828939846e-05
1.567507680769935900e-05
1.411380021430014402e-05
1.243859318525808836e-05
1.073794121795337798e-05
9.095950168932441290e-06
7.580965027484114277e-06
6.240137189565881422e-06
5.098084240574428895e-06
4.158650955372813673e-06
3.408728692922201163e-06
2.823573865411261087e-06
2.372298802127358844e-06
2.022628072524369822e-06
1.744901544023594000e-06
1.514750640169646485e-06
1.314245313195170153e-06
1.131700124218565128e-06
9.606982070910453752e-07
