# bin_3_2
9.659431500399071659e-06
9.207695493982457011e-06
8.600171024710322860e-06
7.863853606666930716e-06
7.035454546193390212e-06
6.159864808501400644e-06
5.284286388224898813e-06
4.451140101095996072e-06
3.693467418782126986e-06
3.032547682264215982e-06
2.477630950729989978e-06
2.027346886223291952e-06
1.672173023780258089e-06
1.397433348661362699e-06
1.186140555504167146e-06
1.021403076123542312e-06
8.885826265280245930e-07
7.759298679343766366e-07
6.751905038871296584e-07
5.814338770581149512e-07
