# bin_3_1
4.742825066020672489e-06
4.570991285247952365e-06
4.323464629778274730e-06
4.008057684243739688e-06
3.637541218981595696e-06
3.230085330368732223e-06
2.807164158870631914e-06
2.390310359261569491e-06
1.998444968264859012e-06
1.645933256729594292e-06
1.341590274993313710e-06
1.088668253630776948e-06
8.855916485379668510e-07
7.272261788467961886e-07
6.061994171077343502e-07
5.141320343941652255e-07
4.432894181553483314e-07
3.865743160584703528e-07
3.384446115888404197e-07
2.952036978579976435e-07
