# bin_1_1
2.243807124090180232e-06
2.189783786742612453e-06
2.104818072285636521e-06
1.989234754893871771e-06
1.845071059203946125e-06
1.677039248301701766e-06
1.492306972491542935e-06
1.299570427441586436e-06
1.107931322263076072e-06
9.257832189969947264e-07
7.598694697593615634e-07
6.147075333323023818e-07
4.924537632227280919e-07
3.931428629032574501e-07
3.150777659262558117e-07
2.551930283032190246e-07
2.103351108176218316e-07
1.767883949006494523e-07
1.510903621679642789e-07
1.305924116835628852e-07
