# bin_2_2
7.034019634772178720e-06
6.700253137049422444e-06
6.268120696073485056e-06
5.751630202990571354e-06
5.170701423361326546e-06
4.552026199684325178e-06
3.925820697067840323e-06
3.321133977183857992e-06
2.762240996345772882e-06
2.266292646560747686e-06
1.842739088026860761e-06
1.493476416122091513e-06
1.214068346278030836e-06
9.962506889695176683e-07
8.290621403165112457e-07
6.996786967072812563e-07
6.002042307525724480e-07
5.198153535701334130e-07
4.508701751988835605e-07
3.891983580578885514e-07
