# bin_5_2
2.193202874195602177e-08
2.227421633471710045e-08
2.266309363438150994e-08
2.310711899735976647e-08
2.360748963738121977e-08
2.416933860759632875e-08
2.479242848376134329e-08
2.549123771248070400e-08
2.626731233638943358e-08
2.712123347780795362e-08
2.805599518540353950e-08
2.906729133168748935e-08
3.015170270133040467e-08
3.131226048320326525e-08
3.253475099067169551e-08
3.380294936994007994e-08
3.508842053095221804e-08
3.635151935205427163e-08
3.754409114159553428e-08
3.862441823948645247e-08
3.957909717097265516e-08
4.040017517298418264e-08
4.102833411186328949e-08
4.134947704640568442e-08
4.131810702388151574e-08
4.097409164023752881e-08
4.026096878117097604e-08
3.913716106063944937e-08
3.759356818545738761e-08
3.570517216076632697e-08
3.345285769917975892e-08
3.091525204419496656e-08
2.817507874605265470e-08
2.530086283487696738e-08
2.240887427136304721e-08
1.957735930846296848e-08
1.689756146856062617e-08
1.443208046169055663e-08
1.221379269699475802e-08
1.025634821827475848e-08
8.549486616353061856e-09
7.072015308520709216e-09
5.802507363361977041e-09
4.724378443173768610e-09
3.823922057190298904e-09
3.085202545247823023e-09
2.487493846246525330e-09
2.007661488442532532e-09
1.624147812646236998e-09
1.318402262414674474e-09
1.074479574636356580e-09
8.795613025853894121e-10
7.233853455874708736e-10
5.971636669666217239e-10
4.943043222402477222e-10
4.097411390025054171e-10
3.395958980217224796e-10
2.809778153104885832e-10
2.317234521344955913e-10
1.902089344516987498e-10
1.551996520759460601e-10
1.257348895677447578e-10
1.010429882268377526e-10
8.048174762357631825e-11
6.349822809905641497e-11
4.960304006132975459e-11
3.835532348720543745e-11
2.935491468575979259e-11
2.223920755830188382e-11
1.668247858858402242e-11
1.239625148351945045e-11
9.129564862794530123e-12
6.668434033988884871e-12
4.834205865969096425e-12
3.480832560272250025e-12
2.491325530634189573e-12
1.773750026014651126e-12
1.257147909573357603e-12
8.875611904060134115e-13
6.245789765855824136e-13
4.383173324083151064e-13
3.069363942615406189e-13
2.145551439765592316e-13
1.497843995952590817e-13
1.044802669117012174e-13
7.286040847434403816e-14
5.082813332108491532e-14
3.550636183954457189e-14
2.487278706102990737e-14
1.750900627653682014e-14
1.242205032714787568e-14
8.927185376750879008e-15
6.537237167463820294e-15
4.917649981867949014e-15
3.835641060127765440e-15
3.126013565183377261e-15
2.674769467085139600e-15
2.399270738926889141e-15
2.241229606743242190e-15
2.157998568406992651e-15
