# bin_3_4
2.735117920415121459e-08
2.779255992887233210e-08
2.829658641359117209e-08
2.886862523258717225e-08
2.951524370601783476e-08
3.024878176597583299e-08
3.107274227349721121e-08
3.199898272823870896e-08
3.303659093284438768e-08
3.419077993767852612e-08
3.546239940113267010e-08
3.685476257082183443e-08
3.836698011009714623e-08
3.999810828179111933e-08
4.172483039216129599e-08
4.352447019466228374e-08
4.536211807396818845e-08
4.720124835767627830e-08
4.901841525747057263e-08
5.079685490535363526e-08
5.248656871666971287e-08
5.398396861833082739e-08
5.518888162286955279e-08
5.608904667229742368e-08
5.663433593167693017e-08
5.671758462764089065e-08
5.627479202571732900e-08
5.529518516129807132e-08
5.375010298461318127e-08
5.160453235773718624e-08
4.892841301087733481e-08
4.573649646051180823e-08
4.214090530750494142e-08
3.823247067499515461e-08
3.416127358282876132e-08
3.006310614619221221e-08
2.608704278035740953e-08
2.236033484642173719e-08
1.897425054165586983e-08
1.597691616921232220e-08
1.336944670535929054e-08
1.111586290037436644e-08
9.165719581639148810e-09
7.478935960574712288e-09
6.040179249353636820e-09
4.850196772360320117e-09
3.898141409236773495e-09
3.143349732568893913e-09
2.535512624888977549e-09
2.046581229978681982e-09
1.661281026478218482e-09
1.355781811729933939e-09
1.111515450763413364e-09
9.159106590781834502e-10
7.575386108312309680e-10
6.281779155857845081e-10
5.214296790436426742e-10
4.325351114678782362e-10
3.579589427427390112e-10
2.950827454234884061e-10
2.419486604248237331e-10
1.970644456850628307e-10
1.592619496260004214e-10
1.275919391194235905e-10
1.012523758473025761e-10
7.954213208006112522e-11
6.183265827659986930e-11
4.755210322180035063e-11
3.617792954375454086e-11
2.723464267904574188e-11
2.029429399681764134e-11
1.497788709144870502e-11
1.095634381596471943e-11
7.950172618855507874e-12
5.727451483712713424e-12
4.100149488340085276e-12
2.919178116648226164e-12
2.068631186534239291e-12
1.460087492303898921e-12
1.027143619114376566e-12
7.205981800019493863e-13
5.043971953538297461e-13
3.524441647786330707e-13
2.459268162535441469e-13
1.714386392038018473e-13
1.194554910843700376e-13
8.323792378280539012e-14
5.804601885784574382e-14
4.055566684243607539e-14
2.843055167875487473e-14
2.004737878648202489e-14
1.427081316415174722e-14
1.030706557902881330e-14
7.606713719382430995e-15
5.786963163358224152e-15
4.579855640227628408e-15
3.799227603549939990e-15
3.313285649616549544e-15
3.028330318040958198e-15
2.876527945957044669e-15
