# bin_5_1
1.797394460211532736e-08
1.822409263224636365e-08
1.850651635403927057e-08
1.882722668376984113e-08
1.918542278936894094e-08
1.958359206067931036e-08
2.001930878229038201e-08
2.050311883688023127e-08
2.103391703150205028e-08
2.160929828324329537e-08
2.222843049271962163e-08
2.288407406828698432e-08
2.357057993628361899e-08
2.428817670852719706e-08
2.502129169316731098e-08
2.575391257666562415e-08
2.645970149701477383e-08
2.710263482517820717e-08
2.764156697340224355e-08
2.804426712397060919e-08
2.830970787951514799e-08
2.844586620997600906e-08
2.841428839440710247e-08
2.812624138776930156e-08
2.756283710611404865e-08
2.679003450508983066e-08
2.578072890518077675e-08
2.452133966148459374e-08
2.302592696477573163e-08
2.138379836682252351e-08
1.958543656644877669e-08
1.770341107683685847e-08
1.580177340470845635e-08
1.391713219228591273e-08
1.211935287881646454e-08
1.043380018283435967e-08
8.896238177670039878e-09
7.520624578431309624e-09
6.305508175843677398e-09
5.247321014426714312e-09
4.335077615738503656e-09
3.556502830030791245e-09
2.900277125488661239e-09
2.355362900127119995e-09
1.909128045230177771e-09
1.546959589042746306e-09
1.254268320204025560e-09
1.018791657544626751e-09
8.304060124930285221e-10
6.798327202708744954e-10
5.586597706607434167e-10
4.605470144299130327e-10
3.808637956753563323e-10
3.155159322389324290e-10
2.614773516855827373e-10
2.164875647893835602e-10
1.787951264986910708e-10
1.470956504835074349e-10
1.203927915071576161e-10
9.791573069793029439e-11
7.905312836421544040e-11
6.330479615284253672e-11
5.024762264939055230e-11
3.951305892122450398e-11
3.077316254371244423e-11
2.373253015546290770e-11
1.812434555233308944e-11
1.370880741007098226e-11
1.027283049140874650e-11
7.629919285348234493e-12
5.619750070057063709e-12
4.107141239222642918e-12
2.980341478141233163e-12
2.148745969427995684e-12
1.540240652227691174e-12
1.098410309516243754e-12
7.798145995005706373e-13
5.515065947641299866e-13
3.887634878571287623e-13
2.732851511342693622e-13
1.916678160679170815e-13
1.342009651118973778e-13
9.383852621305480337e-14
6.556601898802796506e-14
4.580614842305582482e-14
3.202654101405223940e-14
2.243263757922890152e-14
1.576982354670481804e-14
1.115580620340302527e-14
7.971088277393954843e-15
5.781396688559915716e-15
4.290065503688855524e-15
3.281850660506902445e-15
2.610189005055928760e-15
2.172420749258254769e-15
1.894410337211833736e-15
1.724906351131644166e-15
1.626369885081864296e-15
1.572780092443200312e-15
1.545840985964092067e-15
