# bin_2_2
3.687070810425093759e-09
3.738400908906587539e-09
3.796475992494422103e-09
3.862030976581307582e-09
3.936291947691843555e-09
4.019071764800991679e-09
4.111361150855438458e-09
4.213954309597799020e-09
4.327762151938293676e-09
4.452447386758009126e-09
4.587499892733863207e-09
4.732068176218324147e-09
4.884881032852445517e-09
5.043427649405644985e-09
5.203766418179745519e-09
5.361156046366994734e-09
5.511384394681707396e-09
5.651845145860666809e-09
5.780317836145203562e-09
5.890763636842059047e-09
5.970687287836150846e-09
6.009519661172287272e-09
6.008976708535884620e-09
5.965195611713948136e-09
5.867439607218031826e-09
5.712332166370075677e-09
5.503249382688606780e-09
5.240596618340715929e-09
4.924797934476021403e-09
4.568763686580424126e-09
4.176987541748842072e-09
3.765409004119623134e-09
3.344620301287331745e-09
2.930674622226100687e-09
2.534943118596630372e-09
2.168157369401514722e-09
1.837315133627317927e-09
1.545041514029408292e-09
1.290484722121010214e-09
1.070396268238589480e-09
8.808140634553440116e-10
7.186034738207707515e-10
5.819376725012469550e-10
4.694452320713945844e-10
3.788405458128190043e-10
3.064933048662674173e-10
2.485144462126205185e-10
2.020288390676071076e-10
1.650047958363445146e-10
1.354971681413203091e-10
1.117871671972443275e-10
9.261018550219868266e-11
7.695766159053429354e-11
6.405222284691737888e-11
5.331032946934771816e-11
4.429534480033363742e-11
3.668329225238773618e-11
3.023324607286734986e-11
2.476364296703276172e-11
2.013425170369581181e-11
1.623307557282664514e-11
1.296702987271513031e-11
1.025563697220202561e-11
8.027057958187705078e-12
6.215793288682374706e-12
4.761541198523415773e-12
3.608822989108980668e-12
2.707047306572916005e-12
2.010782015881463444e-12
1.480015770779113998e-12
1.080290222785184291e-12
7.826257584706620196e-13
5.632241210374644369e-13
4.029833982382430334e-13
2.868914441536458906e-13
2.033758660535221171e-13
1.436535285754933616e-13
1.011635211167588972e-13
7.106487911588277178e-14
4.982225884960948678e-14
3.487278266474242483e-14
2.438183090406964926e-14
1.703322750004959780e-14
1.189582897455934472e-14
8.310903951161365257e-15
5.812784520938640086e-15
4.075214418773132165e-15
2.869160994947103014e-15
2.033924113208901346e-15
1.457793043766681068e-15
1.062564737980067406e-15
7.933873111389762596e-16
6.124280530698200963e-16
4.928681180681649418e-16
4.159743399564242015e-16
3.685017663421424543e-16
3.409265536168377443e-16
3.262943701263700196e-16
3.195533773806337775e-16
3.170801402311883510e-16
