# bin_3_3
2.642053446662192323e-08
2.683908987776945836e-08
2.731662682075760035e-08
2.785797799504455614e-08
2.846908965789871919e-08
2.916153430563638763e-08
2.993810414926432451e-08
3.080976270468218445e-08
3.178464297655037436e-08
3.286694223720930094e-08
3.405647150527014017e-08
3.535535434846641135e-08
3.676159091788509293e-08
3.827311782608021310e-08
3.986565795324183373e-08
4.151571697158991783e-08
4.318784867273905101e-08
4.484538300418365641e-08
4.646525114665626066e-08
4.803174549712689022e-08
4.949690154874164719e-08
5.076033146097243818e-08
5.172627005012098044e-08
5.238794827834889229e-08
5.270218350478504955e-08
5.257018206251103020e-08
5.193726061707421634e-08
5.080238112889673540e-08
4.914702910390555408e-08
4.694625061023723304e-08
4.427844865867521822e-08
4.116494931134956361e-08
3.772088089267770540e-08
3.403609857719986773e-08
3.025415362762572492e-08
2.649840146563795522e-08
2.289970378573071898e-08
1.956353469970448601e-08
1.655863718929780132e-08
1.391379740029662332e-08
1.161837632005167304e-08
9.634841719823207106e-09
7.919993765538822335e-09
6.443995748425425275e-09
5.196731498110050877e-09
4.174940040633786024e-09
3.360144248096822485e-09
2.711969264776062384e-09
2.189729838445523891e-09
1.771627459984397791e-09
1.441852102334079509e-09
1.179407456811419558e-09
9.692899590182014406e-10
8.003145976979063298e-10
6.629753237772728666e-10
5.503019559457228062e-10
4.569482623914587799e-10
3.789369923617550405e-10
3.133189522712741140e-10
2.579047345633599011e-10
2.110472888214549418e-10
1.714798669337688305e-10
1.381977821744692943e-10
1.103724994207385595e-10
8.729414804928828708e-11
6.833509537441339006e-11
5.292833063887673679e-11
4.055600593989131317e-11
3.074476794919105260e-11
2.306496191709682865e-11
1.713172902034500434e-11
1.260641445892531308e-11
9.197182921903170958e-12
6.658192536644945033e-12
4.787125436005992878e-12
3.421247079066181305e-12
2.432462103044564177e-12
1.721815884230837904e-12
1.214242890467502304e-12
8.536385229398651259e-13
5.985973201526829016e-13
4.188742800321071672e-13
2.926437601983277425e-13
2.041990885333356465e-13
1.423708476293757559e-13
9.923418681636695864e-14
6.918590064885313927e-14
4.828908104795333662e-14
3.378472219260900841e-14
2.373301275251616234e-14
1.678783308650083777e-14
1.200730809524297725e-14
8.732506020111129500e-15
6.507688538960687700e-15
5.015001583080858551e-15
4.031457238618242225e-15
3.401897327367883555e-15
3.015985866752572713e-15
2.794886256191597103e-15
2.681209449295592707e-15
