# bin_1_1
3.972448954074348360e-09
4.017149814887424887e-09
4.067514359058172292e-09
4.124386898073211293e-09
4.187299704668972281e-09
4.257188654356707598e-09
4.333581900242336650e-09
4.417346915955069623e-09
4.508291214760586308e-09
4.605482898750284567e-09
4.706934982782573391e-09
4.810168155204907834e-09
4.912368655680187692e-09
5.010188959818698102e-09
5.098948398556319157e-09
5.176478453543821054e-09
5.240762336960047645e-09
5.288098737684223648e-09
5.310039268753366700e-09
5.295384106582848519e-09
5.242585116307138971e-09
5.155041716001925313e-09
5.025180108790684780e-09
4.847473956394339430e-09
4.625960038584477448e-09
4.366509043955551544e-09
4.067191138121920339e-09
3.740618130212398885e-09
3.393328137974397523e-09
3.036225658196938244e-09
2.680497810527414869e-09
2.336541226495215249e-09
2.012900586532589452e-09
1.717014976658441068e-09
1.451972538582027188e-09
1.218589593929783986e-09
1.015512423414326497e-09
8.401348981028657979e-10
6.898189779024924861e-10
5.624713133855209654e-10
4.563566173242678995e-10
3.695135636181758215e-10
2.994146153727791131e-10
2.431877393039757785e-10
1.981316308466300481e-10
1.620309341410346479e-10
1.331255525423559365e-10
1.099165081301419613e-10
9.114422082283571830e-11
7.583298617789809249e-11
6.322508277829829890e-11
5.274213758649195632e-11
4.394957488981735911e-11
3.652355095542071161e-11
3.022319542071625666e-11
2.486801473239154447e-11
2.032016312731588954e-11
1.647111976171271355e-11
1.323209965487787875e-11
1.052741645100863161e-11
8.290128047489024611e-12
6.459398414609442247e-12
4.979089820493264600e-12
3.797199854704622783e-12
2.865837886490573310e-12
2.141488454041469884e-12
1.585353315226585611e-12
1.163596473651605527e-12
8.474151522907396494e-13
6.128750426223943726e-13
4.405459424103847915e-13
3.149931315078578988e-13
2.241948232060785627e-13
1.589506331313188351e-13
1.123283145673249206e-13
7.916475160510379447e-14
5.566680562879629944e-14
3.907479555448577928e-14
2.738972579719129804e-14
1.918013297462713600e-14
1.342337825708589608e-14
9.394637704087166810e-15
6.579030048981399062e-15
4.614679846683339542e-15
3.246740944659646560e-15
2.296058000299648071e-15
1.637950559654261808e-15
1.183847992767024550e-15
8.726270423154268435e-16
6.612012778923508600e-16
5.196907468639712645e-16
4.269388494197494676e-16
3.678538005897188447e-16
3.318572649211404172e-16
3.113063292211121643e-16
3.005801130756282770e-16
2.956750433948929909e-16
2.937980948658396676e-16
2.932425317589674809e-16
2.931257133945671574e-16
