# bin_2_1
3.129017457545299214e-09
3.167883423621517861e-09
3.211587404205485981e-09
3.260591234652018380e-09
3.315767521740283507e-09
3.376693349772609376e-09
3.443984567981249400e-09
3.518085951203568625e-09
3.599520204017520754e-09
3.687657903664649391e-09
3.781622799545725725e-09
3.880275440508173569e-09
3.982158339062802584e-09
4.084711753891598361e-09
4.184066904380683437e-09
4.275803271241844959e-09
4.356256903857561185e-09
4.423663979475364368e-09
4.477007351212315093e-09
4.511909587566118260e-09
4.518060899331666072e-09
4.487448054345195936e-09
4.424488480605707286e-09
4.328424394373667593e-09
4.191892566008618376e-09
4.014752646122134723e-09
3.803154818222985684e-09
3.559908141086873914e-09
3.286957503867715412e-09
2.997264697906427683e-09
2.694237481559944697e-09
2.390774723658599109e-09
2.093076259815950929e-09
1.811247966070238183e-09
1.550185134357185063e-09
1.314279451028946265e-09
1.105374467298538897e-09
9.229420759456704709e-10
7.652682426800870042e-10
6.300974796836259240e-10
5.152083412687436552e-10
4.187165467416651161e-10
3.389719768688988175e-10
2.741863876654827006e-10
2.221841325451228637e-10
1.805772215751603191e-10
1.472239763903335072e-10
1.204947195493506837e-10
9.908560676506340733e-11
8.185041041739852747e-11
6.785905645143469490e-11
5.640587331066019456e-11
4.694300006311105165e-11
3.905446317834785741e-11
3.242909334562685748e-11
2.683425456881024030e-11
2.209568559929801186e-11
1.808103997050755690e-11
1.468729370984108551e-11
1.183150689742248438e-11
9.444326893958693095e-12
7.465592883588675211e-12
5.841555686722497415e-12
4.523283396390049341e-12
3.465882330274920567e-12
2.628244174861127062e-12
1.973091386612585876e-12
1.467127789313376969e-12
1.081182275635793863e-12
7.902352787338269167e-13
5.733032357049542971e-13
4.131782408736334140e-13
2.960506272862979235e-13
2.110595782214785169e-13
1.498188568175515019e-13
1.059618021218458914e-13
7.471364202059602717e-14
5.254640755822754697e-14
3.688009930573390886e-14
2.584376575503407075e-14
1.808695712016153079e-14
1.265019007961045314e-14
8.844740604421160015e-15
6.186326912824385766e-15
4.332959205422341388e-15
3.042675769161762263e-15
2.146561880927998982e-15
1.526007883365019221e-15
1.097668271528657682e-15
8.038167906071043945e-16
6.039168456170372733e-16
4.693963315254110290e-16
3.805933790697523638e-16
3.233828748571739879e-16
2.878445032417288201e-16
2.669005473248777682e-16
2.554381945875609819e-16
2.497817874728103427e-16
2.473882194236321288e-16
2.465885148739127630e-16
