# bin_4_3
3.045901807184730072e-08
3.095994644312401245e-08
3.153237290298347716e-08
3.218236981730292965e-08
3.291421937928632535e-08
3.374392410706159281e-08
3.467743069150477246e-08
3.571991955922068972e-08
3.689174804039188723e-08
3.819136165029785248e-08
3.963014696047643224e-08
4.119727686588188892e-08
4.290347277334337909e-08
4.474933570373805767e-08
4.671692033618841737e-08
4.878544412868959558e-08
5.091643916449902789e-08
5.306200038855474762e-08
5.516659494026325968e-08
5.719990144546456062e-08
5.914563317018733330e-08
6.094551505956079872e-08
6.246795718270621453e-08
6.358794811325191486e-08
6.430287170287489991e-08
6.456243172771768378e-08
6.424844911862849439e-08
6.329374603433756684e-08
6.171039403781839442e-08
5.948264358458542597e-08
5.658872937186438564e-08
5.314092259929023701e-08
4.917379694193247582e-08
4.484202197329391064e-08
4.026289097104628597e-08
3.561855009948203939e-08
3.105848996788758132e-08
2.673630890358163202e-08
2.276860554338203837e-08
1.922269900089312625e-08
1.611707780322737385e-08
1.342649070539515469e-08
1.110113150103644590e-08
9.092766286196280304e-09
7.373209053375425184e-09
5.933879846898079465e-09
4.765165894725235427e-09
3.834891911927287202e-09
3.092230454016007700e-09
2.494721827390778625e-09
2.018836113405212521e-09
1.643086693843160844e-09
1.343649586014475106e-09
1.103961542939872912e-09
9.108812532853820471e-10
7.537918966206728510e-10
6.247809683302848204e-10
5.178368843522957864e-10
4.284805577089840849e-10
3.533860939407557100e-10
2.900720503771345896e-10
2.366579046982455069e-10
1.916845006146910872e-10
1.539826247343466077e-10
1.225793892918808196e-10
9.663638785542472390e-11
7.541091012646721392e-11
5.823309986735528953e-11
4.449413034759660185e-11
3.364125778754646824e-11
2.517686722860736772e-11
1.865918182313870338e-11
1.370294566078495148e-11
9.978989632578943668e-12
7.212142966534192257e-12
5.177436042428924038e-12
3.694904871607727385e-12
2.623504984309426982e-12
1.854689513519009136e-12
1.306367166190753266e-12
9.173471907001936840e-13
6.425633049848110272e-13
4.491661276131991414e-13
3.134959783659279430e-13
2.185472988901260906e-13
1.522485666627895484e-13
1.060477324880833421e-13
7.390317617240331865e-14
5.157635418615151490e-14
3.610187988753260051e-14
2.539406395392054560e-14
1.801069301944417359e-14
1.294021904292953875e-14
9.478651370168260143e-15
7.137194591421532361e-15
5.575963609306146475e-15
4.556848983512054571e-15
3.912922849771883483e-15
3.525616553734876664e-15
3.310353830050402632e-15
