# bin_6_4
5.028923327109493892e-08
5.116334734770222824e-08
5.216390994626225869e-08
5.330093534016948157e-08
5.458587313710167840e-08
5.604867039016743175e-08
5.769796500928300828e-08
5.954821162440491134e-08
6.162274567128964816e-08
6.394119721614964262e-08
6.649597522198764590e-08
6.930597449980737825e-08
7.238377044189034638e-08
7.572684043654311478e-08
7.933173415126408324e-08
8.318085265798398270e-08
8.723488360016218951e-08
9.142808441370783556e-08
9.566391424774009838e-08
9.983206283739428483e-08
1.038654327417062558e-07
1.077378816111418551e-07
1.113630714483256407e-07
1.145065848591633134e-07
1.169110561839268634e-07
1.185523384072462912e-07
1.193632089160273492e-07
1.191200900155655997e-07
1.176837350960961940e-07
1.150551996390061032e-07
1.112287957335299967e-07
1.061275339975122637e-07
9.996295131705446497e-08
9.279041108352662804e-08
8.488016398469735955e-08
7.645480610518807492e-08
6.784174886109368625e-08
5.932078986181900701e-08
5.119075558643960448e-08
4.367846453019661862e-08
3.692720947266700383e-08
3.099174219238619725e-08
2.584079356896580465e-08
2.138950810434009954e-08
1.754555786224489945e-08
1.424654278487842368e-08
1.146847645572161759e-08
9.196255020567674191e-09
7.382317123074019250e-09
5.938740932629726193e-09
4.778938038586136158e-09
3.852116971704566204e-09
3.121250013011232727e-09
2.541312864956734348e-09
2.078209783857827951e-09
1.707127535183122234e-09
1.406850524737964194e-09
1.161796896759908419e-09
9.599599299149391155e-10
7.923736867968818605e-10
6.523484794318648285e-10
5.348854376767923755e-10
4.362033794394016718e-10
3.533835452610072746e-10
2.841110619026847027e-10
2.264866793043468507e-10
1.788996895665131948e-10
1.399459821920555048e-10
1.083777730400453954e-10
8.307471581319731009e-11
6.302924041885402015e-11
4.734028891173822623e-11
3.521104753853490118e-11
2.594754559422540360e-11
1.895613630010707216e-11
1.373883851975245667e-11
9.886332087152792892e-12
7.068974632612131771e-12
5.026470542293590405e-12
3.557000226704775640e-12
2.506840211187559991e-12
1.760669355939649792e-12
1.233095821063439871e-12
8.615829223668992491e-13
6.009242685659144167e-13
4.185356528202799876e-13
2.912479474135805807e-13
2.026032625140890863e-13
1.409822171627362942e-13
9.822375114096140061e-14
6.861614888603198500e-14
4.815553916947603868e-14
3.405975194904702226e-14
2.438429366598281518e-14
1.778437139610145537e-14
1.331876292052518471e-14
1.033683469803445713e-14
8.385269343496869718e-15
7.145883169024724448e-15
6.393078860365004709e-15
