# bin_3_2
2.353914906628618562e-08
2.388857954523808385e-08
2.428598708798665818e-08
2.473464982483073479e-08
2.523870074922432125e-08
2.580742323587731131e-08
2.644163199271452201e-08
2.714971748114695162e-08
2.793712273463479177e-08
2.880524825833941597e-08
2.975114606748061326e-08
3.077374699524456205e-08
3.186829055989958874e-08
3.303003605865476532e-08
3.423273097151852691e-08
3.545149990862733147e-08
3.665057568685811889e-08
3.779433941446136685e-08
3.886249878319061895e-08
3.984426806279600717e-08
4.069966315453993263e-08
4.133978674030535615e-08
4.168369371749029188e-08
4.174195920173562780e-08
4.149241652674380865e-08
4.086067109711823224e-08
3.981796404645208890e-08
3.838900647999599108e-08
3.658115738206289515e-08
3.439285312054071456e-08
3.191895272030592014e-08
2.919058847269027075e-08
2.632044460370609957e-08
2.338374567031839668e-08
2.049344917347370860e-08
1.772862543150287502e-08
1.516544923935772477e-08
1.285208796466625202e-08
1.080655987658903579e-08
9.023410737827709928e-09
7.481086751899815140e-09
6.153226231875125201e-09
5.018623252783350251e-09
4.063487645750528835e-09
3.276340366128635164e-09
2.640721910710853361e-09
2.132970495258327844e-09
1.727096816068587629e-09
1.401936493308523614e-09
1.142664198143588905e-09
9.363768733107547727e-10
7.709286621454505701e-10
6.373033300632580254e-10
5.285082144618756648e-10
4.390280533673582662e-10
3.647546267254543823e-10
3.025959349690674323e-10
2.502544265351286751e-10
2.060173816733527390e-10
1.685927430257897561e-10
1.369828964656781728e-10
1.103926522041463775e-10
8.816391528972997505e-11
6.973101076220688341e-11
5.459232443978953931e-11
4.229366603882013542e-11
3.241971722263018281e-11
2.459068108960615391e-11
1.846208245444166770e-11
1.372582568734856317e-11
1.011134487824677720e-11
7.385969625689227714e-12
5.354048339894763039e-12
3.854743743310780152e-12
2.758719812564891749e-12
1.964105556464654034e-12
1.392187313704305109e-12
9.830938097691385183e-13
6.920230434925112101e-13
4.858659461477955660e-13
3.404104178652419823e-13
2.380925241862161306e-13
1.663318343524704686e-13
1.160995223520281342e-13
8.101030090391647944e-14
5.654495927600074799e-14
3.951206681869185140e-14
2.767483254547319074e-14
1.946837321019629923e-14
1.378987509465114209e-14
9.877546885150666427e-15
7.197186384006399286e-15
5.374003418540825379e-15
4.149301666076809623e-15
3.341725649699230573e-15
2.822918368420060725e-15
2.502985108582203335e-15
2.317042633528805372e-15
2.218177269667687397e-15
2.172208209638520047e-15
