# bin_5_4
2.619256358971666090e-08
2.663968951914066914e-08
2.715034408542999148e-08
2.773578730902086883e-08
2.839990926284383642e-08
2.915116883905520853e-08
2.999258892765402988e-08
3.094331526976849824e-08
3.200900803006493967e-08
3.319489504948944518e-08
3.450950476372971530e-08
3.595382334549265444e-08
3.752959258955932471e-08
3.924571234219771115e-08
4.109314498895347872e-08
4.305995823304092193e-08
4.512071651847014382e-08
4.723760410277737180e-08
4.936136634704991121e-08
5.144653883804457343e-08
5.347241003556995977e-08
5.541903919188021054e-08
5.720877161132737783e-08
5.870235332163095197e-08
5.982366235342225889e-08
6.057722659873479401e-08
6.086384336877196117e-08
6.059492042599917544e-08
5.971274355098852075e-08
5.824547755195367384e-08
5.612781330046217537e-08
5.340270453037827277e-08
5.012977864307670604e-08
4.637194034725817083e-08
4.226399158855246662e-08
3.792805978130100298e-08
3.352689525823665781e-08
2.921643418225499506e-08
2.513283774037627422e-08
2.138778284790245238e-08
1.804541357452421351e-08
1.512092884506177296e-08
1.258851366259297192e-08
1.040042340171253332e-08
8.510761417349338400e-09
6.892980013639192020e-09
5.539509550231117875e-09
4.441961958515862905e-09
3.569915515689854145e-09
2.874065448622325292e-09
2.313705191913014960e-09
1.868038364982468888e-09
1.517043820557035856e-09
1.237357319929108977e-09
1.014041319009832373e-09
8.344965879900914961e-10
6.888175047366777602e-10
5.695148645502564114e-10
4.709325809798072866e-10
3.888331940882235801e-10
3.200649015637890733e-10
2.622712030296329885e-10
2.136623874388172763e-10
1.728493506879741829e-10
1.387207433771331312e-10
1.103553505821968423e-10
8.696412751712549252e-11
6.785333164734880149e-11
5.240242288098797825e-11
4.005187594768524377e-11
3.029745829660955899e-11
2.268817624210635781e-11
1.682578167519735728e-11
1.236436537681047895e-11
9.009122938200219259e-12
6.513874945835287405e-12
4.677307580802971893e-12
3.338202864312608479e-12
2.369936273608763562e-12
1.674918540120763908e-12
1.179189940511870745e-12
8.275433452587440527e-13
5.792265180700283110e-13
4.045589267716258205e-13
2.820938878260481373e-13
1.964656761747916755e-13
1.367268043753411889e-13
9.513527638558991319e-14
6.623204984358494597e-14
4.618131652802027449e-14
3.229558857158857271e-14
2.270700646869464938e-14
1.610226838441942987e-14
1.157265557454250702e-14
8.487031396311707582e-15
6.403791915586577566e-15
5.018667306898192265e-15
4.116997532322536760e-15
3.549609419334737637e-15
3.210196644723530081e-15
