# bin_2_4
4.167569371809165800e-09
4.230108741353458310e-09
4.301143586280719237e-09
4.381667731132862982e-09
4.473230650800880064e-09
4.575904746717895552e-09
4.691045986935927354e-09
4.819812775758745253e-09
4.963522678722132704e-09
5.122198884140160073e-09
5.295758139636311751e-09
5.483740043082851375e-09
5.685210913276570949e-09
5.897914257369539915e-09
6.118082989769141246e-09
6.340973598695762184e-09
6.562191577446088614e-09
6.778700306622672127e-09
6.987527919023916952e-09
7.181465425779683701e-09
7.346344058472056352e-09
7.469478954580557531e-09
7.550136917522207024e-09
7.581480876579611429e-09
7.549355473828608731e-09
7.446797107271754149e-09
7.273645752460727381e-09
7.026774187981773578e-09
6.703508140293566122e-09
6.314663599418552515e-09
5.863610512924886014e-09
5.366914017680948434e-09
4.837481591619330517e-09
4.295867460752272616e-09
3.759720172829451575e-09
3.247328121353848674e-09
2.773455269372558976e-09
2.347436286510990359e-09
1.972793282940447062e-09
1.647535307598006957e-09
1.366145704774834280e-09
1.122663644926567592e-09
9.133218682430149867e-10
7.370280434116690513e-10
5.930864790923717312e-10
4.782179473188424167e-10
3.864854217138992498e-10
3.125914391219708446e-10
2.535812888882663872e-10
2.068995205650687755e-10
1.696722847067206465e-10
1.398249428936270340e-10
1.157444023279604148e-10
9.611413833810384800e-11
7.995297732243466547e-11
6.651524534323357563e-11
5.524666311050750019e-11
4.573727538294950631e-11
3.768306930279035536e-11
3.085534803618920374e-11
2.507793055514245087e-11
2.021043982290471108e-11
1.613634102206560149e-11
1.275498106633326366e-11
9.976581433724392566e-12
7.719324827573317514e-12
5.907902501499546506e-12
4.473012290752164227e-12
3.351433295195836254e-12
2.486345391261239486e-12
1.827673368932516667e-12
1.332279178192756194e-12
9.638939671271846428e-13
6.927602213909703930e-13
4.950254699358348691e-13
3.519793712231488320e-13
2.492127580553048051e-13
1.758228350703146463e-13
1.236779896430471097e-13
8.678717235330515806e-14
6.077860269141804838e-14
4.249990472050826007e-14
2.968340774144492940e-14
2.071629911055828748e-14
1.445447224325826726e-14
1.008834487865138003e-14
7.049081186731038048e-15
4.937089598275840358e-15
3.472059955658146917e-15
2.458657168361819216e-15
1.760285208500337877e-15
1.281357679114052211e-15
9.557817044149403342e-16
7.370839638854317531e-16
5.929327433762773945e-16
5.006686203175482270e-16
4.442082440573504587e-16
4.119429532924356335e-16
3.954271537097765917e-16
3.883995595507919244e-16
