# bin_4_1
2.209960432105037740e-08
2.240265373869046916e-08
2.274581555236303060e-08
2.313076916317457394e-08
2.355714038421043123e-08
2.403409175908657967e-08
2.456187223718907168e-08
2.513984995875434998e-08
2.577931173719380618e-08
2.647295784744262110e-08
2.722247481206964343e-08
2.801126127739567915e-08
2.884200863422300028e-08
2.970860422134460601e-08
3.058871667402093454e-08
3.145960986607170307e-08
3.228363154970370782e-08
3.301840947772887150e-08
3.361909688464879600e-08
3.407159657006857153e-08
3.438276090545667471e-08
3.452718212526962214e-08
3.441681747528976208e-08
3.397850182479726613e-08
3.326509052370485014e-08
3.228942858339127188e-08
3.100306035077125489e-08
2.940717568239758132e-08
2.757334882460932813e-08
2.553914889887172969e-08
2.332035691919342511e-08
2.103761644403393387e-08
1.871185070258945528e-08
1.644454537640570207e-08
1.427129721495416120e-08
1.225852127981067727e-08
1.042465390144856156e-08
8.789483796552986704e-09
7.354502238950324179e-09
6.108432367847584414e-09
5.037143081830704870e-09
4.125682999794801192e-09
3.359668751872381897e-09
2.725110923035204712e-09
2.206583709156714003e-09
1.786860151374049792e-09
1.448939351335248141e-09
1.178151301439403155e-09
9.617473996131062360e-10
7.883291003790525468e-10
6.486192537223362779e-10
5.356384072841314119e-10
4.436110812533616773e-10
3.679138545392471978e-10
3.051919974075351802e-10
2.528137183186437930e-10
2.088311160994465376e-10
1.717668437852549488e-10
1.404987313719247572e-10
1.141555832365436306e-10
9.204220725996258821e-11
7.358499466261703003e-11
5.829421598120520651e-11
4.573965600226453326e-11
3.553567515706892428e-11
2.733307218925520539e-11
2.081545465094803661e-11
1.569809540567138666e-11
1.172803232882323060e-11
8.684169606664350962e-12
6.376870925082746938e-12
4.646714183418614210e-12
3.362374137730431905e-12
2.417796934110839391e-12
1.728934817488648056e-12
1.230338686396202835e-12
8.718640880527583145e-13
6.156474087509253736e-13
4.334158464898246510e-13
3.043594485525802530e-13
2.133076181775310531e-13
1.492716900310068181e-13
1.043373120199009078e-13
7.290320182323232749e-14
5.093935437665092703e-14
3.562749387317225614e-14
2.497812098456181727e-14
1.758370540819035264e-14
1.246358793271565429e-14
8.934998495349875306e-15
6.510850874725358393e-15
4.861155378008791553e-15
3.750196371732033201e-15
3.013262384305738450e-15
2.535233593709228832e-15
2.234852514046558609e-15
2.053878641835708126e-15
1.950923210184501126e-15
1.896595933090506205e-15
1.870673749584257484e-15
