# bin_3_1
1.957904652520148947e-08
1.983765954261767958e-08
2.013004543030868529e-08
2.045761337825979707e-08
2.082229934338239106e-08
2.123046433438615908e-08
2.168081340022444467e-08
2.217871607472163190e-08
2.272662424281432416e-08
2.332301463388379396e-08
2.396235957175686949e-08
2.464046070314489162e-08
2.535051429661564232e-08
2.608610130779030130e-08
2.682075169522452189e-08
2.753050082719217282e-08
2.818231047589768928e-08
2.874540986948974779e-08
2.920677348953058047e-08
2.956563679801822237e-08
2.979596124976644322e-08
2.982697296235431648e-08
2.959898582324941128e-08
2.914486155563417063e-08
2.846758085820048341e-08
2.752013168217362407e-08
2.629991258408685408e-08
2.485353986817739501e-08
2.320693130683541383e-08
2.137000867742874239e-08
1.943659964544266781e-08
1.742769865105301714e-08
1.542984820557473521e-08
1.348164351800995208e-08
1.164747239864882864e-08
9.954641098864133993e-09
8.429598287338258065e-09
7.081267961813681073e-09
5.904661762896796577e-09
4.888770221502420566e-09
4.019647679950943511e-09
3.283249310040422080e-09
2.667076438700568450e-09
2.159190480833216895e-09
1.746566576292807033e-09
1.414677534011656273e-09
1.148947055667319749e-09
9.363790116468402524e-10
7.660831394009577996e-10
6.294052835856293967e-10
5.193656384322185829e-10
4.300456551534105286e-10
3.569071292966698796e-10
2.965135973369187488e-10
2.462105324401129145e-10
2.040221741450335430e-10
1.684619167272084427e-10
1.384117527580883035e-10
1.130173044561680928e-10
9.160960073268251320e-11
7.364738458923286925e-11
5.867657355622429408e-11
4.630310688449109822e-11
3.617573323467509827e-11
2.797615081448166197e-11
2.141417863806210392e-11
1.622609247421281385e-11
1.217457049423315383e-11
9.049294042813551795e-12
6.667252102142171494e-12
4.872397630815958950e-12
3.534461540925926780e-12
2.546969409254261684e-12
1.824652492400598548e-12
1.300523617472231797e-12
9.228808518594364721e-13
6.524710857265177665e-13
4.598429072082583959e-13
3.232357876299122247e-13
2.267320930825580220e-13
1.587830871988120189e-13
1.110529175454861482e-13
7.762290334007666405e-14
5.424035066238790818e-14
3.792036169664063153e-14
2.655308731742726014e-14
1.864771755871499495e-14
1.316291437003738406e-14
9.371615762392250470e-15
6.758143301434680817e-15
4.969471530798948454e-15
3.756471324512282641e-15
2.943166736974305315e-15
2.408310289332266150e-15
2.065992456915907095e-15
1.854606908501925274e-15
1.730796636815961014e-15
1.663242385307527710e-15
1.629858498348050023e-15
1.615487110966472815e-15
