# bin_2_3
4.056806149656096959e-09
4.116724511194500356e-09
4.184726453615371940e-09
4.261744294893433508e-09
4.349251484470153540e-09
4.447256306394111785e-09
4.557027269345127693e-09
4.679634022243454462e-09
4.816294856841258071e-09
4.966941661727960618e-09
5.131384227847785379e-09
5.309061109491332778e-09
5.498947323755574075e-09
5.698711544029661945e-09
5.904528165794320525e-09
6.111632922846916301e-09
6.315650608793740122e-09
6.513620208544764306e-09
6.702719601724026859e-09
6.875986985822304448e-09
7.019619562017032264e-09
7.121408817989826864e-09
7.181190192166689095e-09
7.192829231192222809e-09
7.142991861519925738e-09
7.025596530113213177e-09
6.841377185527533172e-09
6.588120468561942388e-09
6.263994424792094937e-09
5.880449405844634570e-09
5.441271601376095456e-09
4.963046680755906426e-09
4.458293370191626973e-09
3.946634912725592174e-09
3.444296624465587088e-09
2.967743257002144820e-09
2.529754916291494825e-09
2.137825516491076834e-09
1.794128205295951630e-09
1.496092703999710239e-09
1.238424381637619731e-09
1.015872710299391823e-09
8.253022592788791109e-10
6.656922499599515310e-10
5.359206375758233482e-10
4.324373131174879276e-10
3.497085682957300718e-10
2.831220993076392268e-10
2.300214670420987866e-10
1.879607454030509654e-10
1.543610559055441032e-10
1.273786596308494349e-10
1.055528620840403072e-10
8.771472960848272745e-11
7.299032788442559467e-11
6.071857984436238030e-11
5.040854769357990432e-11
4.169708881769824179e-11
3.431422190858394388e-11
2.805585507462913587e-11
2.276362002493091982e-11
1.831015521855546904e-11
1.458870590644681063e-11
1.150628530981502339e-11
8.979437556261079655e-12
6.931838144278665766e-12
5.293165239196059357e-12
3.998781097251767419e-12
2.989888029349818479e-12
2.213856703414046749e-12
1.624531604741129933e-12
1.182361545651616643e-12
8.542707320119758916e-13
6.132598481277154256e-13
4.377886258011835532e-13
3.110314674051128492e-13
2.200773413758181822e-13
1.551882428530210645e-13
1.091210250785170723e-13
7.655132759534931812e-14
5.360074582075280828e-14
3.747772959913831162e-14
2.617597127302384249e-14
1.827039950042134138e-14
1.275086845743266080e-14
8.902867364577164962e-15
6.224708186188686832e-15
4.364056575264768525e-15
3.073764626125691132e-15
2.181697188242212055e-15
1.567463527327055844e-15
1.146783529744336911e-15
8.614154725656252695e-16
6.703441451444430011e-16
5.450144125943974127e-16
4.653791730942278494e-16
4.171687100394913314e-16
3.900494214755829635e-16
3.764908324998072005e-16
3.709277681070723983e-16
