# bin_1_2
4.553872042961738072e-09
4.610886934366855779e-09
4.675431683716311036e-09
4.748643338566937550e-09
4.830230513755842289e-09
4.921495183406320712e-09
5.022169648866552178e-09
5.133487267038025728e-09
5.255504975769932923e-09
5.387526624548965777e-09
5.527763742084597776e-09
5.673858379434182725e-09
5.822984921131287034e-09
5.971644721189973140e-09
6.114804247044358073e-09
6.249737981466509404e-09
6.373582335123905026e-09
6.481448134133243193e-09
6.563292897618825447e-09
6.605925774479956154e-09
6.605619126348457753e-09
6.563360348375109231e-09
6.468811355654898802e-09
6.313611120295524442e-09
6.099265005721379819e-09
5.829451464258863726e-09
5.500466696399079631e-09
5.124371732202806590e-09
4.708098419301829266e-09
4.264417777282247308e-09
3.807768024268799806e-09
3.353065307999065274e-09
2.914187213367949848e-09
2.504121334604766160e-09
2.130775626947700779e-09
1.798355754151900396e-09
1.507010347005357054e-09
1.253886734733665971e-09
1.035124328647418968e-09
8.474685744101361934e-10
6.887731331817691228e-10
5.572703988781443625e-10
4.504445608337084050e-10
3.646811749344419436e-10
2.959825497647475401e-10
2.409277269306986031e-10
1.969411456068287728e-10
1.618296399161690681e-10
1.336454059730856846e-10
1.108576294604125033e-10
9.226727356494630683e-11
7.694774598675581176e-11
6.419672563746858566e-11
5.348918722935276597e-11
4.443567177752648468e-11
3.674760750749942717e-11
3.020914500872465108e-11
2.465532433184921710e-11
1.995591349847262507e-11
1.600384173978916215e-11
1.270725873350285345e-11
9.984406879738555108e-12
7.760569887129777561e-12
5.966499854916316049e-12
4.537863357622437566e-12
3.415336812927042132e-12
2.545036816257820540e-12
1.879001885821934729e-12
1.375543253769491810e-12
9.993151084056195792e-13
7.210848294802694504e-13
5.172407464147239232e-13
3.691216193959759272e-13
2.622644340749899327e-13
1.856528653684032727e-13
1.310116397667109311e-13
9.221303188458943728e-14
6.476921994312049053e-14
4.541605973344807778e-14
3.180468827473219752e-14
2.225228210519109838e-14
1.556209075242598973e-14
1.088352674635079824e-14
7.617060269851860515e-15
5.340159504784845755e-15
3.755684633049302658e-15
2.656239089289441540e-15
1.895203270025498660e-15
1.370957476759603116e-15
1.012119935803340426e-15
7.691561065521376412e-16
6.072200886450137740e-16
5.016472907708932880e-16
4.352128954531838733e-16
3.955718427706271153e-16
3.736531463626741793e-16
3.628622813372156008e-16
3.583485136417841266e-16
3.568656021489425219e-16
3.565152460947379655e-16
