# bin_1_3
4.901390404206327453e-09
4.965993701047609431e-09
5.039291232261069435e-09
5.122602706072920696e-09
5.215763348957225536e-09
5.320305031413141082e-09
5.436110884983715161e-09
5.564654499436830208e-09
5.706177926156577164e-09
5.860168216731251436e-09
6.025005243016268974e-09
6.198462487261404181e-09
6.377777785692129968e-09
6.559441093376178555e-09
6.738295797060271748e-09
6.911373805515883371e-09
7.075396502954918598e-09
7.224850162713360254e-09
7.348813311137837432e-09
7.432953414375915465e-09
7.472235436829539746e-09
7.466141079057456933e-09
7.402559891104314088e-09
7.271235134998465733e-09
7.071846842016137478e-09
6.806340495306105758e-09
6.469433581021186195e-09
6.072222708392502095e-09
5.621207784026354473e-09
5.129614318238134498e-09
4.613281396143109144e-09
4.089528228990848974e-09
3.575492714664719526e-09
3.087979686325570232e-09
2.638686941701740198e-09
2.235008951225799978e-09
1.879134445529026415e-09
1.568856892200194240e-09
1.299815567671278001e-09
1.067786609714174445e-09
8.699326146255329377e-10
7.044124347229043601e-10
5.689606981326353041e-10
4.599066101893467210e-10
3.725606032591188471e-10
3.025373990312349352e-10
2.465625516514663625e-10
2.019644007429979246e-10
1.662995349726974369e-10
1.375981611163859795e-10
1.143098900691350885e-10
9.522880642521021573e-11
7.943301144688975793e-11
6.622986441732311324e-11
5.510454524878234569e-11
4.567625473200300767e-11
3.766225270525665579e-11
3.084930601587472248e-11
2.507217617747078255e-11
2.019795696626434545e-11
1.611507166868082245e-11
1.272594393548648330e-11
9.942435074941511885e-12
7.683282655770846009e-12
5.872949852084298694e-12
4.441422390385338895e-12
3.324563845515525050e-12
2.464675124944585733e-12
1.811005332597900608e-12
1.319998126932758148e-12
9.552008682589777384e-13
6.868423348969755680e-13
4.911559684476172151e-13
3.495574482392591466e-13
2.477807283592804773e-13
1.750400972208257759e-13
1.233026335659239555e-13
8.665641249976848419e-14
6.078630519510528370e-14
4.257625134203558586e-14
2.978836955962372143e-14
2.082739008311146402e-14
1.455829442899192978e-14
1.017964048283991562e-14
7.126138817182071781e-15
5.000054300646356022e-15
3.523354369571653609e-15
2.499842957903443849e-15
1.793258985380991872e-15
1.308010121185639507e-15
9.777171077150138687e-16
7.558103892594267278e-16
6.094563009052578472e-16
5.157763375739046707e-16
4.584793345517302133e-16
4.256710865554706322e-16
4.086928395920896620e-16
4.010771228492719885e-16
3.983154627866395719e-16
3.975668318548610200e-16
