# bin_1_4
4.999710047132342981e-09
5.066495324480351892e-09
5.142311662590330720e-09
5.228531581694387610e-09
5.325029235146148100e-09
5.433403178193953263e-09
5.553583349082205886e-09
5.687114414697187935e-09
5.834295907301041373e-09
5.994672687183600695e-09
6.166679240497013513e-09
6.348134424424340446e-09
6.536303758920599259e-09
6.727684681944978558e-09
6.917097565545635875e-09
7.101517476234254514e-09
7.277560034403341899e-09
7.439545588446241328e-09
7.576313262606190423e-09
7.673213221512979607e-09
7.724838183651128624e-09
7.730232902600455860e-09
7.676767404868006037e-09
7.553619633612269636e-09
7.359909433240706508e-09
7.097035294810435390e-09
6.759201818845089423e-09
6.357152636540151122e-09
5.897184499913800218e-09
5.392572704319088158e-09
4.859488180769418897e-09
4.315892051077182620e-09
3.779846606248684147e-09
3.269285265929259134e-09
2.797073740598648655e-09
2.371638050039364791e-09
1.995883453082251774e-09
1.667903252559193833e-09
1.383259546238033755e-09
1.137454862863854144e-09
9.274149299852432484e-10
7.512413721727794949e-10
6.067451187616421470e-10
4.902775126082880955e-10
3.969771378103110948e-10
3.221707723936727701e-10
2.623578182268370994e-10
2.147149824829477927e-10
1.766481980448822891e-10
1.460510232848128170e-10
1.212597975019598810e-10
1.009789189411837485e-10
8.421608213135476373e-11
7.022394425290174130e-11
5.844663031556547027e-11
4.847298928637661827e-11
3.999814754687053923e-11
3.279288175090020042e-11
2.668037813729438503e-11
2.151924395946142933e-11
1.719150198613574404e-11
1.359453062914786870e-11
1.063599091009649458e-11
8.230924929252740957e-12
6.300393048516153616e-12
4.771155948365059064e-12
3.575988639379439588e-12
2.654250610189535384e-12
1.952437977931474121e-12
1.424481392752866893e-12
1.031699805557913598e-12
7.424045128820417537e-13
5.312263630293985907e-13
3.782771885156612395e-13
2.682554646590015954e-13
1.895704054085981073e-13
1.335746066656830861e-13
9.389451255228784304e-14
6.587282686852762437e-14
4.614277529300741230e-14
3.228451484071641547e-14
2.257178304842361410e-14
1.577586921387631167e-14
1.102870160358657191e-14
7.717815841548142295e-15
5.412198666877840106e-15
3.810427390992792049e-15
2.699883349014416701e-15
1.932821663423254222e-15
1.405622365279892897e-15
1.046317303844960416e-15
8.044472902441749141e-16
6.444705897579079464e-16
5.416352040926165274e-16
4.783456804519659847e-16
4.417808125460915686e-16
4.226105499105382703e-16
4.138480881619762366e-16
4.105791544428108899e-16
4.096518847497528759e-16
