# bin_4_2
2.682886213943928896e-08
2.724152190346221225e-08
2.771153861336861720e-08
2.824293161965383936e-08
2.883775592347752966e-08
2.950894568693761438e-08
3.025966318544841021e-08
3.109214805067575673e-08
3.202257198438341651e-08
3.304619720886837564e-08
3.416972245929711564e-08
3.537883619513258415e-08
3.667985924193307711e-08
3.806931589482360438e-08
3.952589401310724458e-08
4.102625946532497376e-08
4.253037432111837387e-08
4.399059473058148414e-08
4.535375822489784132e-08
4.659440990715587016e-08
4.770436257076268714e-08
4.863796484092205149e-08
4.928142504025590539e-08
4.953224270995891646e-08
4.941367130604468957e-08
4.890614159557793227e-08
4.792667563996614329e-08
4.644496481316761555e-08
4.450886957678340579e-08
4.213785528286581890e-08
3.934042920052232623e-08
3.624802193718029956e-08
3.290396541917472183e-08
2.945290260743852537e-08
2.598411056215519835e-08
2.262911995609691472e-08
1.946951118597587865e-08
1.657992773806343257e-08
1.399908732670327766e-08
1.173139024790941726e-08
9.760114637668721008e-09
8.057993194959948401e-09
6.598590695350574398e-09
5.362334342708886151e-09
4.333476565514290563e-09
3.493309411950020665e-09
2.816854950408104624e-09
2.275743816129887335e-09
1.843458101812879611e-09
1.498278523000101719e-09
1.222979424059567476e-09
1.003226827038033318e-09
8.266161202218630432e-10
6.834987431002188991e-10
5.665710033386296275e-10
4.701031996662854037e-10
3.898378450921097517e-10
3.225735879299912399e-10
2.659258447439542339e-10
2.181037920904202177e-10
1.777404127769034928e-10
1.437642157042348839e-10
1.153063179799837230e-10
9.163587026376618404e-11
7.211694982904169968e-11
5.618187108525821111e-11
4.331615537748980076e-11
3.305119951972511295e-11
2.496188054517300225e-11
1.866658865853485800e-11
1.382809354825620828e-11
1.015399414579904089e-11
7.396010652080222802e-12
5.347846213415539408e-12
3.841728500818440258e-12
2.743998330761794677e-12
1.950212423138635427e-12
1.380180396811043761e-12
9.732437818079849843e-13
6.842151070641688645e-13
4.798305532276282566e-13
3.358317606192635149e-13
2.346700914090783134e-13
1.638115317654852214e-13
1.142682126158109452e-13
7.970063499763092746e-14
5.562947533890116893e-14
3.889253394609253075e-14
2.727781099908586603e-14
1.924111255792998197e-14
1.369182546361504729e-14
9.881180797804049492e-15
7.281154482611660082e-15
5.523948149941661858e-15
4.353745514583058823e-15
3.591709533115118064e-15
3.111176439098822707e-15
2.822259278539169984e-15
2.660086162600788914e-15
2.577911255882642155e-15
