# bin_6_3
4.802319639221547177e-08
4.883795928995031695e-08
4.976699800458459651e-08
5.081790874574531251e-08
5.201632954006827635e-08
5.337046079728813346e-08
5.489489442281046059e-08
5.659565753778020495e-08
5.850885707834841888e-08
6.063135751890599564e-08
6.297580536055271785e-08
6.553538345390203082e-08
6.833155549587655919e-08
7.135932606702612934e-08
7.460453269426106089e-08
7.804284496193091117e-08
8.163917220953090668e-08
8.530979429558803685e-08
8.896650379577403599e-08
9.250107968915720025e-08
9.586248632036058380e-08
9.902792654167788870e-08
1.018925540463263177e-07
1.042131486710577388e-07
1.057867798516657396e-07
1.066327500803770002e-07
1.066516251038668301e-07
1.056649971683849909e-07
1.035671617031618388e-07
1.004230666554935985e-07
9.620062632545370465e-08
9.091212794993674118e-08
8.476617895975465256e-08
7.784729498324603929e-08
7.044276736314472247e-08
6.275837999749480799e-08
5.510709245290342934e-08
4.772870827768930578e-08
4.084950049980233007e-08
3.462703130175755501e-08
2.912807953374119187e-08
2.434136568659822667e-08
2.019976555036486219e-08
1.661892668495724038e-08
1.353644374364260704e-08
1.092604632879889644e-08
8.775955909568656058e-09
7.049952710066825353e-09
5.674845388316685842e-09
4.572138503842998232e-09
3.689551033577833855e-09
2.990591717705755758e-09
2.436732688193397745e-09
1.994636922985326657e-09
1.640197755118751093e-09
1.353611894483957074e-09
1.119725319538722376e-09
9.270445579013945838e-10
7.669434098505710961e-10
6.329938810709803306e-10
5.204098325839666835e-10
4.255922378095314148e-10
3.457824358144080752e-10
2.788081572814844253e-10
2.228989828882450703e-10
1.765593910399488423e-10
1.384866011530225978e-10
1.075199063213211311e-10
8.261199290003921002e-11
6.281454559980134846e-11
4.727277140652018567e-11
3.522446907682406687e-11
2.600040149995133833e-11
1.902377297085772540e-11
1.380755507171608183e-11
9.949225272104476586e-12
7.123150012334950006e-12
5.071311183855070238e-12
3.593115401071665507e-12
2.535319742443014847e-12
1.782734200410599672e-12
1.249961397000978391e-12
8.743566953140941634e-13
6.104604424916498368e-13
4.256237856834734320e-13
2.964564879287913382e-13
2.063830566198803665e-13
1.437017949158783669e-13
1.001500828109280637e-13
6.994766848168042321e-14
4.904623893863452141e-14
3.461367180346673318e-14
2.468634645465162871e-14
1.789414028798103758e-14
1.327822325605303469e-14
1.017973735768103974e-14
8.136783038499547807e-15
6.823250610493961504e-15
6.012903087201447092e-15
5.542814969636080050e-15
