# bin_5_3
2.505207686945659870e-08
2.547051358594870680e-08
2.594783527483470797e-08
2.649453298781996735e-08
2.711372045710897037e-08
2.781291538190239841e-08
2.859417500442787864e-08
2.947534402493996997e-08
3.046084855867127592e-08
3.155451845265500146e-08
3.276324062038075180e-08
3.408634768090937783e-08
3.552389072650098505e-08
3.708286279912553563e-08
3.875239962581546337e-08
4.051886993222728450e-08
4.235537095787184383e-08
4.422283689581850370e-08
4.607140574027703342e-08
4.785563191223915158e-08
4.955572459610303839e-08
5.115389729506701049e-08
5.257635280599663631e-08
5.368964116502556404e-08
5.442528531668848062e-08
5.479729652020071123e-08
5.471846717993383982e-08
5.411411391350181663e-08
5.294170495451257095e-08
5.124502262293333487e-08
4.897517136925900235e-08
4.619020574542222095e-08
4.296230533894845845e-08
3.936300482543401849e-08
3.552983595012218219e-08
3.158049039922303227e-08
2.766402625341962225e-08
2.391266657124732438e-08
2.043084611551240094e-08
1.729409894424592005e-08
1.453140079700986444e-08
1.213101189564726152e-08
1.005511068468362790e-08
8.260858112354317743e-09
6.718668281160546096e-09
5.417183639214372582e-09
4.350052456391305552e-09
3.496158914237187974e-09
2.815908711889650156e-09
2.269803693013628514e-09
1.833118811754448887e-09
1.487764204134270554e-09
1.213760458248886288e-09
9.947415955528858583e-10
8.189451471545457952e-10
6.764973494072134979e-10
5.600131749975143135e-10
4.638488441935672276e-10
3.837935427401176975e-10
3.167103596925154454e-10
2.602630999237958770e-10
2.126914133922321919e-10
1.726408681096321351e-10
1.390392359017746971e-10
1.110067933066060906e-10
8.779544564083625668e-11
6.874975272357763094e-11
5.328321350075749015e-11
4.086517377178363764e-11
3.101456320412847995e-11
2.329780707374500342e-11
1.732875856606290615e-11
1.276906054546521376e-11
9.327877240371070855e-12
6.760409929407140983e-12
4.865035672176807897e-12
3.479232045544629405e-12
2.474694459820775709e-12
1.751992565363665510e-12
1.235434646453494199e-12
8.682797320043947350e-13
6.085768317356382286e-13
4.255931894847494799e-13
2.971021494065832291e-13
2.071285571408645295e-13
1.442779080562723288e-13
1.004582124645802828e-13
6.996463019158250572e-14
4.878226278482060385e-14
3.409373460348427820e-14
2.392673458702424129e-14
1.691360598649290098e-14
1.209033883920320410e-14
8.791273899364715182e-15
6.554154935275322034e-15
5.054578082145864696e-15
4.069079479892954278e-15
3.438872914265251476e-15
3.053179550423179036e-15
2.832216531694341024e-15
