# bin_6_1
3.423106371251229730e-08
3.471846842415871375e-08
3.527055450567662679e-08
3.588878100329993213e-08
3.657481218353582154e-08
3.734486845353878104e-08
3.819632637654363757e-08
3.913057869049219199e-08
4.015504167213592439e-08
4.127251763327213591e-08
4.246137921781419538e-08
4.372041045676067921e-08
4.504598548650430231e-08
4.642193191342580988e-08
4.782947460016856626e-08
4.924150470424753713e-08
5.061600430993367265e-08
5.188842874646662325e-08
5.297773972663936260e-08
5.379847119596736981e-08
5.432095993949290384e-08
5.457143595376690301e-08
5.453621127936799360e-08
5.407765100159105295e-08
5.305404117042417675e-08
5.156348050248627913e-08
4.967407426590853275e-08
4.731384417428300371e-08
4.449100719705798339e-08
4.133268392541879742e-08
3.794201179136187562e-08
3.432017653611324039e-08
3.068835084284962587e-08
2.706718175186723878e-08
2.360752027702761247e-08
2.035383976874599306e-08
1.738828428667722348e-08
1.471628370605899409e-08
1.235719011944996142e-08
1.029872914528495367e-08
8.518277212595440736e-09
6.995321376431130218e-09
5.709632051851297721e-09
4.640470011531581614e-09
3.763956416143579422e-09
3.051819579441881082e-09
2.475322774133686449e-09
2.010170254066925686e-09
1.637111629799721756e-09
1.339062229505391420e-09
1.099702864833353175e-09
9.058118781726762367e-10
7.482725805249205008e-10
6.194116521371926936e-10
5.129586657973614786e-10
4.244802339315752935e-10
3.504649395375913350e-10
2.883053952009659808e-10
2.360010034287704695e-10
1.920097197456837967e-10
1.551102566737096451e-10
1.243074459412161972e-10
9.876404553275229636e-11
7.775446507022633055e-11
6.063605294901511990e-11
4.683210743784844680e-11
3.582307950969427504e-11
2.714271869458833416e-11
2.037697528996487462e-11
1.516342281775509341e-11
1.119027806557928883e-11
8.194345037179390851e-12
5.957710770362572353e-12
4.303365842610647052e-12
3.090124710435774879e-12
2.207271022960070353e-12
1.569328313822218900e-12
1.111256588867811302e-12
7.841851937832999429e-13
5.517435388820338714e-13
3.872407982724874949e-13
2.712592308004383007e-13
1.897522943100955701e-13
1.325922248119679633e-13
9.264625621549797428e-14
6.475515881382823379e-14
4.533948300112006647e-14
3.185378283553782896e-14
2.250744038640604308e-14
1.605152560619212732e-14
1.161699290710131850e-14
8.587477561244577280e-15
6.539342471425698676e-15
5.171456326231364240e-15
4.276918542619286766e-15
3.706029942463314421e-15
3.354596881559365697e-15
3.148271905185617620e-15
3.034060379690010966e-15
2.974969518420941060e-15
