# bin_4_4
3.172083349335007154e-08
3.225325361742741748e-08
3.286226604523929399e-08
3.355470756413178548e-08
3.433570585729321531e-08
3.522236892008768030e-08
3.622172055670007804e-08
3.734010962762449466e-08
3.859944631694394325e-08
3.999952609720079135e-08
4.155355208229380911e-08
4.325226526713285449e-08
4.510827129905312779e-08
4.712404473038279885e-08
4.928339405394164403e-08
5.156712633007315704e-08
5.393814582083379423e-08
5.634942523044431668e-08
5.874570224993529525e-08
6.109613113788328425e-08
6.338281727655043765e-08
6.554432996626997059e-08
6.744405786499739102e-08
6.895004041544098544e-08
7.005095350421650335e-08
7.068549201729533942e-08
7.072216745305768723e-08
7.007892768765922644e-08
6.875229965323418310e-08
6.671028913116110232e-08
6.391499688819816513e-08
6.046500841843000937e-08
5.638414807308389333e-08
5.182190587235701413e-08
4.689664954079614292e-08
4.180039427425332386e-08
3.670206547101672232e-08
3.178414911184001991e-08
2.719811199971418500e-08
2.304766914432316060e-08
1.938285026618247016e-08
1.619775463788260067e-08
1.344524279522240026e-08
1.106509459705794905e-08
9.011918310788759890e-09
7.268333304810043353e-09
5.831747086589020150e-09
4.683308559094586535e-09
3.771797234922703209e-09
3.038493328269438551e-09
2.449945992413511533e-09
1.986136298528550316e-09
1.618485711122210273e-09
1.324735223182259898e-09
1.089610782856888983e-09
8.994020009411905367e-10
7.442119898239674157e-10
6.163481126745487212e-10
5.100791766962523460e-10
4.211383760344141761e-10
3.463532170121763448e-10
2.833405652143312957e-10
2.302752151775012390e-10
1.857219836967301138e-10
1.485115398455789472e-10
1.176559368596681478e-10
9.229412359678566761e-11
7.165831741532290618e-11
5.505498230102060865e-11
4.185536562993930940e-11
3.149198700635806812e-11
2.345817047779045529e-11
1.730845986239916339e-11
1.265845037634926028e-11
9.183199257886701305e-12
6.613919147196441019e-12
4.733077784460223732e-12
3.368298369303222032e-12
2.385596169531616070e-12
1.682734365347636845e-12
1.182916856699263657e-12
8.292193772163779624e-13
5.799296991319352003e-13
4.048565768084175512e-13
2.822368166902193998e-13
1.965678140846241176e-13
1.368430571415236146e-13
9.527668663771500667e-14
6.639759277598996848e-14
4.637335275341997665e-14
3.251027971780705371e-14
2.294153490161519209e-14
1.635939555609925396e-14
1.185373464106991409e-14
8.792604522120105597e-15
6.737047005781037609e-15
5.380491147279317917e-15
4.508800258524178678e-15
3.970817422163159719e-15
3.659523976670808212e-15
