# bin_6_2
4.188065170904385623e-08
4.254671416860780288e-08
4.330566332605508849e-08
4.416264822504940476e-08
4.512353841200236358e-08
4.621088268188869189e-08
4.742660452573395920e-08
4.877740734257349034e-08
5.027738272569461414e-08
5.193616679043349364e-08
5.373687116047110185e-08
5.568623967203215507e-08
5.778581742312076034e-08
6.002267608514419869e-08
6.238193355637002212e-08
6.483665361111928829e-08
6.734090679362326865e-08
6.982403258736127339e-08
7.219109345044960100e-08
7.433820171645644077e-08
7.621168761903495531e-08
7.780754590522390710e-08
7.907336920770073515e-08
7.982295260337788229e-08
7.986026695560449274e-08
7.923146017898054092e-08
7.795137399743957932e-08
7.589148688597744809e-08
7.301208446613903180e-08
6.941050804117286929e-08
6.517397338317108316e-08
6.030654188114759747e-08
5.506923824275808568e-08
4.953923147516509038e-08
4.395794417307839552e-08
3.847075007329341076e-08
3.326969250171233902e-08
2.845455509408769132e-08
2.411597609720897980e-08
2.027799709466332060e-08
1.692193136207054843e-08
1.401191271641328363e-08
1.150855385166935792e-08
9.379757297622384152e-09
7.598933534429359187e-09
6.135081056026887779e-09
4.947945559480800785e-09
3.992537754810394876e-09
3.227638161716795479e-09
2.618038219449559816e-09
2.132188806226744218e-09
1.743692787764446812e-09
1.432427996265850050e-09
1.181411262161578436e-09
9.770633492537523595e-10
8.093760152511357380e-10
6.705116667779496259e-10
5.546598723061474589e-10
4.574474778473034016e-10
3.755982891156619913e-10
3.066228623695017164e-10
2.485897755994261476e-10
1.999551732614841725e-10
1.594411085482303789e-10
1.259534862265457168e-10
9.852883555860856183e-11
7.630252013245736681e-11
5.849164765858220174e-11
4.438768983802607331e-11
3.335431306775870828e-11
2.482758891640293076e-11
1.831628643252752336e-11
1.340079627306589045e-11
9.730021316541094477e-12
7.016232540183354251e-12
5.028330876249545518e-12
3.584197188559996419e-12
2.542831325115889638e-12
1.796786214051930270e-12
1.265276716797660046e-12
8.884329373922051600e-13
6.223670158881021982e-13
4.351803850035722345e-13
3.038400848799851247e-13
2.119633581120195625e-13
1.477939784021706776e-13
1.030819182575693677e-13
7.198506350096167827e-14
5.039458839629909476e-14
3.543746299617726922e-14
2.511041938905515764e-14
1.800402826077391626e-14
1.314440419187994113e-14
9.846623212685589450e-15
7.639249292165239149e-15
6.187347853040670120e-15
5.258507318191833792e-15
4.687910472186265678e-15
4.356885431666770517e-15
4.179190083593650292e-15
