# bin_4_1
1.704867337402934493e-07
1.525069734407137952e-07
1.339935978218766205e-07
1.155567583756485401e-07
9.769610396260247317e-08
8.087560125971925159e-08
6.549834655515821133e-08
5.185397907684129264e-08
4.010617707806097032e-08
3.029298409348620603e-08
2.234715537840980327e-08
1.610892216317281455e-08
1.135658103970524760e-08
7.847428487840954537e-09
5.336902761457135246e-09
3.531428031183467349e-09
2.331818664173120137e-09
1.556683058422836055e-09
1.037334756180510150e-09
6.788693689988022375e-10
