# bin_1_1
4.708035896890761816e-07
4.377986309654185827e-07
4.015255114355787965e-07
3.630352708870400021e-07
3.232596020966799532e-07
2.831979867186091946e-07
2.438705056635849386e-07
2.062018366101461510e-07
1.709753910509159938e-07
1.388099922662575354e-07
1.101709893677511339e-07
8.532436803901505398e-08
6.434895228378481059e-08
4.718266508484157496e-08
3.359538892228903404e-08
2.303653894146197822e-08
1.540313679220084450e-08
1.006397274649939025e-08
6.359120246407397782e-09
3.906459518768128824e-09
