# bin_4_4
6.387359000085663368e-06
5.674155225958018323e-06
4.937635766725499279e-06
4.203356730595186140e-06
3.493045856551754466e-06
2.827238892580144573e-06
2.224084539532166603e-06
1.696897034872018562e-06
1.253331259745979086e-06
8.950810433721802057e-07
6.180033500259443322e-07
4.132715275756917936e-07
2.690858235625070345e-07
1.722759685822467587e-07
1.101587046084345778e-07
7.169622198558527953e-08
4.831540669539729754e-08
3.293325190394119175e-08
2.297291033815874775e-08
1.731032749898465995e-08
