# bin_4_2
7.950760890744613930e-07
7.130191264042340011e-07
6.271051299704318512e-07
5.402991387176439899e-07
4.551718507340178472e-07
3.742114709818040411e-07
2.996863936199415055e-07
2.333605524029063724e-07
1.763835028850958747e-07
1.292350300615952385e-07
9.172626498301160814e-08
6.309489029225387704e-08
4.215679953454800447e-08
2.750021878103746515e-08
1.767322606628602714e-08
1.130465848438028859e-08
7.327242583550996968e-09
4.804957555817984315e-09
3.239322958324615866e-09
2.285985423101563907e-09
