# bin_2_3
2.448994251278544233e-12
2.497756895269054264e-12
2.554196218045061778e-12
2.619206762980688319e-12
2.694565713939591783e-12
2.781197999987578518e-12
2.880612578658540335e-12
2.994210907534001950e-12
3.123285143912048576e-12
3.269004233765497162e-12
3.433567846293483900e-12
3.619123541276418016e-12
3.826293369701312606e-12
4.055177841296776437e-12
4.307247331193391971e-12
4.582382519611610540e-12
4.879965507845110664e-12
5.198674411278451159e-12
5.534457745160142548e-12
5.881169487015965428e-12
6.232982271728892522e-12
6.583075265257593927e-12
6.919288165772097336e-12
7.227561513190872332e-12
7.495540719290943403e-12
7.707984975775692742e-12
7.848961458369179722e-12
7.901973373008432654e-12
7.854506081482412490e-12
7.690898484439809993e-12
7.404728870445495333e-12
6.991941230436107487e-12
6.459080591391958206e-12
5.820363719538135079e-12
5.101107548754155390e-12
4.333591912737600976e-12
3.554102328824899007e-12
2.799201106185636685e-12
2.103042222352296202e-12
1.494032954609028697e-12
9.864145562139177185e-13
5.783211328321436222e-13
2.605935726956960955e-13
2.226140589586189811e-14
-1.445141065890571424e-13
-2.466254959596937095e-13
-2.946388903288399677e-13
-3.012147828148690770e-13
-2.796454593447857731e-13
-2.393685868489517685e-13
-1.900778094429030833e-13
-1.387956185509213904e-13
-9.055034613444896306e-14
-4.811314668132547354e-14
-1.323489826029933886e-14
1.363473764154964782e-14
3.286145961642713910e-14
4.529987547126672644e-14
5.207089985175290549e-14
5.438354755602978572e-14
5.339887945351709825e-14
5.014873206231941901e-14
4.549515164190965931e-14
4.012391271156409141e-14
3.454893663368455383e-14
2.913378339953246900e-14
2.411497811293228038e-14
1.962833056865175772e-14
1.573415412393065362e-14
1.243738890799868211e-14
9.706321017248740436e-15
7.487018243737186183e-15
5.714135235061878514e-15
4.319152590395463379e-15
3.236469041928083028e-15
2.406270597968901921e-15
1.776363596601683934e-15
1.303164937658088275e-15
9.505985321984308736e-16
6.898842133769846667e-16
4.985007487644431340e-16
3.587267836740750475e-16
2.571562799204466820e-16
1.837869789727834174e-16
1.309853939308392387e-16
9.311940445983372581e-17
6.606212334146122106e-17
4.673427166734058030e-17
3.296970827399709532e-17
2.338843559333136466e-17
1.656851913432160589e-17
1.181984014511936346e-17
8.445866749796924865e-18
6.205278573426846539e-18
4.756409746952623227e-18
3.891714795655241676e-18
3.324102385475229353e-18
3.080590852208978784e-18
3.050533302744501999e-18
3.112032639240406266e-18
