# bin_5_3
5.442307199784124662e-11
5.580549638582292926e-11
5.741668098153762340e-11
5.929218460132567056e-11
6.147576840809196277e-11
6.401395560928405818e-11
6.696419572667233151e-11
7.038810460367032959e-11
7.435458792470821703e-11
7.894522167147633145e-11
8.425564951076562730e-11
9.039276323176695667e-11
9.746994146082814703e-11
1.056098066971542588e-10
1.149571426455152979e-10
1.256609402192432733e-10
1.378823932129211734e-10
1.517934116526666591e-10
1.675675760659323622e-10
1.853673224726228978e-10
2.053334849599914892e-10
2.275765547802659190e-10
2.521678001195883348e-10
2.790871429866478843e-10
3.081789001187502820e-10
3.391671696931760003e-10
3.715680078203628179e-10
4.046544159309781978e-10
4.374032617904085554e-10
4.687284266899882125e-10
4.973146962248230209e-10
5.214931670440030615e-10
5.395047844079058374e-10
5.495655804833372996e-10
5.499392214501088302e-10
5.389640196356063510e-10
5.152978671548109456e-10
4.787245795752028535e-10
4.304756078599768245e-10
3.732932833729025063e-10
3.116021695889696506e-10
2.509734415220452420e-10
1.966480623260078737e-10
1.516563702947179200e-10
1.155575461421883970e-10
8.508558472682942315e-11
5.740290555738087653e-11
3.325912179648474128e-11
1.560045058416682419e-11
4.783537218920147419e-12
-1.795679991914963096e-12
-5.716010249408436351e-12
-7.104080454628861525e-12
-6.766111924390249178e-12
-5.521583485649365112e-12
-3.797622461923416678e-12
-1.977826913679581465e-12
-2.979191099973887346e-13
1.103122169344894209e-12
2.169501788205778344e-12
2.898172128553672090e-12
3.318091358588398219e-12
3.480248132651762329e-12
3.443146778318425749e-12
3.262431279191280334e-12
2.987696907113338577e-12
2.660288774115867383e-12
2.312522071215651032e-12
1.968142281138493021e-12
1.643405436267696528e-12
1.348424072443968643e-12
1.088508663960438271e-12
8.653945399208801811e-13
6.782615675814421674e-13
5.245947497179644346e-13
4.008306867154010263e-13
3.029001718509854585e-13
2.266471160034021365e-13
1.681126569145716879e-13
1.237403126726111615e-13
9.046198044658581816e-14
6.573856745197030009e-14
4.752226343885474298e-14
3.419856169076774526e-14
2.451486440077402335e-14
1.750181710685831471e-14
1.245603140558788471e-14
8.844493433893418705e-15
6.272125965258254479e-15
4.434607679546368805e-15
3.111700139401884115e-15
2.177421488439619637e-15
1.532290787786473213e-15
1.086049309556247097e-15
7.570848909506422499e-16
5.217229822088368443e-16
3.481443633765650569e-16
2.511680461210082787e-16
1.793182464883803729e-16
1.216883235781384845e-16
