# bin_3_2
1.216952181121189515e-10
1.244194175351538173e-10
1.275884046331583221e-10
1.312581822866191856e-10
1.355209409287865554e-10
1.404693705185405966e-10
1.461865224057792754e-10
1.527778555931701548e-10
1.603376911036931940e-10
1.689822176344826603e-10
1.788744943552856744e-10
1.902060337590411306e-10
2.030929994499725006e-10
2.176455588261589676e-10
2.340506066147022986e-10
2.524285739387806651e-10
2.728896465378237771e-10
2.955471990988255636e-10
3.204311716480780021e-10
3.474651189428021375e-10
3.764482429876877558e-10
4.071093826907153235e-10
4.390761793516146732e-10
4.716387335111656669e-10
5.038568070301666347e-10
5.347195669934407728e-10
5.629291247573715577e-10
5.869657538722306402e-10
6.050828692493105447e-10
6.155280993805835387e-10
6.164175014968941157e-10
6.062815546769458511e-10
5.839021000605375929e-10
5.488420413816812685e-10
5.016031364129366843e-10
4.440229398413350740e-10
3.791571410613542962e-10
3.111370619401287139e-10
2.447216978743882236e-10
1.843052156255797321e-10
1.326286537440412866e-10
9.022539015481121647e-11
5.594032297648263015e-11
2.809790330435577795e-11
6.061615467050882350e-12
-9.885355554355981626e-12
-1.958991378184120032e-11
-2.395389943982972635e-11
-2.465987252628596723e-11
-2.297418635600935142e-11
-1.973155104404476939e-11
-1.566837497744293158e-11
-1.143233165980054875e-11
-7.441909379847540302e-12
-3.953819878524120340e-12
-1.103814331521586857e-12
1.076410199109027494e-12
2.622006847504659687e-12
3.609190093093503084e-12
4.134696553876500121e-12
4.301066549997435252e-12
4.205438643845253125e-12
3.932327644681407106e-12
3.551432029260993433e-12
3.117484601967737459e-12
2.671041979598350567e-12
2.240396133533579113e-12
1.843724740042537171e-12
1.491258448379493366e-12
1.187270688262110460e-12
9.317088264699560937e-13
7.216353323276831266e-13
5.523605193322304184e-13
4.183491141667221047e-13
3.138825100519870559e-13
2.335577205660121908e-13
1.725189285198609240e-13
1.266044984904814206e-13
9.237913253090411969e-14
6.706161314119739317e-14
4.846514537091484742e-14
3.488456955802306059e-14
2.501891692237053299e-14
1.787870630222791167e-14
1.274497800827775201e-14
9.067350762056371024e-15
6.432899399755459604e-15
4.546599170549806384e-15
3.200836277327011916e-15
2.257654853755477877e-15
1.593023687323215606e-15
1.124779149633102235e-15
7.832526986355510386e-16
5.456592805248619052e-16
3.872942394482827662e-16
2.840469905997567964e-16
2.186017743825161615e-16
1.802882932754027200e-16
1.731083005133526412e-16
1.843384272034115127e-16
