# bin_5_2
1.529811922382839944e-10
1.566366484656630499e-10
1.608923839265058873e-10
1.658409023765663061e-10
1.715999955615091064e-10
1.782881676133001347e-10
1.860254395597404673e-10
1.949776351006301856e-10
2.052767044649229361e-10
2.170955134082586036e-10
2.306893984355721481e-10
2.463276450915340698e-10
2.642157147706174214e-10
2.845738375277882163e-10
3.077251422485964478e-10
3.339117975976256467e-10
3.633636034925602232e-10
3.963151758611396284e-10
4.329355333207779852e-10
4.733386844080673572e-10
5.175180557636619385e-10
5.652338134592437162e-10
6.160170138265363006e-10
6.692242164171160548e-10
7.238508899306142000e-10
7.783730053486574738e-10
8.310349598975960149e-10
8.796583253927116718e-10
9.217278748957698925e-10
9.543019878336649263e-10
9.744134774789136988e-10
9.790842734012625477e-10
9.656528744128346892e-10
9.322542898956497638e-10
8.780684360119162091e-10
8.040417306090658030e-10
7.131847840453222422e-10
6.107312282473742868e-10
5.037038776093890352e-10
3.997973537513003578e-10
3.055742942882840450e-10
2.248538389937554363e-10
1.581820904962563534e-10
1.036578683898945973e-10
5.915302638523189173e-11
2.370700319116162371e-11
-2.308203540512943001e-12
-1.864676465491133951e-11
-2.682050878517290435e-11
-2.931278914700694657e-11
-2.808392574020571085e-11
-2.435609374976423012e-11
-1.926247583987396772e-11
-1.377583360678685409e-11
-8.529220117543474025e-12
-3.919148671504770898e-12
-1.533860020920042451e-13
2.706555217595606040e-12
4.701933499115502738e-12
5.934857779040874576e-12
6.538023364570116384e-12
6.653834622539433710e-12
6.416821161954461037e-12
5.944388326263362603e-12
5.333365193503011639e-12
4.659275491706515261e-12
3.977902787846910418e-12
3.327789105405169491e-12
2.733295845782700530e-12
2.207705132307608481e-12
1.755956990767272543e-12
1.377052938540600636e-12
1.066031996701001765e-12
8.156291552404174258e-13
6.174610866098419815e-13
4.630418655746919097e-13
3.443295892150984884e-13
2.541472512492075253e-13
1.863522865995506089e-13
1.358470245193081713e-13
9.851682901561163547e-14
7.112069568400797364e-14
5.113135926703600541e-14
3.662370539452121084e-14
2.614861074537413560e-14
1.862168564552528578e-14
1.322849171885940594e-14
9.367692450252168191e-15
6.611138498914424698e-15
4.656449420976965053e-15
3.275932317945499279e-15
2.307742298846049816e-15
1.615259690398573548e-15
1.122325806410765319e-15
7.816142730266844762e-16
5.467257250093899021e-16
3.991372348934385175e-16
3.043635846929726486e-16
2.552986422291373358e-16
2.497769516786208130e-16
