# bin_6_3
1.275421249067160104e-10
1.308251517911991877e-10
1.346525313330749904e-10
1.391099867070678386e-10
1.443017616218097197e-10
1.503407496714531418e-10
1.573645384844939366e-10
1.655231199507285009e-10
1.749855046818262872e-10
1.859506729731984005e-10
1.986510064015031355e-10
2.133477868066243925e-10
2.303230975869740934e-10
2.498859171168201760e-10
2.723974747335623141e-10
2.982378856191142730e-10
3.278217072660248992e-10
3.615949921694124587e-10
4.000171514994853053e-10
4.435343397950697418e-10
4.925555292580570873e-10
5.474290567221652916e-10
6.084155077736467001e-10
6.755736545878429098e-10
7.486560896857271318e-10
8.271137222280381502e-10
9.098975446161406890e-10
9.953546438907551338e-10
1.081080054476369123e-09
1.164375274308689189e-09
1.242018509793977225e-09
1.309948979812624996e-09
1.363608968836514191e-09
1.398340510090639090e-09
1.409491633049897721e-09
1.392494089713092650e-09
1.343374087085567567e-09
1.260491660121555855e-09
1.145918632707077602e-09
1.005627847801051915e-09
8.499958584474480870e-10
6.930047396525947998e-10
5.489292393752019574e-10
4.274198317552845247e-10
3.295541246980901773e-10
2.481458865638198319e-10
1.748017774560586554e-10
1.090629861434699028e-10
5.800109631257152608e-11
2.509200752294461654e-11
5.039525025403378170e-12
-7.695038730397519465e-12
-1.383323127050882200e-11
-1.468771612090133837e-11
-1.275201262314436469e-11
-9.183219322431385019e-12
-5.043911739244593640e-12
-1.023810389087221946e-12
2.446519070822578197e-12
5.165006935620324419e-12
7.080004067894621585e-12
8.235077969508264031e-12
8.737001650537365055e-12
8.722647336796956533e-12
8.328399684191251050e-12
7.678347461444514350e-12
6.878225960129333845e-12
6.012332918072649704e-12
5.143652388160758946e-12
4.316266806730258437e-12
3.558395379902071855e-12
2.885702294058371583e-12
2.304371706623895512e-12
1.813708521085600507e-12
1.408361154123454688e-12
1.080017660786635655e-12
8.188153071259222254e-13
6.144310202837272731e-13
4.568601200950608064e-13
3.369638205512056689e-13
2.467671566803426745e-13
1.795774526791508839e-13
1.299653071569251273e-13
9.361171603869052093e-14
6.715081933223838232e-14
4.797678834076329732e-14
3.415701433722671299e-14
2.425920314319506383e-14
1.720373433368488605e-14
1.217053302357640389e-14
8.553133570493443102e-15
5.983673599239773764e-15
4.202292008072545708e-15
2.971813168138406481e-15
2.085059450132809963e-15
1.432292600894896210e-15
9.648563144176945689e-16
6.750307692760328686e-16
4.841376962755697771e-16
3.260509282945458546e-16
