# bin_6_2
3.070613958854522634e-10
3.144805224758987330e-10
3.231254618170247831e-10
3.331575241508082171e-10
3.448262697389636336e-10
3.584007939970423163e-10
3.741327768118548473e-10
3.923070961892189522e-10
4.132248468495637725e-10
4.372607091512640497e-10
4.648838080242208072e-10
4.966890373149947192e-10
5.331144856504950976e-10
5.745828792485491197e-10
6.217917201100869765e-10
6.752604473856464997e-10
7.354858378453703713e-10
8.029752518135731111e-10
8.780846157135885666e-10
9.610737211185306829e-10
1.052016560003838771e-09
1.150544311129567041e-09
1.255754868043950612e-09
1.366283842517962915e-09
1.480224435700148304e-09
1.594654310047566647e-09
1.705848086050703123e-09
1.809451519172634658e-09
1.900240279849251350e-09
1.972366667616999090e-09
2.019347503104376672e-09
2.035193664165513697e-09
2.014045209438938747e-09
1.951775720647337915e-09
1.846278075077907556e-09
1.698943988831463991e-09
1.515367945535585340e-09
1.305907683452877176e-09
1.084733460861770352e-09
8.677638124840513222e-10
6.690389073168284435e-10
4.972945059523166559e-10
3.545812522017535946e-10
2.375597040961759169e-10
1.418298594378148518e-10
6.505999285713067832e-11
7.707920554267313357e-12
-2.954979729873613267e-11
-4.940580523939064040e-11
-5.676246109305136810e-11
-5.581786865888542223e-11
-4.928928635747443815e-11
-3.956209626678915269e-11
-2.868805830746301117e-11
-1.807828520885610195e-11
-8.620265637379488800e-12
-8.043589818899032012e-13
5.198626196156512413e-12
9.438566366882208368e-12
1.210413345118272168e-11
1.345616960091693150e-11
1.378116632691122366e-11
1.335527289114214727e-11
1.242209496742507019e-11
1.118434896454663053e-11
9.801489186344738884e-12
8.392321283227331696e-12
7.039803583069449391e-12
5.797025510983820975e-12
4.693810987167986680e-12
3.742096979966091342e-12
2.941144563819338875e-12
2.281634475166947909e-12
1.749066217513878717e-12
1.326457521662828847e-12
9.963027474670851954e-13
7.419043503921478159e-13
5.482684986141496472e-13
4.024387271251474769e-13
2.936159298343107131e-13
2.130953995232147317e-13
1.539285342301528882e-13
1.107234982960611215e-13
7.934801102874164453e-14
5.667894921149447754e-14
4.036940130688590981e-14
2.868061064287426945e-14
2.032196085233883456e-14
1.434519574003994205e-14
1.010369532435724612e-14
7.106474891248034347e-15
5.004138975766905610e-15
3.504269359842239811e-15
2.436681499484006981e-15
1.694985137687125148e-15
1.182412058335869958e-15
8.548088042926481463e-16
6.459765752008797044e-16
5.337163260004837826e-16
5.113344907615472357e-16
