# bin_4_4
2.951965097172452784e-11
3.024491128782338294e-11
3.108581739586919111e-11
3.206208047233593893e-11
3.319234645345832541e-11
3.449885339644194813e-11
3.600437428611860398e-11
3.774148922301706038e-11
3.973560356527516962e-11
4.202362171545129520e-11
4.463728897094620445e-11
4.761929471717969741e-11
5.100772437176334160e-11
5.484209166416379946e-11
5.916644705612981234e-11
6.402118875704085661e-11
6.944572716750177210e-11
7.547374977566073904e-11
8.213446255736754024e-11
8.944348740815770074e-11
9.740130925480319777e-11
1.059926963635240553e-10
1.151722806554033744e-10
1.248520996393789388e-10
1.349000048461216235e-10
1.451296612525852081e-10
1.552851528487379803e-10
1.650383724415547463e-10
1.740034532608179213e-10
1.817545005403751277e-10
1.877722553137393742e-10
1.915167797498662217e-10
1.924423241318964114e-10
1.900746695454721023e-10
1.840384541032267294e-10
1.741309003514296219e-10
1.604067015475526141e-10
1.433356864221228266e-10
1.237902776075416626e-10
1.030485076555580771e-10
8.267755650015235689e-11
6.413270831240152341e-11
4.833241835514358152e-11
3.545250717580302591e-11
2.494753642183342064e-11
1.610286162588705552e-11
8.701864554644144199e-12
3.085480338887106448e-12
-5.039720706989819213e-13
-2.482428421394655606e-12
-3.424234339465967514e-12
-3.611787250518919246e-12
-3.253206257441731476e-12
-2.591618589139828019e-12
-1.807220055409297610e-12
-1.020738725721364524e-12
-3.132072756567570993e-13
2.704125711192404821e-13
7.132182553227232302e-13
1.018018261336106739e-12
1.198895484960361741e-12
1.276544911809721959e-12
1.274263603538582455e-12
1.214352015318933503e-12
1.116418745779942708e-12
9.967629154202896132e-13
8.681220380747959184e-13
7.398862123798018575e-13
6.184969963075597777e-13
5.079841340452825827e-13
4.104850389626892436e-13
3.267281762332980396e-13
2.564381074940420114e-13
1.986742454799693416e-13
1.521001596533485423e-13
1.151915710603964915e-13
8.639434085916177793e-14
6.423632832113087726e-14
4.739631025863560864e-14
3.473251918687300265e-14
2.529890976936855074e-14
1.833101607458447870e-14
1.321856980520174702e-14
9.492480278670770090e-15
6.792233086922150084e-15
4.843346234426961962e-15
3.444066760445874206e-15
2.443721053525465540e-15
1.730931561381856937e-15
1.219317560509164460e-15
8.572623532696789842e-16
6.025824769635046415e-16
4.259633691766336364e-16
2.992866135739297428e-16
2.091954829197007264e-16
1.459234189251861015e-16
1.027325917860227605e-16
7.752483696154359272e-17
5.787434803260451633e-17
4.801200427073691895e-17
