# bin_6_4
7.497973382280082384e-11
7.689779860226616767e-11
7.913154250791404821e-11
8.172768221900129331e-11
8.474271224055522247e-11
8.824050681342199314e-11
9.229115256427618746e-11
9.698482967777235505e-11
1.024100709234935940e-10
1.086702155163595739e-10
1.158867675736743001e-10
1.241838548175493025e-10
1.337045583219722942e-10
1.446111356635499358e-10
1.570671884817630287e-10
1.712552156977640397e-10
1.873678656402638989e-10
2.055991117096173904e-10
2.261503725692703736e-10
2.492118529517349046e-10
2.749504464201633194e-10
3.035091539467833193e-10
3.349678764754205283e-10
3.693087906061975816e-10
4.063796725372005205e-10
4.458565554211873986e-10
4.871988909435577393e-10
5.295910815642270567e-10
5.718828742024701732e-10
6.127038909417736889e-10
6.503105629826773353e-10
6.828385227468586907e-10
7.080498709952158298e-10
7.236425817809531638e-10
7.274646832217446686e-10
7.174986440312749459e-10
6.922781564826442821e-10
6.510713934893452935e-10
5.947422727642084115e-10
5.260934765640682174e-10
4.496576299251487527e-10
3.713288335842591124e-10
2.973278387767179955e-10
2.325848466576073775e-10
1.790767696893642376e-10
1.355310885303653877e-10
9.872560717645973408e-11
6.634089480068330289e-11
3.905866973649436513e-11
1.949517861208480758e-11
7.830673393305546259e-12
7.733540372331636106e-13
-3.550035806946815544e-12
-4.919118582382383535e-12
-4.584230221083532721e-12
-3.335068368529479538e-12
-1.638032492531005847e-12
1.077265717246110285e-13
1.664387995826570075e-12
2.906995983670324348e-12
3.788989992646038807e-12
4.321412111713569209e-12
4.544831548882486483e-12
4.519104295154265363e-12
4.308484030475497564e-12
3.972268004779458519e-12
3.561646109034794257e-12
3.118202002296063271e-12
2.673197051754362709e-12
2.248838476876437274e-12
1.859398906045024309e-12
1.512925263341471075e-12
1.212651692615231041e-12
9.583340277712508592e-13
7.473594313646937952e-13
5.756169297000520212e-13
4.382610043925497462e-13
3.301595436370582596e-13
2.463547556843752952e-13
1.822556780170463688e-13
1.338143515768809218e-13
9.759064965447321875e-14
7.075347650688441153e-14
5.103112220212216641e-14
3.663703784066236452e-14
2.620562400707750394e-14
1.867299581824724363e-14
1.326368025354167323e-14
9.403154123546478629e-15
6.646149946237475986e-15
4.689475279753663086e-15
3.286758467721543367e-15
2.306183931919460316e-15
1.614957903787324066e-15
1.144420670443771182e-15
7.875406672853944848e-16
5.502943587646278658e-16
3.751911988136127769e-16
2.664816677241498355e-16
2.016163380942039096e-16
