# bin_6_1
6.979706244387435952e-10
7.134586518001072634e-10
7.313932844612505949e-10
7.520732961870084856e-10
7.759009256770107947e-10
8.033986772502261853e-10
8.349521026188932592e-10
8.709777356901316400e-10
9.119922439981092709e-10
9.585627620098507142e-10
1.011121441682285315e-09
1.070494967877071878e-09
1.137040160035717580e-09
1.210929925768235776e-09
1.292612022520802568e-09
1.382001884451457664e-09
1.478685467331007323e-09
1.582074541820924233e-09
1.690952802307921901e-09
1.803688368542860326e-09
1.918123593337463313e-09
2.031147561800513957e-09
2.138678900287759552e-09
2.236397247185953686e-09
2.320019076883695946e-09
2.384171193655061086e-09
2.423462909998729617e-09
2.433329739855592041e-09
2.409477323475213529e-09
2.348209342835642200e-09
2.246767755591752308e-09
2.106078035349908839e-09
1.928191427380732692e-09
1.719597572553732028e-09
1.488656580810947578e-09
1.246416536342458191e-09
1.004720828104819405e-09
7.750826935129742967e-10
5.669858300448276655e-10
3.870805958822206260e-10
2.389731991603194367e-10
1.222989337056679921e-10
3.416522689532288579e-11
-2.952334114497302626e-11
-7.242807768002335635e-11
-9.691003199496187265e-11
-1.059942475966124079e-10
-1.028766904228517564e-10
-9.174309157047055597e-11
-7.641055060715865259e-11
-5.929404251542583303e-11
-4.233658420638204591e-11
-2.677219964902794642e-11
-1.349281158524367408e-11
-2.805257844061376825e-12
5.262411688065122438e-12
1.089223008155803286e-11
1.441868369955615280e-11
1.622558436870873539e-11
1.670373352715441813e-11
1.622131919658299336e-11
1.509470854403354178e-11
1.358525076986461006e-11
1.189574464988599753e-11
1.017538932450280704e-11
8.527440823442088049e-12
7.016992834903694116e-12
5.679654124968697086e-12
4.528430430784437435e-12
3.561304395595040183e-12
2.765712409311119496e-12
2.123370642155502979e-12
1.613387128558025933e-12
1.214443854221644720e-12
9.064934776962708306e-13
6.716049772592796895e-13
4.942343007504855244e-13
3.615691942200047231e-13
2.631372165655837078e-13
1.905385255150576558e-13
1.374118716494690720e-13
9.872612967653519867e-14
7.067837746317628865e-14
5.044950220738245405e-14
3.592316701340254885e-14
2.549070572266398603e-14
1.802103353712182071e-14
1.277167360944058290e-14
8.994384295483193125e-15
6.341146526575704633e-15
4.486423390742216566e-15
3.186280600035019181e-15
2.286164498675910416e-15
1.667103531444830862e-15
1.289925436653660393e-15
1.054110972488978535e-15
9.450240734222957188e-16
8.879454145178785854e-16
8.883653913274469309e-16
9.107013789788703759e-16
