# bin_1_1
5.167825960248591012e-11
5.262751369718467089e-11
5.371964879000494455e-11
5.497491928290325411e-11
5.640871431649953250e-11
5.804688692261205993e-11
5.990169434211080235e-11
6.199798242225977048e-11
6.434721865673366192e-11
6.695957811853760163e-11
6.984842230678628696e-11
7.302242791541586082e-11
7.646748724978508549e-11
8.015947361792441337e-11
8.407125153016355676e-11
8.814609940273507699e-11
9.229063583976670535e-11
9.638107338185040381e-11
1.002685917580836060e-10
1.037988069147187475e-10
1.067707151781910561e-10
1.089117721015725355e-10
1.099980236814814435e-10
1.098226232488886916e-10
1.081773419735514415e-10
1.048948831537525263e-10
9.996152209420386099e-11
9.338520693484020996e-11
8.528972214443030197e-11
7.588788052340230656e-11
6.547162255010087961e-11
5.445705790990045023e-11
4.335064111605791767e-11
3.269053407749732085e-11
2.294052501991961394e-11
1.444917572995767710e-11
7.423332132106835778e-12
1.885331544058650538e-12
-2.291572322428774323e-12
-5.244036459621195299e-12
-7.105718304041622615e-12
-8.045813208618075576e-12
-8.210277718479541550e-12
-7.774445952669145777e-12
-6.938103242171071898e-12
-5.865863673511245250e-12
-4.709958971866692821e-12
-3.571470241655398417e-12
-2.525928970164472721e-12
-1.617770773471323300e-12
-8.694060212856971788e-13
-2.838556907654479883e-13
1.489383921556432221e-13
4.466909429041497913e-13
6.317404995905982831e-13
7.270995573215408404e-13
7.548555422372620810e-13
7.346460252918991663e-13
6.829170088655765712e-13
6.128454899403841284e-13
5.344406338749866422e-13
4.549348508757532740e-13
3.792068233890998274e-13
3.102649640146801563e-13
2.496729901994442971e-13
1.979284445831265599e-13
1.548114208685340851e-13
1.196318338059286322e-13
9.144886637287611583e-14
6.923449829563989627e-14
5.196357875810199397e-14
3.870548648423479308e-14
2.863244274588327314e-14
2.105299660897169550e-14
1.539540120411012372e-14
1.120405925952394632e-14
8.116675512282906667e-15
5.857041299663194235e-15
4.212116278952939574e-15
3.018356827940151433e-15
2.158052670015531433e-15
1.537466921740253264e-15
1.092280563082683991e-15
7.745711008805080842e-16
5.478083969549418960e-16
3.871901516885225104e-16
2.736862828532789761e-16
1.950930740842686853e-16
1.400663768253433879e-16
1.026605512645155584e-16
7.748367191092766744e-17
6.194382385231491777e-17
5.269646577339361712e-17
4.809849613903023481e-17
4.717173833160919072e-17
4.793900416637657201e-17
4.931105681012645299e-17
5.026715974702126366e-17
5.069842497432144655e-17
5.083459068583839287e-17
