# bin_1_2
1.163316076917880946e-11
1.181651509322212631e-11
1.202880443939691532e-11
1.227352174803526408e-11
1.255546130558475539e-11
1.288016570475963155e-11
1.324975488196885545e-11
1.366912883081789574e-11
1.413786017260643072e-11
1.465720012150910986e-11
1.523371700050645317e-11
1.587455246617928629e-11
1.657477259753522104e-11
1.732703528176177676e-11
1.813639302629029125e-11
1.899511789604613962e-11
1.988619129961459891e-11
2.078766130523353684e-11
2.167307469963315403e-11
2.252645165517025743e-11
2.331819566623843799e-11
2.399014836832604690e-11
2.450980945528358005e-11
2.484401248923001261e-11
2.494756928348277442e-11
2.477480709914595043e-11
2.430599495210623887e-11
2.350046601924108422e-11
2.233769067375948707e-11
2.081308527973901974e-11
1.894004841239038378e-11
1.676572707538591552e-11
1.436976607202850170e-11
1.186393913656124486e-11
9.378443693224985965e-12
7.036542100481694397e-12
4.935351562636555141e-12
3.134013164125691117e-12
1.658821855238712182e-12
5.111212366295322087e-13
-3.463364258354285107e-13
-9.549200722573083746e-13
-1.334861175238716025e-12
-1.522484644720855631e-12
-1.545673222370349071e-12
-1.447289425799598761e-12
-1.270690247082270693e-12
-1.053134364568144464e-12
-8.234317489849012155e-13
-6.006602674286253599e-13
-3.999085704029714074e-13
-2.290327912858898242e-13
-9.134045800086905803e-14
1.336984385853473547e-14
8.784583051964147745e-14
1.362264654476267540e-13
1.632841307718768062e-13
1.738122584551904920e-13
1.722496915740319517e-13
1.624530183633002634e-13
1.475761957627950455e-13
1.300808796496374432e-13
1.117987425711928633e-13
9.400849112713120345e-14
7.753734453802197093e-14
6.285480181082880583e-14
5.016206396847993774e-14
3.947035845501062179e-14
3.066276940349289819e-14
2.354779936391249122e-14
1.789782851689625304e-14
1.347956035928984060e-14
1.006851507915924059e-14
7.466426341802887945e-15
5.500556911719541795e-15
4.029424947980489857e-15
2.936204072660518523e-15
2.129811310894612789e-15
1.538602017228819031e-15
1.107126231968418382e-15
7.946687241759961165e-16
5.682632648981810249e-16
4.051999321179730732e-16
2.883735316645293419e-16
2.051056157470017709e-16
1.454907742327556161e-16
1.035310455907584567e-16
7.360370705934920178e-17
5.272996329005696900e-17
3.832823623765387882e-17
2.796227994988210594e-17
2.095778584248791368e-17
1.630598840102855515e-17
1.362706527085109990e-17
1.224122698565877829e-17
1.168576246355132174e-17
1.170057871358666744e-17
1.199217364570890454e-17
1.231524418880417626e-17
1.247599349443828082e-17
