# bin_3_4
1.865005056660424200e-11
1.908959038161860717e-11
1.959706634089758512e-11
2.018402142850746458e-11
2.086220394334306405e-11
2.164224540100577041e-11
2.253708518129389014e-11
2.356373528043107324e-11
2.473377721082105162e-11
2.606673615253623740e-11
2.757766504882355321e-11
2.928164214460004950e-11
3.119508020685143655e-11
3.333257860368597348e-11
3.570482106137823720e-11
3.832221679133027156e-11
4.118770583907796619e-11
4.430022057763946907e-11
4.765100409483730040e-11
5.122127296657823589e-11
5.498029535339006205e-11
5.888772693793689978e-11
6.288536326606948832e-11
6.689357359565064167e-11
7.081470123937852623e-11
7.452963805658912968e-11
7.789128996877064597e-11
8.074453964867954730e-11
8.291980509616690023e-11
8.421804479925519173e-11
8.444227902525565796e-11
8.340568431169526692e-11
8.095154700519527284e-11
7.698737575976517352e-11
7.151767762204417519e-11
6.466023002810297323e-11
5.668820929029135251e-11
4.799770333760030055e-11
3.908956403842942628e-11
3.054387338755888565e-11
2.290763072640095297e-11
1.649393078628715837e-11
1.130771272136183474e-11
7.152217315550590457e-12
3.769547037524640263e-12
1.075933298437973949e-12
-8.291198163865713159e-13
-1.932347317782845128e-12
-2.418018763068579964e-12
-2.508340956906143794e-12
-2.319626716691048305e-12
-1.946122203984517549e-12
-1.490057445947920824e-12
-1.022715706958617170e-12
-5.868143393973323836e-13
-2.132517867934131947e-13
8.537086173912859846e-14
3.067705055706249649e-13
4.563805521448853207e-13
5.438634894284571548e-13
5.808938068076058010e-13
5.796308763811902049e-13
5.512567037543179709e-13
5.053222435923067751e-13
4.496227889660073430e-13
3.901427633882556334e-13
3.312191436431966514e-13
2.757784444848354418e-13
2.256006048414678406e-13
1.815895379223549395e-13
1.440001723140248637e-13
1.126339280060963881e-13
8.699911389417387118e-14
6.643589891406305062e-14
5.021414012913050398e-14
3.760575191895609543e-14
2.793434706570656038e-14
2.060093232078482947e-14
1.509432686146774104e-14
1.099646240191508604e-14
7.970536804755592081e-15
5.751298895073036289e-15
4.133074944343332287e-15
2.959652853523366928e-15
2.112156492510586740e-15
1.503027570229647205e-15
1.067882671013175103e-15
7.569691948471878795e-16
5.342440965290151045e-16
3.757668392534801361e-16
2.653250962693416463e-16
1.878644412612120542e-16
1.334195006961747758e-16
9.316314949423615981e-17
6.624022716474332377e-17
4.848115711434226816e-17
3.749961872725704772e-17
2.977438963119113283e-17
2.589178653351001088e-17
2.511811053950144322e-17
