# bin_2_1
4.965017273602442392e-11
5.065529700323595190e-11
5.181479473852843662e-11
5.314780211589874073e-11
5.468499411102482755e-11
5.644392130674320182e-11
5.845317475805538989e-11
6.073804573785742769e-11
6.332562159456089513e-11
6.623294464239292938e-11
6.949168565865376267e-11
7.312636343861923857e-11
7.714075483325648713e-11
8.152611865314391519e-11
8.627698008988856665e-11
9.136047074500095052e-11
9.672483687707139381e-11
1.022932759369178048e-10
1.079360151216195491e-10
1.134767448768854041e-10
1.187291606349224023e-10
1.234867475136177367e-10
1.274631902764982107e-10
1.303562070816683083e-10
1.319167200186137498e-10
1.318835330901779687e-10
1.300373292545385191e-10
1.262082046678325588e-10
1.203553923149300845e-10
1.124260729009551588e-10
1.025742770088463813e-10
9.104352653470979734e-11
7.830402245780573266e-11
6.492618427124049397e-11
5.157433653530644198e-11
3.890221434382255357e-11
2.747816253122013644e-11
1.766667990902296523e-11
9.598974528871605558e-12
3.263985160547934275e-12
-1.466470828601290318e-12
-4.803122909461595065e-12
-6.924636950919961482e-12
-7.996098082595408590e-12
-8.198327160395059442e-12
-7.723639882570192503e-12
-6.817366387228972329e-12
-5.678379176652027320e-12
-4.461850076934207634e-12
-3.280498916940229378e-12
-2.206636165167611211e-12
-1.289628085856822612e-12
-5.474222485264309423e-13
2.014077658719460916e-14
4.265352886912480981e-13
6.930725518660371196e-13
8.449878988190437882e-13
9.076033478958396321e-13
9.045633199082317153e-13
8.565109451759498111e-13
7.804059837360588236e-13
6.895419158850798455e-13
5.938151771077616478e-13
5.001948900012074775e-13
4.131944169515249245e-13
3.354247595276227691e-13
2.680417609341638566e-13
2.111594644899066808e-13
1.642203322464631657e-13
1.262384405142916986e-13
9.603180566670985086e-14
7.237564546554871015e-14
5.409623827761539332e-14
4.013455091853891874e-14
2.958251568079445878e-14
2.167739521680723463e-14
1.579963529507867759e-14
1.146306520872848677e-14
8.281641507991809348e-15
5.960169949910933643e-15
4.275273362495293987e-15
3.056967471457665577e-15
2.178921137503724317e-15
1.550382994631300626e-15
1.099466085453050914e-15
7.778691013717023252e-16
5.492812017473654650e-16
3.885559913112275663e-16
2.747325037883051845e-16
1.957066003063880534e-16
1.404323914712619841e-16
1.032849185815217940e-16
7.861858473002255311e-17
6.343525774517924367e-17
5.611869044593522004e-17
5.281373311705776210e-17
5.281147215090784426e-17
5.407727061016545245e-17
5.558064605275524308e-17
5.662555146648736442e-17
