# bin_2_2
1.347233473689658034e-11
1.374064979776062448e-11
1.405206074173985178e-11
1.441134650164858750e-11
1.482966614218935510e-11
1.531229463801232553e-11
1.586812216334878150e-11
1.650543114556980859e-11
1.723105047614712951e-11
1.805236395399183903e-11
1.898439437383944919e-11
2.004265387708553300e-11
2.123150837747602273e-11
2.255237142812632304e-11
2.401907738996840467e-11
2.563463255783617603e-11
2.740021816565259847e-11
2.931465011189894723e-11
3.135952645301039311e-11
3.350629722129927788e-11
3.572865472748922591e-11
3.799393478870411142e-11
4.023558012988070990e-11
4.237353819759590797e-11
4.433533149494550835e-11
4.602301836401668431e-11
4.733108679641786224e-11
4.813320970037135327e-11
4.831851407071348241e-11
4.775404426241636548e-11
4.635534441500374726e-11
4.405538168966908345e-11
4.085581390469436509e-11
3.682679084100367829e-11
3.213693958131008262e-11
2.703135781613330601e-11
2.180848091910988729e-11
1.678634263912615312e-11
1.225431041743865716e-11
8.408262719155937789e-12
5.283405293831556364e-12
2.793373346735392930e-12
8.318413404106911390e-13
-6.666505802279161916e-13
-1.689949861296468572e-12
-2.254636585853620808e-12
-2.443357611616463706e-12
-2.365336116353102890e-12
-2.120891448995573618e-12
-1.777472568350435178e-12
-1.390196613685709424e-12
-1.005563251908590690e-12
-6.539574008586509231e-13
-3.525729900737707484e-13
-1.097172655906266397e-13
7.410836016424435354e-14
2.034529060114733200e-13
2.856235238074188283e-13
3.292455503413375556e-13
3.431772779055573762e-13
3.356109752744402188e-13
3.135877002593255798e-13
2.828650430219164244e-13
2.479229353573140807e-13
2.120577007628886429e-13
1.775515959722209649e-13
1.458550353282566731e-13
1.177692121748603749e-13
9.361478184065816430e-14
7.336392387123864223e-14
5.675974360127192595e-14
4.341066323248530022e-14
3.286199947382903580e-14
2.465050472525402982e-14
1.834251927180882319e-14
1.355209456326480938e-14
9.949080370085649265e-15
7.263417829582746615e-15
5.276139231131254070e-15
3.815393300220208211e-15
2.748650233333929477e-15
1.972876902695232807e-15
1.411034803111092379e-15
1.006656575120853193e-15
7.168290839954853508e-16
5.090373903740395430e-16
3.606432805036512821e-16
2.544037844591147703e-16
1.794714863775406538e-16
1.274853318207927614e-16
9.031592752948704126e-17
6.381563088588134755e-17
4.488480751924729895e-17
3.245354179060829445e-17
2.486445706820453781e-17
1.986919274939684713e-17
1.707935350852365034e-17
1.644210435922242031e-17
1.726468662518758641e-17
1.846502150868444902e-17
