# bin_3_3
2.407080209117311851e-11
2.461810167850268504e-11
2.525393602342215607e-11
2.599021285699720543e-11
2.684389076674940560e-11
2.783331777593404112e-11
2.897543287128431186e-11
3.029152957569529825e-11
3.180215125687338184e-11
3.353127730720161226e-11
3.550883779760681455e-11
3.777017965179576500e-11
4.034091145292070451e-11
4.324680862071450770e-11
4.652227935132742817e-11
5.019375631107365777e-11
5.428608847070719000e-11
5.882353113655442605e-11
6.381795500063996109e-11
6.926159750638346569e-11
7.512690992438850893e-11
8.137488716156091978e-11
8.794829676850490728e-11
9.473373522178791456e-11
1.015763316162648929e-10
1.083069745192363375e-10
1.146951754936889728e-10
1.204640402813196246e-10
1.253165882478076029e-10
1.289551077271379118e-10
1.310056205607029049e-10
1.311644025972873818e-10
1.291441971853069319e-10
1.247521528705999017e-10
1.178845447103858091e-10
1.085777077982820393e-10
9.710323808824318931e-11
8.397970821944077033e-11
6.995756003340277799e-11
5.598889344142814513e-11
4.305615903831527457e-11
3.189577206904805169e-11
2.280099029378955173e-11
1.555351967545196127e-11
9.630421644449538338e-12
4.682146174399607441e-12
8.288069416246226584e-13
-1.641807789776490089e-12
-2.914881256382420704e-12
-3.433995145166030955e-12
-3.432866136442749969e-12
-3.055834210954184747e-12
-2.458867966687804242e-12
-1.787665625528194296e-12
-1.122836769516769813e-12
-5.276467239111874771e-13
-3.331061726691755738e-14
3.475662747955943737e-13
6.172633167817634502e-13
7.873341645490799774e-13
8.735002722698478995e-13
8.939447992127744423e-13
8.662927025512816662e-13
8.060525413076183161e-13
7.261604798877961832e-13
6.368851050251757619e-13
5.458506644989487147e-13
4.583924479568720955e-13
3.779325593770771900e-13
3.063920126182850309e-13
2.445579079239342379e-13
1.924112847507225032e-13
1.493880970526491480e-13
1.145878991315536760e-13
8.693612719319977581e-14
6.531318315538721103e-14
4.864336791518483189e-14
3.594866267345807925e-14
2.638852763668239981e-14
1.925331961216022648e-14
1.397326801713398897e-14
1.009363635072491380e-14
7.260749775835534984e-15
5.203997680918167612e-15
3.715815194470214996e-15
2.646707999170454712e-15
1.880419520052758211e-15
1.333634278412865656e-15
9.425461241088705849e-16
6.631936266907069783e-16
4.658833487037322013e-16
3.283331606753908820e-16
2.341171907688652131e-16
1.627960218086393237e-16
1.156956562736673849e-16
8.064924800310149177e-17
6.139598644476495496e-17
4.722980729213914182e-17
3.858098713502449558e-17
3.486841094413872945e-17
