# bin_4_1
4.292699405698208896e-10
4.386270437733839851e-10
4.494585989831093762e-10
4.619469004502152132e-10
4.763239125305433044e-10
4.928910094580139872e-10
5.118979535012107168e-10
5.335608246772560663e-10
5.582805988911249370e-10
5.862265290640975609e-10
6.178932742950545891e-10
6.534859932187847651e-10
6.932856493249129321e-10
7.374376828026619271e-10
7.860643509054323264e-10
8.390469299329821228e-10
8.961300098642728232e-10
9.568750435731180555e-10
1.020578278805047438e-09
1.086171186246312604e-09
1.152102065866903045e-09
1.216254890846826856e-09
1.276374859830742455e-09
1.330105172382153049e-09
1.374334618070306593e-09
1.405872066412024419e-09
1.422054594946951628e-09
1.420195382317934004e-09
1.397849484804791339e-09
1.353033980667925367e-09
1.285153521747883318e-09
1.194282643733928140e-09
1.083115699036770462e-09
9.553462504677769005e-10
8.166989501672351976e-10
6.737259915109809768e-10
5.337538998081276450e-10
4.030170667529700723e-10
2.864392445243040868e-10
1.874198996116444195e-10
1.072913849727897032e-10
4.508622620062290785e-11
-1.072486274556391557e-12
-3.352008253282992944e-11
-5.427558354751912750e-11
-6.468297306048017029e-11
-6.667214265098348726e-11
-6.233470388518298265e-11
-5.412385638261127362e-11
-4.406884947128127231e-11
-3.341850809239351937e-11
-2.322020058924451411e-11
-1.410963904270986531e-11
-6.494926874158155396e-12
-4.868962189893208739e-13
3.951478545332575649e-12
6.969782379541568886e-12
8.786247813310958095e-12
9.638117521939300787e-12
9.759226785735157224e-12
9.362553193234687836e-12
8.628589439652343916e-12
7.703236948155001974e-12
6.697926285809408217e-12
5.693410245897393597e-12
4.744114603281561095e-12
3.883288608375045077e-12
3.127828536005242603e-12
2.482558988448033494e-12
1.944138489975716605e-12
1.504010304924851959e-12
1.150639571165648487e-12
8.715177489301679136e-13
6.541792856564871844e-13
4.871137641796986623e-13
3.600973424763227336e-13
2.645217411875224114e-13
1.932022558554523311e-13
1.403806708368928627e-13
1.015531448244506448e-13
7.316464844227659268e-14
5.251250748388019052e-14
3.757348842241745259e-14
2.681009077873164500e-14
1.904750356141735874e-14
1.351145341713163317e-14
9.577518002960431525e-15
6.764886429815510693e-15
4.761802691514841410e-15
3.368324319314247835e-15
2.387603210028911159e-15
1.699565433919204904e-15
1.233497264869039353e-15
9.079292597871727023e-16
7.164607483316471173e-16
6.002660303110666048e-16
5.490038521085528650e-16
5.269658782557943356e-16
5.315731726281446346e-16
5.473486229906089275e-16
