# bin_2_4
2.117627197513355466e-12
2.164345517005523546e-12
2.218090607583147404e-12
2.280081664953340012e-12
2.351219328906894966e-12
2.432305868246034558e-12
2.525018905615328361e-12
2.629958373295074638e-12
2.748790639280068048e-12
2.882186549342121901e-12
3.031115703311539685e-12
3.196355711841211098e-12
3.378122267300013421e-12
3.576364100721288028e-12
3.790399932738526300e-12
4.018846478834637230e-12
4.259492634191027907e-12
4.509286138743334306e-12
4.764154065333353680e-12
5.018858817869241477e-12
5.266919272802519097e-12
5.501367576720152606e-12
5.714278022753969400e-12
5.896612624864645054e-12
6.039113099303796929e-12
6.132308108101546125e-12
6.167132862417784621e-12
6.135988199254084390e-12
6.030171627095267547e-12
5.843246588619262425e-12
5.571333545065504018e-12
5.212342939247418702e-12
4.769652625800922352e-12
4.253942840209419564e-12
3.684723735757714294e-12
3.089401891099198577e-12
2.496616769948893155e-12
1.933898707072240480e-12
1.424413965175860671e-12
9.854313924506094906e-13
6.266310207202317430e-13
3.435425028529208381e-13
1.236102066151184850e-13
-4.019321187863308021e-14
-1.527180999260190525e-13
-2.173108615083015274e-13
-2.401263974438012746e-13
-2.345394281004935135e-13
-2.111414614048397363e-13
-1.771744325180207238e-13
-1.375896642588056309e-13
-9.734582727543580550e-14
-6.068902767712769081e-14
-2.920013175009865921e-14
-3.711439743193950548e-15
1.550189343451061999e-14
2.891510079480564428e-14
3.727444094274564036e-14
4.148218775933523726e-14
4.247662585479276474e-14
4.114169959875434329e-14
3.824487379568229553e-14
3.441668521765410479e-14
3.015125649504950084e-14
2.581457331112083991e-14
2.166032583544878439e-14
1.784990585353231456e-14
1.447136667799103684e-14
1.155871496910122821e-14
9.107516059120233178e-15
7.087522984190537102e-15
5.453628612492025489e-15
4.153843845402463980e-15
3.134684355208156621e-15
2.346005772659651253e-15
1.742662348554001959e-15
1.285791921531665334e-15
9.428897838616984277e-16
6.875943926067507232e-16
4.988734348793264008e-16
3.603551024281047421e-16
2.592556680985394233e-16
1.858292104274614624e-16
1.327861762345242326e-16
9.448957995133689370e-17
6.717051676782584603e-17
4.769140737832225187e-17
3.371091448049410266e-17
2.384081791120421179e-17
1.688016985427891396e-17
1.210603071545896737e-17
8.658861667551314253e-18
6.244201037243782483e-18
4.588327210533276454e-18
3.572090568927953093e-18
2.993674540038920507e-18
2.593676559097105098e-18
2.438335721680602086e-18
2.428535119326381612e-18
2.505681893242295450e-18
