# bin_1_4
2.044238491332982613e-12
2.085901077275798474e-12
2.133628599795176335e-12
2.188426779380582474e-12
2.250602825681390976e-12
2.321287038716862656e-12
2.400833079139443761e-12
2.490191842082920437e-12
2.589700960098165084e-12
2.699570526434187271e-12
2.819771589933885165e-12
2.949838968672569645e-12
3.088672855232392392e-12
3.234671352119665628e-12
3.385334294605108793e-12
3.537390715102747772e-12
3.686645463642148264e-12
3.828030242700307133e-12
3.955699912853516059e-12
4.062986269909903012e-12
4.142765895056550740e-12
4.188503592402620959e-12
4.193889211600371174e-12
4.153223174382118057e-12
4.062346013401845045e-12
3.919100293543160115e-12
3.723647606574879854e-12
3.478497533556937823e-12
3.188252501540077116e-12
2.860002905191137117e-12
2.502648392480111481e-12
2.126115207032917656e-12
1.742001291750539658e-12
1.365181229436054257e-12
1.012282388584417192e-12
6.975991192147655155e-13
4.305016722351663629e-13
2.142994522109181097e-13
4.573636465328336441e-14
-7.990180900768705348e-14
-1.655940411728323586e-13
-2.171643520365432730e-13
-2.416387785618759350e-13
-2.423399860538200495e-13
-2.258591406869917369e-13
-1.986033729682993776e-13
-1.647421449367404732e-13
-1.293132421398191364e-13
-9.513425300718383944e-14
-6.419422299288315480e-14
-3.765747444383863593e-14
-1.609332730350034429e-14
4.490269325974458987e-16
1.237159249912487151e-14
2.027595342384987100e-14
2.484994470852773153e-14
2.681763965591205191e-14
2.685140567351611537e-14
2.554188523253176768e-14
2.338205778460925980e-14
2.076078688962141621e-14
1.797062481054117835e-14
1.521869893615459138e-14
1.264243226618088080e-14
1.032329412656460129e-14
8.299715404775923997e-15
6.579887125550931226e-15
5.150429511571363241e-15
3.985210646071900064e-15
3.051706693209208285e-15
2.314867447223321385e-15
1.741157836124506500e-15
1.299681282764641549e-15
9.634358467509490496e-16
7.098094224198668153e-16
5.199805947238018623e-16
3.789884324658240385e-16
2.749580383424753370e-16
1.985950241711083196e-16
1.428472405170379242e-16
1.024862315564055840e-16
7.327038566592734621e-17
5.216722276358063963e-17
3.707077315449175004e-17
2.626353230803920289e-17
1.862842619012827386e-17
1.323321013505980432e-17
9.433108595327903130e-18
6.784439364303050483e-18
4.927087251505264688e-18
3.759338954720191320e-18
2.912509354169340433e-18
2.377525020864031640e-18
2.039964518455112301e-18
1.891794846205598025e-18
1.866779408511993594e-18
1.870073126353444567e-18
1.890053022326077764e-18
1.909754963016026824e-18
1.920445591680895884e-18
