# bin_1_3
2.266332714990085919e-12
2.303993212197459496e-12
2.347425188942159786e-12
2.397378874554369558e-12
2.454631001640759783e-12
2.520233441343619542e-12
2.594629294399846517e-12
2.678775444304653698e-12
2.772835714827911291e-12
2.877093652870860672e-12
2.992419634700108009e-12
3.119652156653739438e-12
3.257950628966620050e-12
3.406074150513417252e-12
3.563983167095130206e-12
3.729795239289210040e-12
3.899933208920084044e-12
4.069716273531103756e-12
4.233648121946178796e-12
4.387150316898750729e-12
4.523445302809652428e-12
4.631224564386941087e-12
4.702790242244738824e-12
4.730608491411038890e-12
4.705702999594519282e-12
4.619884250318909156e-12
4.470987807171418478e-12
4.255105378033567147e-12
3.973056869924412339e-12
3.629428210151628580e-12
3.232282647391273439e-12
2.795114776607440659e-12
2.335842249194934713e-12
1.875965654362389846e-12
1.437475432416557751e-12
1.038766667540418315e-12
6.919504938741376535e-13
4.018445408465933538e-13
1.681857055872945472e-13
-1.058084417823907334e-14
-1.388301018643051145e-13
-2.234223114744210649e-13
-2.692509748210389860e-13
-2.830385191308088082e-13
-2.725977979846271076e-13
-2.453043301667605912e-13
-2.085793443601290364e-13
-1.676671851440291912e-13
-1.268137690671751675e-13
-8.856158208748737162e-14
-5.515652659486550233e-14
-2.751764162518616811e-14
-5.843078947218541599e-15
1.016810876540662437e-14
2.113157128041120963e-14
2.784860329062825509e-14
3.117512375681807602e-14
3.193509395148212656e-14
3.086729896507120719e-14
2.859983817443494607e-14
2.563677312441402908e-14
2.236438993316193332e-14
1.906360971013642069e-14
1.592545422997024820e-14
1.306802386527283680e-14
1.055260750985200236e-14
8.398983941191712387e-15
6.598044264937885334e-15
5.122217219514408331e-15
3.934192558579670602e-15
2.992513453857760132e-15
2.256568032418740486e-15
1.688128797541218475e-15
1.253941817965159808e-15
9.253651247923913115e-16
6.789732893554432172e-16
4.955009257111168845e-16
3.598908585855387811e-16
2.602897490831010346e-16
1.874674593135290554e-16
1.346624867339193012e-16
9.635981744541607396e-17
6.873352773114153605e-17
4.892225357794715888e-17
3.475459855608063010e-17
2.467778125787398436e-17
1.753074299977880238e-17
1.248087202329960711e-17
8.919348610215903402e-18
6.501263879324556997e-18
4.790032748614931782e-18
3.671342000566472400e-18
2.928743548356507515e-18
2.513578097098860634e-18
2.319978415060427087e-18
2.258551447448831957e-18
2.251622692740699606e-18
2.272692511685110831e-18
2.297078755994305443e-18
2.305958018471086027e-18
