# bin_4_3
4.660130756092982145e-11
4.774820053702650570e-11
4.908399517405312065e-11
5.063711724769158513e-11
5.244364394483783756e-11
5.454015623407327503e-11
5.697339908761927661e-11
5.979145250055665648e-11
6.304701795232363810e-11
6.680348020813722502e-11
7.113601071050925247e-11
7.612737580963106127e-11
8.186123533951390206e-11
8.842491901857764236e-11
9.592486442129696059e-11
1.044638139045286216e-10
1.141506321347360033e-10
1.250988315448934058e-10
1.374165562682400463e-10
1.511931438186091686e-10
1.664901858804201105e-10
1.833373450199438893e-10
2.017311038439435386e-10
2.215838322906952435e-10
2.426871608046953422e-10
2.647521946024710054e-10
2.873278001930347463e-10
3.097896737907686737e-10
3.313167453194933169e-10
3.511229530104671080e-10
3.681545271902682387e-10
3.812203354872464448e-10
3.891366653082546912e-10
3.907486878060342501e-10
3.850135002182323998e-10
3.710063476874814245e-10
3.482176789641429855e-10
3.171023200080499834e-10
2.790484218016346595e-10
2.364852370311282920e-10
1.928351164212042208e-10
1.518573232881107736e-10
1.165231767738388368e-10
8.792366018507404759e-11
6.485695822474247594e-11
4.495197962143531549e-11
2.711530619878638764e-11
1.272678317853788322e-11
3.290522634047496662e-12
-2.140387707985277926e-12
-5.294326795877039699e-12
-6.657207649953832902e-12
-6.535021007669734082e-12
-5.563570901470814780e-12
-4.170171113724569031e-12
-2.636861141999504665e-12
-1.179990370287035989e-12
7.559989537390179370e-14
1.068402125767847757e-12
1.786538189952334590e-12
2.246875644299344785e-12
2.483844995965145152e-12
2.542759118304082258e-12
2.469067433363367333e-12
2.303761448269922567e-12
2.082127508772080664e-12
1.832440148619711319e-12
1.576091801101296505e-12
1.328278933100738123e-12
1.098938242320418802e-12
8.938465844329921265e-13
7.156000119041153308e-13
5.644909043026276821e-13
4.392116659710284777e-13
3.374493326045865673e-13
2.563033835297787452e-13
1.926761328484373293e-13
1.435268571866449693e-13
1.060578565471905641e-13
7.781736471341533182e-14
5.673836559760572257e-14
4.114373842122149211e-14
2.968912455688662228e-14
2.133673138137226659e-14
1.527620228976299423e-14
1.089338181375686012e-14
7.749593701993073539e-15
5.500447644083473101e-15
3.900545059260169905e-15
2.750946078799554249e-15
1.928940515334945261e-15
1.350674492515057279e-15
9.557854658371864496e-16
6.757664835911856113e-16
4.690526854591958433e-16
3.223717501981677076e-16
2.185645561365675592e-16
1.659204499614233557e-16
1.147285108724600104e-16
8.723986926133473311e-17
