# bin_5_1
3.606477430626256236e-10
3.685880527835788403e-10
3.777718609580070255e-10
3.883961612204274239e-10
4.006516082429432609e-10
4.147602362753232200e-10
4.308982080664518445e-10
4.493961990208255161e-10
4.704449317121548050e-10
4.942764757832109859e-10
5.212662090507361851e-10
5.517028892600212003e-10
5.857396521061661154e-10
6.235665463973032312e-10
6.653363785136726621e-10
7.109871377097146457e-10
7.602847365779171061e-10
8.129133577712821053e-10
8.682655616203410570e-10
9.255091597361398516e-10
9.834539399059774044e-10
1.040405526722791136e-09
1.094287063311419355e-09
1.143042306214501570e-09
1.184367940004981530e-09
1.215331860752530864e-09
1.233450371804444782e-09
1.236376191923972691e-09
1.222033409477734766e-09
1.188304792963558549e-09
1.134451219992868672e-09
1.060536884693947950e-09
9.680592944537943687e-10
8.604385353142730738e-10
7.419470911313676697e-10
6.183962153895930189e-10
4.958375738283134155e-10
3.800376375241860729e-10
2.756273583944276292e-10
1.858583568909564698e-10
1.123451583269851181e-10
5.473851417404082184e-11
1.143886143589503738e-11
-1.962461039446214672e-11
-4.022376666372600169e-11
-5.158538040938125757e-11
-5.526760336574508045e-11
-5.296720634821536142e-11
-4.681309444346184706e-11
-3.871255485513451145e-11
-2.982210185070487116e-11
-2.111024152164547080e-11
-1.319360713927651771e-11
-6.477513916464127143e-12
-1.107939285522534086e-12
2.916507735769097473e-12
5.705590815597368302e-12
7.430044986171384121e-12
8.292032577788255432e-12
8.491352553433314935e-12
8.213664863765874256e-12
7.619867997356723330e-12
6.840331289551610000e-12
5.976325160720375313e-12
5.101896028847399215e-12
4.267929745433571065e-12
3.506154041657854315e-12
2.833519071890498122e-12
2.256004484499224861e-12
1.771827089730191890e-12
1.374327012627990603e-12
1.053984309928105628e-12
8.000180675895020057e-13
6.016849507121835716e-13
4.487546775630402861e-13
3.322472682295069105e-13
2.443670135910237527e-13
1.786683337222423980e-13
1.299582285060482118e-13
9.409996166899538253e-14
6.783341917503478903e-14
4.872818223260019136e-14
3.487927036143516281e-14
2.488410426189686320e-14
1.769111273971696612e-14
1.256890941352056578e-14
8.896834516816285799e-15
6.281806704972480599e-15
4.429850037967170904e-15
3.130524787759804793e-15
2.213848387399675989e-15
1.574781630996863435e-15
1.129794075186808593e-15
8.279392980938416978e-16
6.446951467086411567e-16
5.303587089273887255e-16
4.796800882880099418e-16
4.533889603330118598e-16
4.546581323821950793e-16
4.671819082253478227e-16
