# bin_3_1
3.564838497610284313e-10
3.640816335004898209e-10
3.728658299140639581e-10
3.829852673187898006e-10
3.946363867355856251e-10
4.080512176982203896e-10
4.234023821917469266e-10
4.409312062666200937e-10
4.608530341078092898e-10
4.833943803548516867e-10
5.087799103506445366e-10
5.373091176077938621e-10
5.690947387393513807e-10
6.042017797569393989e-10
6.426621617702273475e-10
6.843436204926370634e-10
7.289894554386298227e-10
7.762097501825734163e-10
8.253285556535917536e-10
8.752690256026015076e-10
9.245798480646334025e-10
9.716764486582638337e-10
1.014825234010541100e-09
1.051718322465471916e-09
1.079876847840738716e-09
1.097141957127202396e-09
1.101414762747953688e-09
1.090709269283152982e-09
1.063348347991172387e-09
1.018588014568988281e-09
9.558295468438570708e-10
8.763551644673566183e-10
7.823630717660534603e-10
6.777276464589527813e-10
5.671336514219915191e-10
4.562501767475243081e-10
3.504405817820653286e-10
2.542696312423414740e-10
1.708639629548141073e-10
1.018425886583153112e-10
4.736999421825133005e-11
6.198310405108645551e-12
-2.335285834583327736e-11
-4.297653414813968455e-11
-5.405697127487826466e-11
-5.767983855088724198e-11
-5.560286916017740171e-11
-4.965570750160197746e-11
-4.160016481788045433e-11
-3.275815205078253516e-11
-2.396122479842599798e-11
-1.590021913469540756e-11
-8.960997069320280861e-12
-3.332101546542368879e-12
9.750324945202028551e-13
4.047303447526497226e-12
6.044442119495447102e-12
7.156638189120800080e-12
7.578106795142708685e-12
7.492423918188525448e-12
7.059703128286317574e-12
6.412519661021774558e-12
5.654815791737751617e-12
4.864051294451893647e-12
4.094616938132886493e-12
3.381691417896403441e-12
2.745432163689984515e-12
2.194479421584191009e-12
1.729430636030181434e-12
1.345531261842654294e-12
1.034676076763491860e-12
7.873026926082282497e-13
5.934299690928457742e-13
4.435443755511637581e-13
3.290201759012737060e-13
2.424438354001479623e-13
1.775887451366224502e-13
1.293757430740580248e-13
9.382103256045211345e-14
6.774299775962933648e-14
4.872509198116689048e-14
3.492979761475764473e-14
2.496561793290080087e-14
1.777616613628720425e-14
1.262907405120598688e-14
8.963420112282848280e-15
6.331574794028950465e-15
4.473142821250186204e-15
3.154185257381660362e-15
2.233003415022738101e-15
1.584903783294626183e-15
1.138550495361615260e-15
8.316968177549790400e-16
6.289521788358210619e-16
5.137986980076771791e-16
4.472601900594791850e-16
4.226034375608297313e-16
4.170803803778897114e-16
4.270539855863724195e-16
4.401867918831560778e-16
