# bin_5_4
3.152017794225770490e-11
3.231482123026707551e-11
3.323825182319489915e-11
3.431073549931137567e-11
3.555294328168654966e-11
3.699331043593160565e-11
3.866064713480699843e-11
4.058616937377007468e-11
4.280730277718927885e-11
4.536551627185441774e-11
4.830322149586246105e-11
5.167044784878125861e-11
5.552209789224516749e-11
5.991327748237121556e-11
6.490354060779308693e-11
7.055746560385515010e-11
7.693941822134268304e-11
8.411289649157862522e-11
9.213913536918311778e-11
1.010712431422124516e-10
1.109494544119665348e-10
1.217995879463525843e-10
1.336185847765844914e-10
1.463571741188641055e-10
1.599116211252367398e-10
1.741099903755148864e-10
1.886961327219730048e-10
2.033072384865317280e-10
2.174711770926065666e-10
2.306538818300986061e-10
2.421985112867428584e-10
2.513793682136923522e-10
2.574031845664499106e-10
2.594919968759066582e-10
2.569660862251454520e-10
2.492431296561441674e-10
2.360122469629113984e-10
2.173734796482378131e-10
1.940481180333930267e-10
1.674031234255764746e-10
1.393702957737946875e-10
1.121422530595849360e-10
8.765100976598480529e-11
6.702027345909421057e-11
5.020828227827229894e-11
3.630470165765483110e-11
2.436647568089317488e-11
1.426301541982758402e-11
6.613625344819496367e-12
1.739532628818358262e-12
-1.007657944283587833e-12
-2.520540860744949099e-12
-3.067782659142396348e-12
-2.843050338706538122e-12
-2.239528403203622990e-12
-1.451155860516516496e-12
-6.364521042006802104e-13
1.027564256611846785e-13
7.094930967266404411e-13
1.162218640377791331e-12
1.461913432373638771e-12
1.624484624240639721e-12
1.673420401844447755e-12
1.635402612740646522e-12
1.535858894529841535e-12
1.397028176639744516e-12
1.237284332755685639e-12
1.070896175548840621e-12
9.081856158910949598e-13
7.561505692300405050e-13
6.190025634597428214e-13
4.988277783349768861e-13
3.961242369994916158e-13
3.102739705673470256e-13
2.399430688244684592e-13
1.833721309119872119e-13
1.386340460606664854e-13
1.037919774951672922e-13
7.703122485987431052e-14
5.672805906208830496e-14
4.149278516001318224e-14
3.016439002955681267e-14
2.181313268346409790e-14
1.570106026277910050e-14
1.125497350916819834e-14
8.038229792818984683e-15
5.721566738725171784e-15
4.062824060642713455e-15
2.879007821761766821e-15
2.033365084135699777e-15
1.431067579655772500e-15
1.003669791372376619e-15
7.061979933223317645e-16
4.958739197823993197e-16
3.497830201199554066e-16
2.406264755645447283e-16
1.670077924023016764e-16
1.182829172238987457e-16
8.708334796966737442e-17
6.489812507200968548e-17
