# bin_4_2
1.693221450804371178e-10
1.732924981332742912e-10
1.779163930930867410e-10
1.832789523209373166e-10
1.895099394605760493e-10
1.967497602458329174e-10
2.051341818830832329e-10
2.148039246287471060e-10
2.259344680322096209e-10
2.386896850352152735e-10
2.533515443427972125e-10
2.701835316491267227e-10
2.894143141824974800e-10
3.112542905777226041e-10
3.360267063934210841e-10
3.639666531234871421e-10
3.952941354233306699e-10
4.302368238064635511e-10
4.689427510193788027e-10
5.114811209216561167e-10
5.577500042756058676e-10
6.073918078766688367e-10
6.599060215822209448e-10
7.145677174199717862e-10
7.700949858064598953e-10
8.248698925369649986e-10
8.770381207603655156e-10
9.242450689308540122e-10
9.637963379689532896e-10
9.926674368803057076e-10
1.007837039344940322e-09
1.006265581321228748e-09
9.855674796491783119e-10
9.440045327743409897e-10
8.812996343812822134e-10
7.989438213174015423e-10
7.007331670038554300e-10
5.925374343267711952e-10
4.818680874850561779e-10
3.766190956091324315e-10
2.829957345122587731e-10
2.040058182849472595e-10
1.393570174539448046e-10
8.663292007302340873e-11
4.379972142094620421e-11
1.036326452997188236e-11
-1.310048806998512883e-11
-2.671963334497697403e-11
-3.258974037620662089e-11
-3.331180153039152240e-11
-3.064203465048845692e-11
-2.575729403770052577e-11
-1.984027055153466131e-11
-1.380410978563502732e-11
-8.215413148925936902e-12
-3.427106181837185893e-12
4.012383187611800181e-13
3.247964236859493461e-12
5.184828601141994559e-12
6.336834143418862737e-12
6.852993550951552845e-12
6.886044647291344848e-12
6.576267819774266855e-12
6.043503661757663098e-12
5.385090163536917872e-12
4.675754004431435986e-12
3.969741674016739699e-12
3.303772326470296067e-12
2.700361491975566997e-12
2.171069295843880244e-12
1.719337428147677242e-12
1.342866845046109128e-12
1.035681413370106857e-12
7.897108372997778159e-13
5.960337334811655844e-13
4.457753595600130418e-13
3.307261115475427957e-13
2.436253700385441285e-13
1.783307710625029790e-13
1.298104503271070298e-13
9.402874567545942048e-14
6.780905338692972679e-14
4.871079592984404709e-14
3.486788278754645166e-14
2.487863778773939395e-14
1.770806395988416931e-14
1.257787116742519744e-14
8.902343046619194259e-15
6.276954931289384735e-15
4.420729187402950484e-15
3.113007421555078094e-15
2.193788555130078392e-15
1.536586295820147389e-15
1.065387451630806438e-15
7.445982925542691159e-16
5.262855798208580954e-16
3.899831581322172409e-16
3.051978185150836394e-16
2.646585647638916703e-16
2.683215991045227167e-16
