# k_h
9.999999999999997430e-06
1.041223256048304211e-05
1.084145868935834645e-05
1.128837891684688171e-05
1.175372265130636326e-05
1.223824936968192233e-05
1.274274985703134266e-05
1.326804749714724110e-05
1.381499961638323091e-05
1.438449888287662579e-05
1.497747476345199732e-05
1.559489504058282408e-05
1.623776739188720493e-05
1.690714103473580976e-05
1.760410843865551885e-05
1.832980710832436469e-05
1.908542144006685303e-05
1.987218465488056412e-05
2.069138081114789339e-05
2.154434690031885370e-05
2.243247502898419087e-05
2.335721469090120271e-05
2.432007513267948759e-05
2.532262781698793404e-05
2.636650898730359311e-05
2.745342233838712873e-05
2.858514179684475498e-05
2.976351441631317553e-05
3.099046339199431152e-05
3.226799119945809744e-05
3.359818286283779300e-05
3.498320935775037449e-05
3.642533115449635980e-05
3.792690190732250994e-05
3.949037229576699226e-05
4.111829402435833577e-05
4.281332398719393031e-05
4.457822860419712187e-05
4.641588833612778401e-05
4.832930238571748983e-05
5.032159359259994743e-05
5.239601353002640798e-05
5.455594781168521116e-05
5.680492161728424529e-05
5.914660544591752116e-05
6.158482110660261778e-05
6.412354795576924210e-05
6.676692939187565143e-05
6.951927961775600186e-05
7.238509068173255520e-05
7.536903980898536186e-05
7.847599703514615891e-05
8.171103315457196046e-05
8.507942799627438374e-05
8.858667904100824561e-05
9.223851039358485200e-05
9.604088212505379767e-05
9.999999999999990992e-05
1.041223256048305363e-04
1.084145868935833967e-04
1.128837891684689458e-04
1.175372265130635512e-04
1.223824936968193554e-04
1.274274985703133418e-04
1.326804749714725635e-04
1.381499961638322312e-04
1.438449888287661428e-04
1.497747476345201358e-04
1.559489504058281391e-04
1.623776739188722391e-04
1.690714103473579756e-04
1.760410843865554053e-04
1.832980710832435452e-04
1.908542144006687268e-04
1.987218465488055125e-04
2.069138081114787781e-04
2.154434690031883947e-04
2.243247502898417867e-04
2.335721469090123049e-04
2.432007513267946998e-04
2.532262781698796047e-04
2.636650898730357210e-04
2.745342233838716194e-04
2.858514179684473397e-04
2.976351441631315520e-04
3.099046339199429119e-04
3.226799119945813403e-04
3.359818286283783231e-04
3.498320935775035010e-04
3.642533115449639639e-04
3.792690190732248283e-04
3.949037229576703428e-04
4.111829402435830867e-04
4.281332398719393979e-04
4.457822860419709070e-04
4.641588833612779485e-04
4.832930238571754404e-04
5.032159359259991355e-04
5.239601353002646626e-04
5.455594781168517050e-04
5.680492161728425884e-04
5.914660544591748186e-04
6.158482110660263133e-04
6.412354795576919331e-04
6.676692939187565956e-04
6.951927961775608046e-04
7.238509068173250641e-04
7.536903980898537270e-04
7.847599703514609656e-04
8.171103315457198214e-04
8.507942799627447048e-04
8.858667904100825646e-04
9.223851039358479508e-04
9.604088212505381122e-04
1.000000000000000238e-03
1.041223256048305580e-03
1.084145868935834211e-03
1.128837891684688699e-03
1.175372265130635811e-03
1.223824936968192579e-03
1.274274985703133635e-03
1.326804749714724768e-03
1.381499961638322583e-03
1.438449888287663108e-03
1.497747476345201792e-03
1.559489504058283234e-03
1.623776739188721252e-03
1.690714103473580244e-03
1.760410843865552752e-03
1.832980710832435777e-03
1.908542144006686184e-03
1.987218465488055450e-03
2.069138081114790112e-03
2.154434690031882538e-03
2.243247502898418084e-03
2.335721469090121585e-03
2.432007513267947594e-03
2.532262781698794638e-03
2.636650898730357861e-03
2.745342233838714025e-03
2.858514179684474264e-03
2.976351441631318664e-03
3.099046339199429661e-03
3.226799119945808307e-03
3.359818286283780629e-03
3.498320935775035660e-03
3.642533115449637145e-03
3.792690190732249476e-03
3.949037229576701259e-03
4.111829402435832059e-03
4.281332398719394847e-03
4.457822860419709612e-03
4.641588833612780678e-03
4.832930238571750935e-03
5.032159359259992006e-03
5.239601353002643590e-03
5.455594781168518134e-03
5.680492161728427185e-03
5.914660544591749704e-03
6.158482110660264651e-03
6.412354795576921500e-03
6.676692939187567691e-03
6.951927961775608913e-03
7.238509068173252375e-03
7.536903980898538788e-03
7.847599703514611391e-03
8.171103315457199298e-03
8.507942799627448566e-03
8.858667904100827814e-03
9.223851039358481677e-03
9.604088212505383290e-03
1.000000000000000368e-02
1.041223256048305797e-02
1.084145868935834471e-02
1.128837891684688829e-02
1.175372265130636071e-02
1.223824936968192882e-02
1.274274985703133939e-02
1.326804749714725028e-02
1.381499961638322886e-02
1.438449888287663542e-02
1.497747476345202139e-02
1.559489504058283668e-02
1.623776739188721382e-02
1.690714103473580504e-02
1.760410843865553229e-02
1.832980710832436341e-02
1.908542144006686661e-02
1.987218465488056057e-02
2.069138081114790459e-02
2.154434690031884966e-02
2.243247502898420773e-02
2.335721469090121932e-02
2.432007513267948201e-02
2.532262781698794984e-02
2.636650898730358641e-02
2.745342233838714632e-02
2.858514179684474785e-02
2.976351441631319358e-02
3.099046339199430095e-02
3.226799119945809174e-02
3.359818286283784705e-02
3.498320935775036528e-02
3.642533115449635150e-02
3.792690190732250083e-02
3.949037229576698310e-02
4.111829402435832753e-02
4.281332398719391724e-02
4.457822860419710653e-02
4.641588833612777382e-02
4.832930238571756659e-02
5.032159359259993220e-02
5.239601353002639600e-02
5.455594781168519869e-02
5.680492161728423195e-02
5.914660544591750918e-02
6.158482110660260661e-02
6.412354795576923061e-02
6.676692939187563181e-02
6.951927961775611342e-02
7.238509068173254457e-02
7.536903980898547462e-02
7.847599703514612779e-02
8.171103315457194094e-02
8.507942799627450647e-02
8.858667904100821222e-02
9.223851039358482717e-02
9.604088212505376698e-02
1.000000000000000611e-01
1.041223256048305207e-01
1.084145868935835616e-01
1.128837891684689176e-01
1.175372265130635308e-01
1.223824936968193194e-01
1.274274985703133245e-01
1.326804749714725340e-01
1.381499961638321949e-01
1.438449888287663680e-01
1.497747476345201167e-01
1.559489504058284015e-01
1.623776739188722007e-01
1.690714103473582586e-01
1.760410843865553576e-01
1.832980710832435023e-01
1.908542144006686869e-01
1.987218465488054531e-01
2.069138081114791083e-01
2.154434690031883370e-01
2.243247502898421120e-01
2.335721469090122349e-01
2.432007513267950838e-01
2.532262781698795817e-01
2.636650898730356629e-01
2.745342233838715118e-01
2.858514179684472634e-01
2.976351441631320260e-01
3.099046339199428290e-01
3.226799119945806815e-01
3.359818286283782207e-01
3.498320935775033891e-01
3.642533115449638759e-01
3.792690190732247446e-01
3.949037229576702890e-01
4.111829402435829839e-01
4.281332398719396304e-01
4.457822860419707878e-01
4.641588833612774190e-01
4.832930238571753190e-01
5.032159359259990028e-01
5.239601353002645290e-01
5.455594781168515706e-01
5.680492161728429856e-01
5.914660544591746616e-01
6.158482110660267184e-01
6.412354795576917788e-01
6.676692939187570675e-01
6.951927961775605791e-01
7.238509068173248906e-01
7.536903980898542743e-01
7.847599703514608338e-01
8.171103315457203253e-01
8.507942799627444819e-01
8.858667904100832047e-01
9.223851039358477166e-01
9.604088212505387245e-01
1.000000000000000000e+00
1.041223256048304568e+00
1.084145868935834978e+00
1.128837891684688399e+00
1.175372265130636640e+00
1.223824936968192389e+00
1.274274985703134577e+00
1.326804749714724396e+00
1.381499961638323448e+00
1.438449888287662848e+00
1.497747476345202777e+00
1.559489504058282794e+00
1.623776739188720786e+00
1.690714103473581309e+00
1.760410843865552355e+00
1.832980710832436966e+00
1.908542144006685648e+00
1.987218465488056696e+00
2.069138081114789696e+00
2.154434690031885591e+00
2.243247502898419565e+00
2.335721469090120905e+00
2.432007513267949061e+00
2.532262781698793930e+00
2.636650898730359849e+00
2.745342233838713675e+00
2.858514179684476186e+00
2.976351441631317929e+00
3.099046339199431621e+00
3.226799119945810368e+00
3.359818286283785760e+00
3.498320935775037999e+00
3.642533115449636316e+00
3.792690190732251665e+00
3.949037229576700003e+00
4.111829402435834169e+00
4.281332398719393417e+00
4.457822860419712541e+00
4.641588833612779297e+00
4.832930238571758963e+00
5.032159359259995135e+00
5.239601353002641737e+00
5.455594781168522367e+00
5.680492161728425415e+00
5.914660544591753499e+00
6.158482110660263409e+00
6.412354795576924893e+00
6.676692939187566012e+00
6.951927961775613340e+00
7.238509068173256900e+00
7.536903980898537192e+00
7.847599703514616998e+00
8.171103315457198590e+00
8.507942799627453923e+00
8.858667904100824941e+00
9.223851039358487824e+00
9.604088212505381250e+00
1.000000000000001066e+01
1.041223256048305679e+01
1.084145868935836177e+01
1.128837891684689687e+01
1.175372265130635796e+01
1.223824936968193811e+01
1.274274985703133645e+01
1.326804749714725773e+01
1.381499961638322560e+01
1.438449888287664358e+01
1.497747476345201711e+01
1.559489504058284659e+01
1.623776739188722473e+01
1.690714103473580110e+01
1.760410843865554398e+01
1.832980710832435634e+01
1.908542144006687735e+01
1.987218465488055585e+01
2.069138081114791916e+01
2.154434690031884259e+01
2.243247502898422141e+01
2.335721469090123392e+01
2.432007513267951637e+01
2.532262781698796772e+01
2.636650898730357895e+01
2.745342233838716339e+01
2.858514179684474144e+01
2.976351441631321393e+01
3.099046339199429667e+01
3.226799119945813743e+01
3.359818286283783806e+01
3.498320935775041818e+01
3.642533115449640491e+01
3.792690190732249533e+01
3.949037229576704533e+01
4.111829402435832037e+01
4.281332398719398213e+01
4.457822860419710054e+01
4.641588833612784981e+01
4.832930238571755410e+01
5.032159359260000997e+01
5.239601353002647954e+01
5.455594781168518637e+01
5.680492161728432166e+01
5.914660544591749414e+01
6.158482110660270337e+01
6.412354795576921163e+01
6.676692939187573472e+01
6.951927961775609788e+01
7.238509068173264893e+01
7.536903980898546251e+01
7.847599703514624991e+01
8.171103315457206406e+01
8.507942799627448949e+01
8.858667904100835244e+01
9.223851039358464732e+01
9.604088212505391198e+01
1.000000000000000426e+02
1.008120420908390145e+02
1.016306783052508393e+02
1.024559621902946276e+02
1.032879477278537905e+02
1.041266893381677221e+02
1.049722418833906801e+02
1.058246606711811211e+02
1.066840014583185337e+02
1.075503204543513363e+02
1.084236743252727706e+02
1.093041201972281584e+02
1.101917156602507646e+02
1.110865187720296063e+02
1.119885880617061247e+02
1.128979825337034413e+02
1.138147616715851456e+02
1.147389854419463830e+02
1.156707142983365912e+02
1.166100091852130731e+02
1.175569315419281935e+02
1.185115433067472992e+02
1.194739069209009443e+02
1.204440853326683225e+02
1.214221420014956010e+02
1.224081409021459024e+02
1.234021465288848134e+02
1.244042238996980245e+02
1.254144385605451362e+02
1.264328565896460219e+02
1.274595446018040263e+02
1.284945697527622315e+02
1.295379997435971120e+02
1.305899028251459981e+02
1.316503478024717708e+02
1.327194040393637522e+02
1.337971414628738955e+02
1.348836305678917995e+02
1.359789424217547094e+02
1.370831486688970529e+02
1.381963215355357306e+02
1.393185338343954527e+02
1.404498589694703412e+02
1.415903709408264035e+02
1.427401443494408397e+02
1.438992544020825903e+02
1.450677769162308266e+02
1.462457883250350221e+02
1.474333656823135641e+02
1.486305866675943719e+02
1.498375295911961302e+02
1.510542733993497961e+02
1.522808976793635054e+02
1.535174826648272131e+02
1.547641092408620409e+02
1.560208589494096998e+02
1.572878139945674150e+02
1.585650572479636935e+02
1.598526722541800495e+02
1.611507432362147370e+02
1.624593551009926387e+02
1.637785934449181013e+02
1.651085445594748649e+02
1.664492954368694200e+02
1.678009337757215746e+02
1.691635479868012624e+02
1.705372271988105126e+02
1.719220612642145340e+02
1.733181407651177892e+02
1.747255570191900631e+02
1.761444020856385748e+02
1.775747687712306231e+02
1.790167506363628149e+02
1.804704420011823345e+02
1.819359379517550792e+02
1.834133343462858363e+02
1.849027278213887371e+02
1.864042157984078187e+02
1.879178964897892001e+02
1.894438689055053260e+02
1.909822328595318481e+02
1.925330889763751827e+02
1.940965386976558023e+02
1.956726842887421469e+02
1.972616288454411801e+02
1.988634763007405297e+02
2.004783314316081260e+02
2.021062998658442780e+02
2.037474880889921565e+02
2.054020034513018800e+02
2.070699541747528087e+02
2.087514493601325682e+02
2.104465989941732573e+02
2.121555139567450396e+02
2.138783060281093640e+02
2.156150878962310173e+02
2.173659731641476753e+02
2.191310763574022928e+02
2.209105129315326792e+02
2.227043992796249938e+02
2.245128527399254494e+02
2.263359916035169590e+02
2.281739351220550702e+02
2.300268035155697817e+02
2.318947179803276697e+02
2.337778006967600390e+02
2.356761748374551644e+02
2.375899645752145375e+02
2.395192950911746834e+02
2.414642925829956255e+02
2.434250842731161129e+02
2.454017984170738487e+02
2.473945643118962892e+02
2.494035123045563580e+02
2.514287738005000961e+02
2.534704812722402494e+02
2.555287682680229580e+02
2.576037694205614343e+02
2.596956204558441641e+02
2.618044582020110624e+02
2.639304205983040674e+02
2.660736467040904358e+02
2.682342767079578039e+02
2.704124519368838833e+02
2.726083148654808497e+02
2.748220091253153896e+02
2.770536795143020186e+02
2.793034720061762641e+02
2.815715337600408361e+02
2.838580131299932532e+02
2.861630596748277640e+02
2.884868241678199752e+02
2.908294586065870249e+02
2.931911162230316563e+02
2.955719514933632581e+02
2.979721201482032598e+02
3.003917791827716997e+02
3.028310868671558183e+02
3.052902027566622678e+02
3.077692877022537346e+02
3.102685038610713377e+02
3.127880147070392809e+02
3.153279850415600549e+02
3.178885810042916660e+02
3.204699700840172341e+02
3.230723211295982651e+02
3.256958043610210325e+02
3.283405913805287923e+02
3.310068551838483017e+02
3.336947701715035350e+02
3.364045121602242148e+02
3.391362583944464291e+02
3.418901875579057901e+02
3.446664797853242703e+02
3.474653166741937866e+02
3.502868812966551673e+02
3.531313582114708538e+02
3.559989334760993529e+02
3.588897946588627974e+02
3.618041308512183036e+02
3.647421326801239729e+02
3.677039923205103378e+02
3.706899035078478164e+02
3.737000615508219425e+02
3.767346633441057406e+02
3.797939073812400466e+02
3.828779937676173404e+02
3.859871242335702277e+02
3.891215021475657636e+02
3.922813325295085178e+02
3.954668220641520975e+02
3.986781791146159435e+02
4.019156137360170078e+02
4.051793376892068750e+02
4.084695644546258109e+02
4.117865092462636198e+02
4.151303890257398166e+02
4.185014225164920276e+02
4.218998302180857536e+02
4.253258344206348056e+02
4.287796592193420224e+02
4.322615305291586196e+02
4.357716760995601248e+02
4.393103255294430483e+02
4.428777102821434255e+02
4.464740637005783128e+02
4.500996210225058576e+02
4.537546193959152561e+02
4.574392978945358550e+02
4.611538975334777888e+02
4.648986612849936364e+02
4.686738340943746834e+02
4.724796628959693976e+02
4.763163966293387830e+02
4.801842862555365059e+02
4.840835847735257289e+02
4.880145472367285038e+02
4.919774307697079507e+02
4.959724945849861797e+02
4.999999999999998295e+02
