# bin_4_4
2.578581999770330173e-05
1.975349783460428880e-05
1.480427461793279716e-05
1.084495595236173201e-05
7.758673987850956948e-06
5.416779560650209524e-06
3.689595334190951315e-06
2.452154893368828386e-06
1.590848469010260361e-06
1.007988721062654373e-06
6.239166090207232686e-07
3.769356408384998304e-07
2.216586655313363452e-07
1.260922931960380920e-07
6.870581923960364935e-08
3.536171203449806056e-08
1.702476156280420449e-08
6.647518473074957304e-09
5.522048840159424768e-10
-1.797023661150129535e-09
