# bin_4_2
3.501726032749305948e-06
2.719088598334205188e-06
2.068473742330075201e-06
1.540186728365586638e-06
1.121467735028630282e-06
7.978186947724850023e-07
5.542278801056918642e-07
3.758397320684131998e-07
2.487750235953904501e-07
1.607372070817659715e-07
1.013692587503936436e-07
6.236723584746160947e-08
3.737371884810169484e-08
2.174351823592070981e-08
1.222323114211800082e-08
6.563516308556616564e-09
3.321307889222677585e-09
1.491007812729703226e-09
4.758372632956970212e-10
1.252172678869048210e-11
