# bin_3_3
1.587198699826653447e-05
1.238222788975036071e-05
9.458672908414245004e-06
7.067081403758312225e-06
5.158539296482308251e-06
3.674661803522707612e-06
2.552671955148115303e-06
1.728557576311512787e-06
1.140958500140974002e-06
7.343133228058275960e-07
4.610367087649677637e-07
2.824520357315886182e-07
1.687403989992283322e-07
9.804568184762680752e-08
5.510556418632124571e-08
2.962852018618141126e-08
1.503947408905961703e-08
7.079910008044591820e-09
2.624380257385521045e-09
2.059043575549342336e-10
