# bin_3_1
1.172252912935848011e-06
9.260256476200536076e-07
7.184484147546566410e-07
5.469793281995729160e-07
4.082265244250524491e-07
2.983403729863147399e-07
2.132868508185111322e-07
1.490255497627511100e-07
1.016805527242375603e-07
6.768929641286574227e-08
4.392941108354529925e-08
2.778283619099905941e-08
1.709940146140434858e-08
1.024566255999202287e-08
6.007144070317528720e-09
3.306717860285616276e-09
1.696121634137991853e-09
8.538818739014211496e-10
4.042161136121701597e-10
1.610481804927715356e-10
