# bin_4_3
2.106589222836403976e-10
2.107586656256128299e-10
2.108750814993037149e-10
2.110109312746896253e-10
2.111694239348830850e-10
2.113542875655987271e-10
2.115698474191726331e-10
2.118211154239129023e-10
2.121138953967933807e-10
2.124548902041279021e-10
2.128518322790060219e-10
2.133136176441536141e-10
2.138504449120072230e-10
2.144739670949117175e-10
2.151974305777167630e-10
2.160357998284097216e-10
2.170058472935876175e-10
2.181261746871675521e-10
2.194171236919816929e-10
2.209005128512099696e-10
2.225991067129517003e-10
2.245356771751093404e-10
2.267315516957542783e-10
2.292044090203174426e-10
2.319651512327738722e-10
2.350137505031041776e-10
2.383340855704077160e-10
2.418877006495714624e-10
2.456056675426754131e-10
2.493844565422059406e-10
2.530741174032056255e-10
2.565361413734217328e-10
2.595498630850811383e-10
2.618705565710263327e-10
2.632343192894619782e-10
2.633619993526924225e-10
2.619712538333008127e-10
2.587712759848184070e-10
2.535484965276994877e-10
2.462802997103292015e-10
2.371195344707689660e-10
2.264537631171235127e-10
2.149119586941640153e-10
2.032295135701662151e-10
1.919746808694368991e-10
1.812998835756716432e-10
1.708544556704826997e-10
1.601059919931309274e-10
1.489131130450163191e-10
1.377260129910393249e-10
1.269171814566945402e-10
1.163220071420316357e-10
1.057833956540998909e-10
9.540179315510367626e-11
8.531440682358569641e-11
7.558709344394048353e-11
6.631206177068412082e-11
5.759116350340942638e-11
4.950690050644012745e-11
4.211992836421058618e-11
3.546820392879251740e-11
2.956608514543634572e-11
2.440215782450640769e-11
1.994631715876606082e-11
1.615239675102227191e-11
1.296266483366448021e-11
1.031272766147730597e-11
8.136474472357973938e-12
6.368286653618422632e-12
4.946330351359980436e-12
3.813746838985497809e-12
2.919833214814322436e-12
2.220354704769620158e-12
1.677489290683521866e-12
1.259431251380738250e-12
9.398816549501373426e-13
6.973604686982632830e-13
5.145533687274428590e-13
3.776615685380329235e-13
2.757923009978134671e-13
2.004388887709870594e-13
1.450128118274805161e-13
1.044583871087108994e-13
7.493741374546450490e-14
5.354757238211476696e-14
3.812183514804487954e-14
2.704089131234755820e-14
1.911196197530105248e-14
1.346308094083310267e-14
9.452073137478100831e-15
6.618092730107859103e-15
4.610917698853789059e-15
3.201361596218962985e-15
2.215465417926050091e-15
1.533328368640879541e-15
1.055714653822365860e-15
7.264548716984256264e-16
4.926133313634519277e-16
3.345477460040178308e-16
2.340858905862340674e-16
