# bin_1_1
1.634276174392956536e-10
1.635304320343005372e-10
1.636496850577861565e-10
1.637879044273970517e-10
1.639477272617756251e-10
1.641323999100872466e-10
1.643453333966203799e-10
1.645899577177489261e-10
1.648693245514286260e-10
1.651885880638525396e-10
1.655509375209101965e-10
1.659622414368643600e-10
1.664242114845662414e-10
1.669400069962808715e-10
1.675115019953496677e-10
1.681379448928052218e-10
1.688154597527744118e-10
1.695364382407846917e-10
1.702892001159239517e-10
1.710546702808412219e-10
1.718075298988292275e-10
1.725131927492108151e-10
1.731270170279334283e-10
1.735980850897715336e-10
1.738676334713044167e-10
1.738662963830526565e-10
1.735233423566322414e-10
1.727649504814359518e-10
1.715171920245821539e-10
1.697119395707248080e-10
1.672905566096613561e-10
1.642239729415657017e-10
1.605077147607253442e-10
1.561722070666379574e-10
1.512753405661333891e-10
1.459010221166340337e-10
1.401481591431528129e-10
1.340978553778787643e-10
1.278163791781008665e-10
1.213529332114439143e-10
1.147323850455451731e-10
1.079454577674075017e-10
1.009802168042044740e-10
9.385144278523586994e-11
8.659700518679483058e-11
7.928622842761883586e-11
7.199596014915898289e-11
6.483826376540661390e-11
5.791940679585715522e-11
5.132722802143881668e-11
4.512982581611196591e-11
3.933218634097068239e-11
3.393034427520528159e-11
2.896284343032846988e-11
2.452196035629067832e-11
2.062266923765640719e-11
1.717917893688170562e-11
1.418177597601183725e-11
1.163223277351261293e-11
9.457607169417401376e-12
7.637934544759228149e-12
6.122124030718706370e-12
4.873574132801885305e-12
3.853512117143149170e-12
3.027150774744154535e-12
2.362844833609007045e-12
1.832924055401239938e-12
1.413352669724913693e-12
1.083469054385964532e-12
8.259064374534915126e-13
6.261500181195622801e-13
4.721928874396931425e-13
3.542998715723350396e-13
2.645419132270224851e-13
1.966011431521587153e-13
1.454569285021834662e-13
1.071541302596777669e-13
7.861187614247170834e-14
5.744447941126307899e-14
4.181474071543194533e-14
3.032497184122581871e-14
2.191271844194351770e-14
1.577737184277904958e-14
1.131981862459584729e-14
8.092895354240014825e-15
5.766158391959113277e-15
4.093114353338098811e-15
2.895980336525199168e-15
2.041806827310330346e-15
1.435189276832240375e-15
1.006312498270957432e-15
7.037264270466986832e-16
4.913638360055888632e-16
3.428984778937485697e-16
2.407653308328528363e-16
1.704539798600314355e-16
1.234543276131658185e-16
9.219461265353538959e-17
7.239238553409134223e-17
6.031098857721720829e-17
