# bin_3_1
2.977763679439564991e-11
2.979340001192687759e-11
2.981176798115191220e-11
2.983317081817970790e-11
2.985809244909058909e-11
2.988708568601814104e-11
2.992080016619693631e-11
2.995994297758642835e-11
3.000531490845524787e-11
3.005785391787327543e-11
3.011864801689713822e-11
3.018889011699393806e-11
3.026983049035257147e-11
3.036285599111878779e-11
3.046949619126588958e-11
3.059131680998081814e-11
3.072990565450018139e-11
3.088683956934906217e-11
3.106353328307350784e-11
3.126105751530333596e-11
3.148003109555222333e-11
3.172038843169234534e-11
3.198115223905856557e-11
3.225995023157447009e-11
3.255249785167577669e-11
3.285265068667762633e-11
3.315173043241495322e-11
3.343791266864388679e-11
3.369703800817101290e-11
3.391362321352502993e-11
3.406840893863312235e-11
3.414026670237921055e-11
3.410778872339004933e-11
3.394991789384450720e-11
3.364718912484455470e-11
3.318218717068378003e-11
3.254535623727508606e-11
3.173842417593172603e-11
3.077507127079001417e-11
2.968077311931606148e-11
2.848978863856789455e-11
2.723619398382061013e-11
2.593534481933668208e-11
2.458664097088603630e-11
2.317242638850405467e-11
2.167804033935188269e-11
2.012005403933852522e-11
1.854522527736758219e-11
1.699596824719497897e-11
1.549899423916880417e-11
1.406484075447353059e-11
1.267124483554542068e-11
1.129944540823665302e-11
9.956510038460866381e-12
8.701299381943506870e-12
7.569529531356332180e-12
6.518489274611072450e-12
5.548882727698957899e-12
4.697615170080601369e-12
3.933726042173113831e-12
3.270310432763158580e-12
2.693803430706214630e-12
2.201262630169011009e-12
1.784240578532492989e-12
1.434951764325245781e-12
1.145109796297887778e-12
9.070087689926027089e-13
7.132272803249362409e-13
5.568814141410788305e-13
4.318561663298326003e-13
3.326981845588559343e-13
2.546563703226904393e-13
1.937409002839625669e-13
1.465196100229577181e-13
1.101850103106409266e-13
8.241732834184991233e-14
6.132982444648351752e-14
4.541608267615100457e-14
3.347627604908805120e-14
2.456541636575908671e-14
1.795083380746914011e-14
1.306381891922497132e-14
9.469837350781708058e-15
6.838536729307167807e-15
4.919650180235140648e-15
3.525985202601289746e-15
2.517851069962696627e-15
1.791489766176583171e-15
1.270021130459202116e-15
8.967765502817532881e-16
6.309095114207544846e-16
4.421482241198437491e-16
3.092962682777740553e-16
2.155790871526558769e-16
1.496977818959885337e-16
1.036215231817698252e-16
7.167064027213151945e-17
4.974877634543334115e-17
3.439874355782592767e-17
2.441566778427722060e-17
