# bin_4_1
1.922262044975822879e-11
1.923350797369225749e-11
1.924618482312554920e-11
1.926092761689052307e-11
1.927805719603232151e-11
1.929794594791260232e-11
1.932099509352659778e-11
1.934770520891769183e-11
1.937860031745093085e-11
1.941425072782093268e-11
1.945536153728640453e-11
1.950261165739466912e-11
1.955681998290495339e-11
1.961882316204757220e-11
1.968950064688220727e-11
1.976974750797895795e-11
1.986045897087504152e-11
1.996246355498555343e-11
2.007646836439561669e-11
2.020294965888637573e-11
2.034204289275732700e-11
2.049349585524741600e-11
2.065643339630276985e-11
2.082912994858058805e-11
2.100891142293611127e-11
2.119180695605809411e-11
2.137262461886421505e-11
2.154466921167966228e-11
2.169972909896524426e-11
2.182839142561170174e-11
2.191927374023054410e-11
2.196007790430085518e-11
2.193814783453742491e-11
2.184140678001099965e-11
2.165872718149451056e-11
2.138112645530328489e-11
2.100383353669724888e-11
2.052692421010420257e-11
1.995580838125346547e-11
1.929986744087466301e-11
1.857098281020672587e-11
1.777856856684534073e-11
1.692493023733863636e-11
1.601214569810453433e-11
1.504330652897857927e-11
1.403122939536040315e-11
1.300117115916631419e-11
1.198255483408064743e-11
1.099344185667584546e-11
1.003595440739058006e-11
9.105464110548832607e-12
8.196833392035997822e-12
7.313075600922257976e-12
6.464396613255775563e-12
5.675458557351762880e-12
4.955013843569412805e-12
4.283670694139468640e-12
3.669673130740903900e-12
3.122902621231468782e-12
2.631948912276592256e-12
2.201358080358844283e-12
1.825257213568860579e-12
1.501063114770371924e-12
1.224415808589959606e-12
9.907684855983091094e-13
7.954027259410734282e-13
6.336522288739987210e-13
5.010232833228501891e-13
3.932754758477273766e-13
3.065221591090652449e-13
2.372819904701825892e-13
1.824717009025847603e-13
1.394368124064019563e-13
1.059039107793284094e-13
7.996662582464140896e-14
6.004520666474147878e-14
4.484562739386796748e-14
3.332178177339484373e-14
2.463755898114012856e-14
1.813011532437917091e-14
1.328057089236226075e-14
9.685200541551957990e-15
7.032902224118085800e-15
5.085652375485305337e-15
3.662510048800880561e-15
2.627157299061617974e-15
1.877163393622246242e-15
1.336205035732058956e-15
9.475350021158465539e-16
6.693393704398471086e-16
4.711943961792542322e-16
3.305457890759583476e-16
2.312990180798246090e-16
1.611860187215999120e-16
1.120224438180617827e-16
7.759334913818470375e-17
5.379202685247312141e-17
3.728173555033744062e-17
2.593287164598445996e-17
1.828060122980360870e-17
