# bin_4_2
6.558730280066564476e-11
6.561957495881215266e-11
6.565723074034522074e-11
6.570115557887323665e-11
6.575237727602558341e-11
6.581208944922299894e-11
6.588166827472340879e-11
6.596271562168379149e-11
6.605706979335370480e-11
6.616684528775353998e-11
6.629448172402991691e-11
6.644275488466081704e-11
6.661483970105500621e-11
6.681432986918723305e-11
6.704527118739791732e-11
6.731218122242344826e-11
6.762004882914887276e-11
6.797429986764034830e-11
6.838071788754875222e-11
6.884529312901240390e-11
6.937397898350566138e-11
6.997232571084908132e-11
7.064492052386584869e-11
7.139460683117382188e-11
7.222148146053552580e-11
7.312163456115294436e-11
7.408569602113378910e-11
7.509749119557085213e-11
7.613259134834661903e-11
7.715907820118688725e-11
7.813218194168182684e-11
7.899954681263462359e-11
7.970022946325044634e-11
8.016512559320780998e-11
8.031947193881755287e-11
8.008855834046478660e-11
7.940563218434647856e-11
7.821967119506786446e-11
7.650251760715273423e-11
7.426127075025350734e-11
7.155147254605940175e-11
6.846576460677953504e-11
6.511945591689327997e-11
6.163726958120660565e-11
5.812717751653716251e-11
5.465906993090199226e-11
5.125293506997684183e-11
4.787590323836356469e-11
4.446946276471820336e-11
4.102573419686641923e-11
3.761383792166345513e-11
3.429212166603886450e-11
3.105555344597922777e-11
2.788420378469286933e-11
2.482401565379844669e-11
2.191623751568106936e-11
1.916382808522635519e-11
1.659545482555751195e-11
1.423483724686970096e-11
1.208876009023808165e-11
1.016700792412850659e-11
8.467850232725676120e-12
6.985889582553402581e-12
5.709852369386321110e-12
4.624816555046360836e-12
3.713292746861147041e-12
2.956283416795525042e-12
2.334484169561866611e-12
1.829074530564612191e-12
1.422325173339705835e-12
1.098062933763490623e-12
8.418585800919150309e-13
6.411434122174523727e-13
4.851662157992544799e-13
3.648831764938315613e-13
2.728034362471607200e-13
2.028061101225536712e-13
1.499490602961488597e-13
1.102898282435474211e-13
8.071418180923660399e-14
5.878701570653578091e-14
4.262096874714777227e-14
3.076543586804021154e-14
2.211483006277366458e-14
1.583294848646158464e-14
1.129194438311149010e-14
8.023712406768570866e-15
5.681006995436057202e-15
4.008136586332399784e-15
2.817907561691955689e-15
1.974598356100586864e-15
1.378968157505649958e-15
9.596573788734367899e-16
6.654192861797302463e-16
4.601800555747337881e-16
3.172163914919754054e-16
2.183747969274387996e-16
1.496403082774539230e-16
1.018299140553901798e-16
6.982756926183791449e-17
