# bin_3_2
9.551496114565655642e-11
9.556058913841076337e-11
9.561383410376826639e-11
9.567595881418871255e-11
9.574842541106160961e-11
9.583292526413413263e-11
9.593141752498552613e-11
9.604614886359393666e-11
9.617970472336782495e-11
9.633508125855847209e-11
9.651575315043834674e-11
9.672568304968965139e-11
9.696928890048924064e-11
9.725159186836192312e-11
9.757828065095959583e-11
9.795560749595868415e-11
9.839041154428305336e-11
9.889005853366945498e-11
9.946223092967359560e-11
1.001146367967433691e-10
1.008545708879058098e-10
1.016882313553064040e-10
1.026197816278211537e-10
1.036499745201300285e-10
1.047744206022859036e-10
1.059818597494219764e-10
1.072516334796834303e-10
1.085509775458934810e-10
1.098332246922691578e-10
1.110458756868528569e-10
1.121203750071948554e-10
1.129736818229962393e-10
1.135115670824841346e-10
1.136346737589177286e-10
1.132417872539153729e-10
1.122320081278617976e-10
1.105200186234602391e-10
1.080651417497915989e-10
1.048865289937883959e-10
1.010723603539693493e-10
9.678360589013839623e-11
9.223201283397755489e-11
8.761581763451471164e-11
8.305289623478396407e-11
7.853203945347829322e-11
7.395103958997748516e-11
6.923896166047892897e-11
6.443649189384273258e-11
5.963169047902821388e-11
5.488317516361416628e-11
5.021421869533922108e-11
4.559220446786239552e-11
4.102613669272433463e-11
3.657217647023927160e-11
3.229673423200250259e-11
2.826212032430775295e-11
2.448007933895012522e-11
2.098135526092343077e-11
1.781070129344308991e-11
1.496296652792719026e-11
1.244938678146190938e-11
1.025704985094442712e-11
8.371983285754202113e-12
6.771316163610427445e-12
5.428742206206568989e-12
4.315524258195866869e-12
3.402683900211965059e-12
2.661983827234310679e-12
2.066863048867102726e-12
1.593221726334277403e-12
1.219608820557116215e-12
9.273748594194819542e-13
7.006584606503819293e-13
5.261081844197201878e-13
3.927162797938355620e-13
2.914954171134126576e-13
2.151998850656700285e-13
1.580614563421776950e-13
1.155299049338303717e-13
8.405230141128733860e-14
6.088245214255340264e-14
4.391472218916713583e-14
3.154885481882495362e-14
2.257840682808380142e-14
1.609885481242618747e-14
1.143709870629210431e-14
8.096801036787707863e-15
5.712591835216419717e-15
4.017542119701099630e-15
2.815079579806826165e-15
1.964964456239099195e-15
1.366251177633107902e-15
9.479443266554050727e-16
6.562501204684304790e-16
4.526943103095477165e-16
3.106866669254071118e-16
2.122134688103879113e-16
1.458285476795025974e-16
9.919946816791329301e-17
6.786084793709794465e-17
