# bin_2_2
1.573612807756530270e-10
1.574431822593455654e-10
1.575388111281710655e-10
1.576504999299126999e-10
1.577809362614899582e-10
1.579332245128090868e-10
1.581108915648474298e-10
1.583178756368158742e-10
1.585586292159306359e-10
1.588385327416244914e-10
1.591641250272363105e-10
1.595428746926364974e-10
1.599821651728161526e-10
1.604906425759394444e-10
1.610786089513661156e-10
1.617566170313601725e-10
1.625359021723969391e-10
1.634283353626777530e-10
1.644455562385742739e-10
1.655984257842331277e-10
1.668960018030472033e-10
1.683438595610999468e-10
1.699422996503773216e-10
1.716842946885151622e-10
1.735522088100713309e-10
1.755154512164221358e-10
1.775302527682429825e-10
1.795382506254842967e-10
1.814658928293534624e-10
1.832225605282686291e-10
1.846975207226247335e-10
1.857695720626599205e-10
1.863074615806742522e-10
1.861781302840094293e-10
1.852572129124819669e-10
1.834479519333389402e-10
1.807199878737765716e-10
1.771025353387482815e-10
1.726963238458542269e-10
1.676451422139458559e-10
1.620857272824594589e-10
1.560927603784389731e-10
1.495726740156883456e-10
1.424205258320736156e-10
1.345615210296694605e-10
1.260176812389196368e-10
1.169689455281336402e-10
1.077244941174832348e-10
9.861170259787554477e-11
8.989058197524866146e-11
8.166323090265298117e-11
7.374144585305546443e-11
6.583325646807532265e-11
5.792521215979845614e-11
5.058941271942836279e-11
4.415525344052181968e-11
3.814762636308584240e-11
3.252882465437283354e-11
2.768029174987738379e-11
2.327480687385360287e-11
1.946358073584272362e-11
1.612624880347694666e-11
1.326459835391820401e-11
1.082639857217270876e-11
8.770753464820562254e-12
7.051599627794738902e-12
5.627861187279241420e-12
4.459561115023857164e-12
3.508667802883836135e-12
2.741682946289513112e-12
2.128172622824183904e-12
1.641035063588399060e-12
1.257684059886358339e-12
9.580164027339443422e-13
7.255693667467320803e-13
5.465387933838612267e-13
4.095105007670988705e-13
3.053156815954142322e-13
2.265598098003514140e-13
1.673459494671143595e-13
1.230788040121520979e-13
9.014045589268059961e-14
6.574872175763606832e-14
4.776760817908850544e-14
3.456653639718845247e-14
2.491717792268017969e-14
1.789112684328506832e-14
1.279665048102428549e-14
9.116099553059114282e-15
6.467819823024126958e-15
4.572782649176663943e-15
3.220374557695557705e-15
2.260638482309910816e-15
1.580591419036187153e-15
1.101311383189903324e-15
7.649486393652569603e-16
5.299667725646781145e-16
3.657518797066182747e-16
2.517193097751021181e-16
1.783598359122491128e-16
