# bin_2_1
1.007868500784606782e-10
1.008385948693559673e-10
1.008988937347660261e-10
1.009691866198153736e-10
1.010510568521323912e-10
1.011464084625187781e-10
1.012572774904270935e-10
1.013858347825843176e-10
1.015343848846716633e-10
1.017059998141978457e-10
1.019041238596333769e-10
1.021329731174553342e-10
1.023956610987570538e-10
1.026960414653709988e-10
1.030386436305216391e-10
1.034272480646233040e-10
1.038650398883615383e-10
1.043545826775166810e-10
1.048968387520281177e-10
1.054906122364386375e-10
1.061318430089685349e-10
1.068118584023435746e-10
1.075163553808214074e-10
1.082251178969006706e-10
1.089100904087457054e-10
1.095340155235271266e-10
1.100532855141703896e-10
1.104151467704537886e-10
1.105601037652915201e-10
1.104215958841358120e-10
1.099306030495446495e-10
1.090230076946442929e-10
1.076415462504044543e-10
1.057451626923963741e-10
1.033179561646378620e-10
1.003775480158628683e-10
9.697968016205891876e-11
9.321262430860129539e-11
8.918832427476761457e-11
8.501813521381045597e-11
8.077954013741177058e-11
7.649885603850428125e-11
7.216146821424530430e-11
6.774093451693923399e-11
6.323402073563417378e-11
5.866273255671322644e-11
5.406837608723473235e-11
4.949843381543930445e-11
4.497948846820002501e-11
4.053657692497554361e-11
3.620508257333178282e-11
3.202558103523007456e-11
2.805203288184236777e-11
2.433258107063550703e-11
2.090350725694395878e-11
1.777573656376199931e-11
1.496180570892063357e-11
1.247576656806231494e-11
1.030079881461874520e-11
8.426627920624776405e-12
6.830500442417225917e-12
5.488695351404205298e-12
4.372941561885252776e-12
3.455626179618966950e-12
2.709259633725649083e-12
2.108082711456157430e-12
1.628382669068448077e-12
1.249048476894823944e-12
9.516615498143475229e-13
7.204043582367275150e-13
5.419724197524149123e-13
4.053322211673162098e-13
3.014241398034005940e-13
2.229500546091491287e-13
1.640605021415035293e-13
1.201361217775737233e-13
8.756404560466696287e-14
6.354017382276848223e-14
4.591218345526723046e-14
3.304035204346002931e-14
2.368438296805249921e-14
1.691395585678199811e-14
1.203464116706767389e-14
8.532326614294199209e-15
6.028123823404777237e-15
4.244513703336996155e-15
2.978326239055859623e-15
2.082566290946297538e-15
1.450860172744612988e-15
1.007620377895289249e-15
6.980766400654205396e-16
4.823182943732401770e-16
3.323623093186998050e-16
2.281513234663165741e-16
1.567306392213360764e-16
1.077106458976942005e-16
7.498562460022714522e-17
5.264660464892448976e-17
3.889673042480599593e-17
3.099478164316023366e-17
