# bin_4_4
3.949048189220515374e-10
3.950971730877820102e-10
3.953217068119228791e-10
3.955837582111972051e-10
3.958895385468403084e-10
3.962462655300457148e-10
3.966623214604347777e-10
3.971474365723765813e-10
3.977128874959408748e-10
3.983717264611846933e-10
3.991390428067523860e-10
4.000322382234945079e-10
4.010713377826367109e-10
4.022793167643908559e-10
4.036824272040366423e-10
4.053105217152020752e-10
4.071973372710271309e-10
4.093806966248559315e-10
4.119025639457409335e-10
4.148088468904289679e-10
4.181488170523471756e-10
4.219739104581856678e-10
4.263356227569188226e-10
4.312822392002563834e-10
4.368538255818103830e-10
4.430751163534088661e-10
4.499462587299121141e-10
4.574312887877583327e-10
4.654444785872243161e-10
4.738368938858969154e-10
4.823570281721602662e-10
4.907207061250449126e-10
4.985788295057189572e-10
5.054638188679213246e-10
5.108431620660993501e-10
5.141469848653141496e-10
5.147746868016667440e-10
5.121125706089116113e-10
5.055042902331872236e-10
4.945373681497302487e-10
4.791887952334042973e-10
4.598380177145396265e-10
4.374080411123670498e-10
4.133808332516840552e-10
3.894233405990333172e-10
3.667670313629741576e-10
3.455945362531869835e-10
3.248834820474375678e-10
3.033548993719502495e-10
2.809676097428568609e-10
2.589556340913743028e-10
2.379899739696404244e-10
2.175402668240135360e-10
1.972141865670442098e-10
1.773512684530194166e-10
1.582127576948146256e-10
1.397964482351069244e-10
1.223452997997196411e-10
1.060079066123302556e-10
9.092090628908075472e-11
7.718642840037684559e-11
6.486344958478744779e-11
5.396332206405450653e-11
4.445494595060800300e-11
3.627320359949226199e-11
2.932496221244439952e-11
2.349674844436371564e-11
1.866600493795509782e-11
1.470673889635101366e-11
1.149618585167796267e-11
8.918840653294440219e-12
6.869341282610962950e-12
5.254134686896672544e-12
3.991978539114544357e-12
3.013583957236654644e-12
2.260956164926865014e-12
1.686214884123335583e-12
1.250375528572455550e-12
9.220855015660853313e-13
6.764029238015834123e-13
4.936794171945581867e-13
3.585916350852741266e-13
2.592768353856701358e-13
1.866536366085088432e-13
1.338174823233101267e-13
9.556005209257974595e-14
6.798849703339631442e-14
4.819205921477697022e-14
3.403836160605624697e-14
2.396029654026439451e-14
1.681664470247262080e-14
1.176088250062541273e-14
8.189463714256268721e-15
5.681653089925386945e-15
3.929752342886235351e-15
2.720504785799088346e-15
1.872592462042787140e-15
1.282416493245556269e-15
8.671454062420040451e-16
5.991926790917834445e-16
