# bin_3_3
2.982177272130551705e-10
2.983576544080849481e-10
2.985209607105884764e-10
2.987115150222921788e-10
2.989338107735941312e-10
2.991930650917437729e-10
2.994953281599983833e-10
2.998476037765503313e-10
3.002579913738392009e-10
3.007358418331137820e-10
3.012919280145425870e-10
3.019386214578120978e-10
3.026900653163594606e-10
3.035623779651685611e-10
3.045738232216381383e-10
3.057449401006589924e-10
3.070986142933028318e-10
3.086600342041223295e-10
3.104564553341405475e-10
3.125166702677287157e-10
3.148700395125067326e-10
3.175449266481344058e-10
3.205663149172137318e-10
3.239522524209909727e-10
3.277090403256482505e-10
3.318251550701104402e-10
3.362637974815847838e-10
3.409536965095022703e-10
3.457746507712434230e-10
3.505579330695763761e-10
3.551124963754717252e-10
3.592066235059384189e-10
3.625209439568992189e-10
3.647188523576160199e-10
3.654412170518400342e-10
3.643153572923667971e-10
3.609573411733807236e-10
3.550165084339630986e-10
3.463523999231465337e-10
3.350607117387571063e-10
3.215081949897737551e-10
3.063962436440559362e-10
2.906608671617221049e-10
2.751732359636818842e-10
2.603675512862187509e-10
2.460203838027136589e-10
2.314694021898319862e-10
2.163208821838227846e-10
2.008782969103279617e-10
1.856905164019901011e-10
1.708502057404194399e-10
1.561359694728392464e-10
1.414930555097049777e-10
1.271227459191483860e-10
1.131976630330400839e-10
9.981465361803366206e-11
8.713664502209368825e-11
7.528389480034975216e-11
6.437499517355058437e-11
5.447701273265223077e-11
4.563089389811207403e-11
3.783746688572553497e-11
3.106798895109604640e-11
2.526758128428532935e-11
2.036198697549897613e-11
1.626385465097080093e-11
1.288020400673767030e-11
1.011751005571449507e-11
7.885281896157569943e-12
6.099544629261974519e-12
4.684315828853953613e-12
3.572610568703010836e-12
2.706675890895985545e-12
2.037545060030242168e-12
1.524425858942583995e-12
1.133817017208611538e-12
8.385401025497047075e-13
6.168248911574051148e-13
4.514110966909647529e-13
3.287502066409034296e-13
2.383179562311323858e-13
1.720030232356803783e-13
1.236237806834632150e-13
8.849906929684965745e-14
6.311433822470462788e-14
4.484797253316347428e-14
3.175147837265239735e-14
2.240297621887341997e-14
1.575519919373650146e-14
1.104586420813969798e-14
7.716077045980247518e-15
5.364938624650224808e-15
3.717623831900030606e-15
2.572386938576620931e-15
1.778799610061805382e-15
1.220690782873097661e-15
8.365008350600180484e-16
5.665539882630778523e-16
3.904839755103704846e-16
2.658031169003274946e-16
